+0.0000000E+00	+1.9785812E-12	+0.0000000E+00
+4.0000000E-01	+3.6895743E-13	-1.8666480E-12
+8.0000000E-01	-1.5610749E-12	-6.3101374E-13
+1.2000000E+00	-7.1555981E-13	+1.1418858E-12
+1.6000000E+00	+7.1092883E-13	+6.1130954E-13
+2.0000000E+00	+3.6763634E-13	-3.5715923E-13
+2.4000000E+00	-1.2849104E-13	-7.3873568E-14
+2.8000000E+00	+1.7522364E-13	+2.1149076E-14
+3.2000000E+00	-9.5589745E-15	-3.1399479E-13
+3.6000000E+00	-3.2634311E-13	+2.2257531E-14
+4.0000000E+00	+5.8910115E-14	+2.4407466E-13
+4.4000000E+00	+1.2494124E-13	-1.2523116E-13
+4.8000000E+00	-1.9176112E-13	-2.1738559E-14
+5.2000000E+00	+4.1822192E-14	+2.1509279E-13
+5.6000000E+00	+1.6806833E-13	-7.6210734E-14
+6.0000000E+00	-1.0999173E-13	-6.2201716E-14
+6.4000000E+00	+5.1358422E-14	+1.6225661E-13
+6.8000000E+00	+2.2048053E-13	-1.0512179E-13
+7.2000000E+00	-5.2099007E-14	-2.3881976E-13
+7.6000000E+00	-1.6107455E-13	-1.0340145E-13
+8.0000000E+00	-2.9947939E-13	-4.1907221E-14
+8.4000000E+00	-3.4087999E-13	+4.4175777E-13
+8.8000000E+00	+4.5018070E-13	+6.4320323E-13
+9.2000000E+00	+8.2276081E-13	-3.0468434E-13
+9.6000000E+00	-6.4849014E-14	-7.7528431E-13
+1.0000000E+01	-4.7430710E-13	-1.5029543E-13
+1.0400000E+01	-2.1664642E-13	-9.9760702E-16
+1.0800000E+01	-4.8431770E-13	+6.9522199E-14
+1.1200000E+01	-2.5348542E-13	+7.8433847E-13
+1.1600000E+01	+7.6619995E-13	+6.1531678E-13
+1.2000000E+01	+8.3157464E-13	-4.1634857E-13
+1.2400000E+01	+1.4042679E-13	-7.5195109E-13
+1.2800000E+01	-3.3523349E-13	-6.8325342E-13
+1.3200000E+01	-9.8202154E-13	-3.1757341E-13
+1.3600000E+01	-9.9065044E-13	+8.9335889E-13
+1.4000000E+01	+4.2462764E-13	+1.4336772E-12
+1.4400000E+01	+1.4634199E-12	+2.6274194E-13
+1.4800000E+01	+9.1393787E-13	-1.0440555E-12
+1.5200000E+01	-3.1107529E-13	-1.2815468E-12
+1.5600000E+01	-1.2251274E-12	-4.7360500E-13
+1.6000000E+01	-1.0191489E-12	+7.6834942E-13
+1.6400000E+01	+8.9977169E-14	+1.1175682E-12
+1.6800000E+01	+7.2505221E-13	+5.4758388E-13
+1.7200000E+01	+9.0273321E-13	+1.9735450E-14
+1.7600000E+01	+8.4754226E-13	-8.4944431E-13
+1.8000000E+01	-4.2430750E-13	-1.4596443E-12
+1.8400000E+01	-1.6381038E-12	-1.9200071E-13
+1.8800000E+01	-7.4965020E-13	+1.3225373E-12
+1.9200000E+01	+6.2537928E-13	+1.0293854E-12
+1.9600000E+01	+9.2671980E-13	+2.1719811E-13
+2.0000000E+01	+9.3652767E-13	-4.8829376E-13
+2.0400000E+01	+1.1125380E-13	-1.3279427E-12
+2.0800000E+01	-1.3164693E-12	-6.3948670E-13
+2.1200000E+01	-8.9363485E-13	+9.7054944E-13
+2.1600000E+01	+4.6429674E-13	+7.7134478E-13
+2.2000000E+01	+3.0027965E-13	-7.8376911E-15
+2.2400000E+01	+2.2558516E-13	+3.7992446E-13
+2.2800000E+01	+1.0716790E-12	-1.5013900E-13
+2.3200000E+01	+2.1790503E-13	-1.5865920E-12
+2.3600000E+01	-1.8019068E-12	-7.7991297E-13
+2.4000000E+01	-1.3964009E-12	+1.6900581E-12
+2.4400000E+01	+1.3167463E-12	+1.9334361E-12
+2.4800000E+01	+2.2995605E-12	-8.1323079E-13
+2.5200000E+01	-3.3434334E-13	-2.4651180E-12
+2.5600000E+01	-2.4623287E-12	+1.4686340E-14
+2.6000000E+01	-6.6688120E-14	+2.3689599E-12
+2.6400000E+01	+2.2808268E-12	-9.3981192E-14
+2.6800000E+01	-4.2495262E-13	-2.2796379E-12
+2.7200000E+01	-2.4037453E-12	+7.9894556E-13
+2.7600000E+01	+1.0698302E-12	+2.6299300E-12
+2.8000000E+01	+2.8732313E-12	-1.1177870E-12
+2.8400000E+01	-8.9056669E-13	-3.0079278E-12
+2.8800000E+01	-2.9063030E-12	+4.2726749E-13
+2.9200000E+01	-1.4557123E-13	+2.4847475E-12
+2.9600000E+01	+1.7420639E-12	+6.4786264E-13
+3.0000000E+01	+9.0202214E-13	-7.7513014E-13
+3.0400000E+01	+2.3693738E-13	-7.9462216E-13
+3.0800000E+01	-3.2328157E-13	-1.0789400E-12
+3.1200000E+01	-1.5641736E-12	-3.8870478E-13
+3.1600000E+01	-1.1184999E-12	+1.5978746E-12
+3.2000000E+01	+1.2181028E-12	+1.6066435E-12
+3.2400000E+01	+1.6404618E-12	-5.9742908E-13
+3.2800000E+01	+6.8679526E-16	-1.1331102E-12
+3.3200000E+01	-1.7135073E-13	-3.0310114E-13
+3.3600000E+01	-1.2433422E-13	-9.8888322E-13
+3.4000000E+01	-1.9863562E-12	-5.5092218E-13
+3.4400000E+01	-1.5324339E-12	+2.4660004E-12
+3.4800000E+01	+2.2067543E-12	+2.4587496E-12
+3.5200000E+01	+2.9031241E-12	-1.2217710E-12
+3.5600000E+01	+2.1218525E-13	-2.5259458E-12
+3.6000000E+01	-1.2242700E-12	-1.6211526E-12
+3.6400000E+01	-2.4882237E-12	-7.8144621E-13
+3.6800000E+01	-2.9714252E-12	+2.4500126E-12
+3.7200000E+01	+1.4626877E-12	+4.6742536E-12
+3.7600000E+01	+5.3019575E-12	+1.3674995E-13
+3.8000000E+01	+1.7178552E-12	-4.5920855E-12
+3.8400000E+01	-2.7580301E-12	-2.5808167E-12
+3.8800000E+01	-2.2439239E-12	+4.7000141E-13
+3.9200000E+01	-1.3518570E-12	+6.8116076E-13
+3.9600000E+01	-1.5998097E-12	+1.8733637E-12
+4.0000000E+01	+6.8841671E-13	+3.6960870E-12
+4.0400000E+01	+4.6349023E-12	+1.9750531E-12
+4.0800000E+01	+5.2874863E-12	-3.7707856E-12
+4.1200000E+01	-1.0932967E-12	-8.1004047E-12
+4.1600000E+01	-9.3850965E-12	-2.6964005E-12
+4.2000000E+01	-6.3973675E-12	+8.6563004E-12
+4.2400000E+01	+6.2004663E-12	+8.7473943E-12
+4.2800000E+01	+8.9226209E-12	-2.9970015E-12
+4.3200000E+01	-3.4469368E-13	-6.8919469E-12
+4.3600000E+01	-3.4661029E-12	-6.6618640E-13
+4.4000000E+01	+3.8049061E-13	+1.1078671E-15
+4.4400000E+01	-2.1382668E-12	-3.0261727E-12
+4.4800000E+01	-6.1014815E-12	+2.1402721E-12
+4.5200000E+01	+9.6536423E-14	+8.2010153E-12
+4.5600000E+01	+8.2785407E-12	+3.0158739E-12
+4.6000000E+01	+5.7262008E-12	-6.1118207E-12
+4.6400000E+01	-2.4328764E-12	-6.6814035E-12
+4.6800000E+01	-5.2245943E-12	-1.3436467E-12
+4.7200000E+01	-3.6910636E-12	+1.6952910E-12
+4.7600000E+01	-2.6809471E-12	+3.6068440E-12
+4.8000000E+01	+1.0479539E-12	+6.2745255E-12
+4.8400000E+01	+7.7093997E-12	+3.0210681E-12
+4.8800000E+01	+6.9935752E-12	-6.4248333E-12
+4.9200000E+01	-2.9087364E-12	-9.2537452E-12
+4.9600000E+01	-8.8194210E-12	-1.4936916E-12
+5.0000000E+01	-5.1165500E-12	+5.7333907E-12
+5.0400000E+01	+1.0459436E-12	+6.6345174E-12
+5.0800000E+01	+5.5800402E-12	+3.6008388E-12
+5.1200000E+01	+6.6159768E-12	-2.5103294E-12
+5.1600000E+01	+1.2367131E-12	-7.0705743E-12
+5.2000000E+01	-5.0361449E-12	-4.0921900E-12
+5.2400000E+01	-4.8865299E-12	+1.5236106E-12
+5.2800000E+01	-1.9427561E-12	+3.3090427E-12
+5.3200000E+01	+1.9267886E-14	+3.9398610E-12
+5.3600000E+01	+3.7037861E-12	+3.6259399E-12
+5.4000000E+01	+6.1146882E-12	-1.4155183E-12
+5.4400000E+01	+1.8895883E-12	-6.3752192E-12
+5.4800000E+01	-4.1925453E-12	-4.7445905E-12
+5.5200000E+01	-5.8355138E-12	+2.8929293E-13
+5.5600000E+01	-3.9544967E-12	+4.5195581E-12
+5.6000000E+01	+1.0793155E-12	+7.0297879E-12
+5.6400000E+01	+7.8703377E-12	+3.3801894E-12
+5.6800000E+01	+7.3476636E-12	-6.2503060E-12
+5.7200000E+01	-2.8596924E-12	-9.4732178E-12
+5.7600000E+01	-9.0712640E-12	-9.6630558E-13
+5.8000000E+01	-3.7567687E-12	+6.3702418E-12
+5.8400000E+01	+2.4194007E-12	+4.4574155E-12
+5.8800000E+01	+2.8167033E-12	+1.3060239E-12
+5.9200000E+01	+3.4465680E-12	+5.3686615E-13
+5.9600000E+01	+4.3486096E-12	-3.2402422E-12
+6.0000000E+01	-7.6542282E-13	-7.2181617E-12
+6.0400000E+01	-8.1178414E-12	-3.1370085E-12
+6.0800000E+01	-7.2177922E-12	+6.7510146E-12
+6.1200000E+01	+3.6211205E-12	+1.0299776E-11
+6.1600000E+01	+1.1692222E-11	+2.0049653E-13
+6.2000000E+01	+3.5016739E-12	-1.1382403E-11
+6.2400000E+01	-9.9457733E-12	-5.3742670E-12
+6.2800000E+01	-5.5033970E-12	+8.2334902E-12
+6.3200000E+01	+6.9834593E-12	+4.2019604E-12
+6.3600000E+01	+2.2018056E-12	-6.5228003E-12
+6.4000000E+01	-6.6791522E-12	-3.1149346E-13
+6.4400000E+01	+9.0438621E-13	+6.9206109E-12
+6.4800000E+01	+6.6441060E-12	-1.2940803E-12
+6.5200000E+01	-1.0846393E-12	-5.4736863E-12
+6.5600000E+01	-3.4369373E-12	+6.8863258E-13
+6.6000000E+01	+4.6166474E-13	+9.5249370E-13
+6.6400000E+01	-1.3488594E-12	-5.3048921E-13
+6.6800000E+01	-7.6440092E-13	+2.8754219E-12
+6.7200000E+01	+3.2821919E-12	+8.8538045E-13
+6.7600000E+01	+6.4475310E-13	-2.5528261E-12
+6.8000000E+01	-9.4250433E-13	+3.1574798E-14
+6.8400000E+01	+1.0012895E-12	-1.1651371E-12
+6.8800000E+01	-3.4022232E-12	-1.9786773E-12
+6.9200000E+01	-2.6725947E-12	+5.4933927E-12
+6.9600000E+01	+7.2472883E-12	+2.9099878E-12
+7.0000000E+01	+2.6817381E-12	-8.4994926E-12
+7.0400000E+01	-9.0702964E-12	-2.0980675E-12
+7.0800000E+01	-1.2952584E-12	+8.7849406E-12
+7.1200000E+01	+7.5561393E-12	+3.6211215E-13
+7.1600000E+01	-6.6233110E-13	-5.4782950E-12
+7.2000000E+01	-2.8619501E-12	+1.7190059E-12
+7.2400000E+01	+2.6403642E-12	+1.6162406E-13
+7.2800000E+01	-2.1901522E-12	-3.1201879E-12
+7.3200000E+01	-2.7933005E-12	+3.9677016E-12
+7.3600000E+01	+5.2541632E-12	+1.4123336E-12
+7.4000000E+01	-9.6055049E-13	-6.3882760E-12
+7.4400000E+01	-7.7606360E-12	+3.8615053E-12
+7.4800000E+01	+6.5169401E-12	+9.5509322E-12
+7.5200000E+01	+1.1546517E-11	-8.1184788E-12
+7.5600000E+01	-8.1780359E-12	-1.3160606E-11
+7.6000000E+01	-1.3677470E-11	+6.7960425E-12
+7.6400000E+01	+4.6904158E-12	+1.2631991E-11
+7.6800000E+01	+1.0142526E-11	-2.9311344E-12
+7.7200000E+01	-2.4660222E-12	-7.0103699E-12
+7.7600000E+01	-4.4903489E-12	+3.6406738E-12
+7.8000000E+01	+5.9465091E-12	+3.7904282E-12
+7.8400000E+01	+5.5032501E-12	-8.1495857E-12
+7.8800000E+01	-8.7866319E-12	-9.2350083E-12
+7.9200000E+01	-1.3636554E-11	+6.8364822E-12
+7.9600000E+01	+2.2704182E-12	+1.6874532E-11
+8.0000000E+01	+1.7377039E-11	+3.7885733E-12
+8.0400000E+01	+9.4109455E-12	-1.4543110E-11
+8.0800000E+01	-9.0924638E-12	-1.2600267E-11
+8.1200000E+01	-1.2127904E-11	+2.8682098E-12
+8.1600000E+01	-1.8619296E-12	+8.0981305E-12
+8.2000000E+01	+1.9767627E-12	+3.3323385E-12
+8.2400000E+01	+1.0426722E-12	+3.9587049E-12
+8.2800000E+01	+7.5340746E-12	+3.9820658E-12
+8.3200000E+01	+9.5676988E-12	-7.5742045E-12
+8.3600000E+01	-4.3898910E-12	-1.3262568E-11
+8.4000000E+01	-1.3343350E-11	-3.6528576E-13
+8.4400000E+01	-4.4175674E-12	+9.5265841E-12
+8.4800000E+01	+3.0777081E-12	+5.8687795E-12
+8.5200000E+01	+4.0339421E-12	+3.7330547E-12
+8.5600000E+01	+8.5959016E-12	+2.4698419E-13
+8.6000000E+01	+4.9645041E-12	-1.0132547E-11
+8.6400000E+01	-8.4556673E-12	-7.8129024E-12
+8.6800000E+01	-7.2053540E-12	+5.0789605E-12
+8.7200000E+01	+2.2228431E-12	+2.9914179E-12
+8.7600000E+01	-3.4345915E-12	-1.8221999E-12
+8.8000000E+01	-4.6687015E-12	+9.6832138E-12
+8.8400000E+01	+1.3343863E-11	+1.0057385E-11
+8.8800000E+01	+1.6085053E-11	-1.2969858E-11
+8.9200000E+01	-8.6600968E-12	-2.0465060E-11
+8.9600000E+01	-2.1502404E-11	+1.9987500E-12
+9.0000000E+01	-4.6113085E-12	+1.8808849E-11
+9.0400000E+01	+1.3454860E-11	+8.9313483E-12
+9.0800000E+01	+9.7693721E-12	-7.5001737E-12
+9.1200000E+01	-3.1109507E-12	-7.3978602E-12
+9.1600000E+01	-3.3465915E-12	+1.6449213E-12
+9.2000000E+01	+3.0948574E-12	-3.2224241E-13
+9.2400000E+01	-1.9334330E-12	-6.1238554E-12
+9.2800000E+01	-8.6721590E-12	+9.1471736E-13
+9.3200000E+01	-1.9933960E-12	+8.8728087E-12
+9.3600000E+01	+5.8841669E-12	+5.1145444E-12
+9.4000000E+01	+6.6274312E-12	-2.8451619E-13
+9.4400000E+01	+6.1394643E-12	-5.4208824E-12
+9.4800000E+01	-1.6367028E-12	-1.1121672E-11
+9.5200000E+01	-1.2855386E-11	-3.3411493E-12
+9.5600000E+01	-7.4536845E-12	+1.0745322E-11
+9.6000000E+01	+5.6550550E-12	+8.8513879E-12
+9.6400000E+01	+6.7161187E-12	+4.5450408E-13
+9.6800000E+01	+5.3412065E-12	-1.6612182E-12
+9.7200000E+01	+4.4734125E-12	-7.4040438E-12
+9.7600000E+01	-6.3177049E-12	-9.3566169E-12
+9.8000000E+01	-1.1126874E-11	+3.1087100E-12
+9.8400000E+01	-3.5611843E-13	+9.1714488E-12
+9.8800000E+01	+4.3882827E-12	+2.2420900E-12
+9.9200000E+01	+1.5940412E-12	+1.1866727E-12
+9.9600000E+01	+5.2317532E-12	+1.2185528E-12
+1.0000000E+02	+4.6607521E-12	-6.1081474E-12
+1.0040000E+02	-3.5289301E-12	-6.7307889E-12
+1.0080000E+02	-5.8918292E-12	-1.3586102E-12
+1.0120000E+02	-6.5093144E-12	+1.8220649E-12
+1.0160000E+02	-4.3568839E-12	+9.8967318E-12
+1.0200000E+02	+1.0405390E-11	+1.0486235E-11
+1.0240000E+02	+1.4244180E-11	-8.3065539E-12
+1.0280000E+02	-5.1110402E-12	-1.4112873E-11
+1.0320000E+02	-1.0019802E-11	+2.8692165E-12
+1.0360000E+02	+3.2322110E-12	+3.3761832E-12
+1.0400000E+02	-3.5021194E-12	-6.6910474E-12
+1.0440000E+02	-1.2327295E-11	+8.3384152E-12
+1.0480000E+02	+9.7977705E-12	+1.8179168E-11
+1.0520000E+02	+2.2055429E-11	-7.9692302E-12
+1.0560000E+02	-4.2399939E-12	-2.2437754E-11
+1.0600000E+02	-1.9083616E-11	+6.4105679E-13
+1.0640000E+02	-1.0335177E-12	+1.3084408E-11
+1.0680000E+02	+6.3780560E-12	-4.9989456E-14
+1.0720000E+02	-3.4930635E-12	-9.4943096E-13
+1.0760000E+02	+1.9279328E-12	+7.9263325E-12
+1.0800000E+02	+1.1651350E-11	-2.0964149E-12
+1.0840000E+02	-4.2755259E-13	-1.3358628E-11
+1.0880000E+02	-1.2611447E-11	-1.6715505E-12
+1.0920000E+02	-2.9071338E-12	+9.9157796E-12
+1.0960000E+02	+6.3949327E-12	+2.6101716E-12
+1.1000000E+02	+9.0993249E-13	-3.2579528E-12
+1.1040000E+02	-1.3183206E-12	+1.4581749E-12
+1.1080000E+02	+3.5725158E-12	+7.6300491E-13
+1.1120000E+02	+1.2302994E-12	-4.7517725E-12
+1.1160000E+02	-4.7967871E-12	-2.1038652E-12
+1.1200000E+02	-2.8435052E-12	+3.9726741E-12
+1.1240000E+02	+2.7929093E-12	+3.1859855E-12
+1.1280000E+02	+3.1445980E-12	-1.7540416E-12
+1.1320000E+02	-1.1677755E-12	-2.8565623E-12
+1.1360000E+02	-2.4066086E-12	+1.1563194E-12
+1.1400000E+02	+1.7679285E-12	+1.7529772E-12
+1.1440000E+02	+8.0435698E-13	-3.0957635E-12
+1.1480000E+02	-5.2861056E-12	+4.0984847E-13
+1.1520000E+02	+1.6054931E-12	+8.3995635E-12
+1.1560000E+02	+1.2196608E-11	-2.2691283E-12
+1.1600000E+02	-1.8802077E-12	-1.5993241E-11
+1.1640000E+02	-1.8725723E-11	+2.4544214E-13
+1.1680000E+02	-2.2302183E-12	+1.9269135E-11
+1.1720000E+02	+1.6915363E-11	+4.5156980E-12
+1.1760000E+02	+5.2523343E-12	-1.1803107E-11
+1.1800000E+02	-5.0707124E-12	-3.3036697E-12
+1.1840000E+02	+1.6640051E-12	-1.4033591E-12
+1.1880000E+02	-5.6302942E-12	-8.8463764E-12
+1.1920000E+02	-1.6413399E-11	+6.2859243E-12
+1.1960000E+02	+3.3065577E-12	+2.2089268E-11
+1.2000000E+02	+2.4005559E-11	+1.9775432E-12
+1.2040000E+02	+7.2773223E-12	-2.1484871E-11
+1.2080000E+02	-1.5406941E-11	-1.0212181E-11
+1.2120000E+02	-9.2705258E-12	+7.9619594E-12
+1.2160000E+02	+1.8495031E-12	+4.4589968E-12
+1.2200000E+02	-2.6540327E-12	+7.7198271E-13
+1.2240000E+02	-8.4692771E-13	+9.5473564E-12
+1.2280000E+02	+1.3773264E-11	+5.7368067E-12
+1.2320000E+02	+1.1607999E-11	-1.3975263E-11
+1.2360000E+02	-1.0460208E-11	-1.5807220E-11
+1.2400000E+02	-1.6435713E-11	+5.0690068E-12
+1.2440000E+02	+3.8930813E-13	+1.3152841E-11
+1.2480000E+02	+7.3159323E-12	+1.3587775E-12
+1.2520000E+02	-7.1508379E-13	-1.3898075E-12
+1.2560000E+02	+2.1242225E-12	+5.7799809E-12
+1.2600000E+02	+1.1636613E-11	-1.7792878E-12
+1.2640000E+02	+2.1776655E-12	-1.5664388E-11
+1.2680000E+02	-1.5953221E-11	-7.8942968E-12
+1.2720000E+02	-1.2689451E-11	+1.2130186E-11
+1.2760000E+02	+5.5254548E-12	+1.4180963E-11
+1.2800000E+02	+1.1279589E-11	+1.3891660E-12
+1.2840000E+02	+6.0407215E-12	-4.6285070E-12
+1.2880000E+02	+3.6863960E-12	-6.8234980E-12
+1.2920000E+02	-3.7408440E-12	-1.1013962E-11
+1.2960000E+02	-1.5214486E-11	-1.6406862E-12
+1.3000000E+02	-6.8849868E-12	+1.5475371E-11
+1.3040000E+02	+1.2534331E-11	+9.7133189E-12
+1.3080000E+02	+8.9199105E-12	-8.2455867E-12
+1.3120000E+02	-4.7081523E-12	-4.7972350E-12
+1.3160000E+02	+1.0829577E-12	+3.3521021E-12
+1.3200000E+02	+4.3768796E-12	-6.6060249E-12
+1.3240000E+02	-1.0028188E-11	-6.7641596E-12
+1.3280000E+02	-8.8285810E-12	+1.0670153E-11
+1.3320000E+02	+9.1081681E-12	+9.0386413E-12
+1.3360000E+02	+6.7350902E-12	-6.8097215E-12
+1.3400000E+02	-5.4016198E-12	-2.4341954E-12
+1.3440000E+02	+2.4050993E-12	+5.9067010E-12
+1.3480000E+02	+8.2837705E-12	-6.0353127E-12
+1.3520000E+02	-7.2028029E-12	-1.1461382E-11
+1.3560000E+02	-1.3837044E-11	+5.7172836E-12
+1.3600000E+02	+2.5646401E-12	+1.4014400E-11
+1.3640000E+02	+1.1454294E-11	+4.8385070E-13
+1.3680000E+02	+1.6008465E-12	-6.7579937E-12
+1.3720000E+02	-1.4604860E-12	+3.3354307E-13
+1.3760000E+02	+5.2498440E-12	-2.5803888E-12
+1.3800000E+02	-3.9435982E-12	-1.1886358E-11
+1.3840000E+02	-1.8265139E-11	+2.2358850E-12
+1.3880000E+02	-1.7337853E-12	+2.2451116E-11
+1.3920000E+02	+2.3284846E-11	+6.2719977E-12
+1.3960000E+02	+9.4828760E-12	-2.0793076E-11
+1.4000000E+02	-1.6116309E-11	-1.0034749E-11
+1.4040000E+02	-7.6954885E-12	+1.0993231E-11
+1.4080000E+02	+7.0251316E-12	+3.4151276E-12
+1.4120000E+02	-1.0780840E-12	-5.0329010E-12
+1.4160000E+02	-4.7765975E-12	+3.9990747E-12
+1.4200000E+02	+4.2427169E-12	+5.1503650E-12
+1.4240000E+02	+4.7598118E-12	-1.8279529E-12
+1.4280000E+02	+2.1338946E-12	-2.6232188E-12
+1.4320000E+02	+1.3156740E-12	-5.9268439E-12
+1.4360000E+02	-7.9603650E-12	-6.0927855E-12
+1.4400000E+02	-1.0092574E-11	+7.4276942E-12
+1.4440000E+02	+4.6146248E-12	+1.1722685E-11
+1.4480000E+02	+1.0102540E-11	-7.3766857E-13
+1.4520000E+02	+2.6031595E-12	-5.4694295E-12
+1.4560000E+02	+8.6865330E-13	-4.1078749E-12
+1.4600000E+02	-3.2981460E-12	-7.0061030E-12
+1.4640000E+02	-1.1130653E-11	+6.6310703E-13
+1.4680000E+02	-2.6091564E-12	+1.2141207E-11
+1.4720000E+02	+9.9498902E-12	+5.1696007E-12
+1.4760000E+02	+6.0633484E-12	-5.3774850E-12
+1.4800000E+02	+2.6788328E-13	-5.0631370E-12
+1.4840000E+02	-2.6631326E-12	-5.7136666E-12
+1.4880000E+02	-1.0116150E-11	-2.2046765E-13
+1.4920000E+02	-2.6685909E-12	+1.3184265E-11
+1.4960000E+02	+1.5040084E-11	+4.0928034E-12
+1.5000000E+02	+4.3482019E-12	-1.5946419E-11
+1.5040000E+02	-1.6075032E-11	-3.6193400E-12
+1.5080000E+02	-2.1892257E-12	+1.5436790E-11
+1.5120000E+02	+1.3983821E-11	+2.4627831E-13
+1.5160000E+02	-2.1604214E-12	-1.1788323E-11
+1.5200000E+02	-9.1609700E-12	+5.0102547E-12
+1.5240000E+02	+8.1375256E-12	+6.6140378E-12
+1.5280000E+02	+4.6733530E-12	-1.1128653E-11
+1.5320000E+02	-1.3381965E-11	-3.6404491E-12
+1.5360000E+02	-3.4452747E-12	+1.4322970E-11
+1.5400000E+02	+1.3668590E-11	+3.6865894E-12
+1.5440000E+02	+3.8543554E-12	-1.1591826E-11
+1.5480000E+02	-8.6803802E-12	-3.6225866E-12
+1.5520000E+02	-3.0521701E-12	+5.6889023E-12
+1.5560000E+02	+3.1986196E-12	+2.5814009E-12
+1.5600000E+02	+2.7907744E-12	-1.3573803E-12
+1.5640000E+02	+1.5773362E-13	-4.0521710E-12
+1.5680000E+02	-6.2449453E-12	-1.9221815E-12
+1.5720000E+02	-4.3903840E-12	+8.7011669E-12
+1.5760000E+02	+1.0435146E-11	+7.5555413E-12
+1.5800000E+02	+1.0827112E-11	-1.0569711E-11
+1.5840000E+02	-8.7649785E-12	-1.3210789E-11
+1.5880000E+02	-1.3727911E-11	+5.4401737E-12
+1.5920000E+02	+1.6667230E-12	+1.1887231E-11
+1.5960000E+02	+7.9842217E-12	+1.2383705E-12
+1.6000000E+02	+2.2473656E-12	-3.0730559E-12
+1.6040000E+02	+1.3969158E-12	-1.0480195E-12
+1.6080000E+02	+1.8313180E-12	-4.1331538E-12
+1.6120000E+02	-4.5029715E-12	-5.2559559E-12
+1.6160000E+02	-7.9745176E-12	+2.7676007E-12
+1.6200000E+02	-5.4991206E-14	+9.1453218E-12
+1.6240000E+02	+8.6661956E-12	+2.6367712E-12
+1.6280000E+02	+3.8987017E-12	-7.1658005E-12
+1.6320000E+02	-5.6689064E-12	-3.4394049E-12
+1.6360000E+02	-1.6536743E-12	+5.0942253E-12
+1.6400000E+02	+5.8153349E-12	-4.9771061E-13
+1.6440000E+02	-1.9511381E-12	-7.4819170E-12
+1.6480000E+02	-9.1773579E-12	+2.0224887E-12
+1.6520000E+02	+6.9499953E-13	+9.8362639E-12
+1.6560000E+02	+8.7307907E-12	+1.4058328E-12
+1.6600000E+02	+3.3244387E-12	-5.8081904E-12
+1.6640000E+02	-1.7330762E-12	-4.2212440E-12
+1.6680000E+02	-3.7456067E-12	-2.3778878E-12
+1.6720000E+02	-5.4055378E-12	+2.1699702E-12
+1.6760000E+02	+2.3427799E-13	+6.6621294E-12
+1.6800000E+02	+6.1245677E-12	+1.2165438E-12
+1.6840000E+02	+1.6277000E-12	-4.3784131E-12
+1.6880000E+02	-2.3162008E-12	-9.7908644E-13
+1.6920000E+02	+2.2819779E-13	+7.4039554E-13
+1.6960000E+02	+5.5107101E-14	-1.2277171E-12
+1.7000000E+02	-1.3576716E-12	-1.7850863E-13
+1.7040000E+02	-6.9662314E-13	+3.6681439E-13
+1.7080000E+02	-1.4867946E-12	+1.1625719E-12
+1.7120000E+02	+1.3788132E-12	+3.5850699E-12
+1.7160000E+02	+5.2678937E-12	-1.5142755E-12
+1.7200000E+02	-1.9957010E-12	-6.1598013E-12
+1.7240000E+02	-6.3427283E-12	+3.2300017E-12
+1.7280000E+02	+5.3043373E-12	+6.2890112E-12
+1.7320000E+02	+6.5882166E-12	-7.8281573E-12
+1.7360000E+02	-1.0016394E-11	-7.6055741E-12
+1.7400000E+02	-9.2475350E-12	+1.0995276E-11
+1.7440000E+02	+1.0198226E-11	+1.0961393E-11
+1.7480000E+02	+1.1982634E-11	-7.6652695E-12
+1.7520000E+02	-4.0940412E-12	-1.1719451E-11
+1.7560000E+02	-1.0089155E-11	+6.0061571E-13
+1.7600000E+02	-1.7162220E-12	+7.6343944E-12
+1.7640000E+02	+5.3449983E-12	+2.2170625E-12
+1.7680000E+02	+9.6983409E-13	-4.2498496E-12
+1.7720000E+02	-4.9572254E-12	+1.3129494E-12
+1.7760000E+02	+3.6229545E-12	+7.3559729E-12
+1.7800000E+02	+1.0624535E-11	-5.1324187E-12
+1.7840000E+02	-5.5769059E-12	-1.3557583E-11
+1.7880000E+02	-1.5073088E-11	+5.3625263E-12
+1.7920000E+02	+5.3414622E-12	+1.4674592E-11
+1.7960000E+02	+1.2657118E-11	-6.3549980E-12
+1.8000000E+02	-8.7563437E-12	-9.9569761E-12
+1.8040000E+02	-7.7065989E-12	+1.2142569E-11
+1.8080000E+02	+1.5435599E-11	+6.6923546E-12
+1.8120000E+02	+6.9628504E-12	-1.7295113E-11
+1.8160000E+02	-1.6691944E-11	-7.7728178E-12
+1.8200000E+02	-7.8995299E-12	+1.3389927E-11
+1.8240000E+02	+8.1154218E-12	+6.2003218E-12
+1.8280000E+02	+2.1669267E-12	-2.3254398E-12
+1.8320000E+02	+2.3398265E-12	+3.7732385E-12
+1.8360000E+02	+1.0352661E-11	-4.6934955E-12
+1.8400000E+02	-4.4574052E-12	-1.5927861E-11
+1.8440000E+02	-1.9120891E-11	+2.3407575E-12
+1.8480000E+02	-2.9261995E-13	+1.9365677E-11
+1.8520000E+02	+1.7123607E-11	+2.0251072E-12
+1.8560000E+02	+1.9940398E-12	-1.3673280E-11
+1.8600000E+02	-1.0562861E-11	-2.4405177E-13
+1.8640000E+02	+2.3298820E-12	+8.9603086E-12
+1.8680000E+02	+9.1823033E-12	-4.4223182E-12
+1.8720000E+02	-4.9444564E-12	-1.0606043E-11
+1.8760000E+02	-1.2001419E-11	+3.5578054E-12
+1.8800000E+02	+8.7137195E-13	+1.2136203E-11
+1.8840000E+02	+1.0384525E-11	+1.7950427E-12
+1.8880000E+02	+2.9873933E-12	-7.0635661E-12
+1.8920000E+02	-3.3394335E-12	-1.7856623E-12
+1.8960000E+02	+1.7325041E-12	+7.3188417E-13
+1.9000000E+02	+4.2744826E-13	-6.4479558E-12
+1.9040000E+02	-1.0613048E-11	-2.7023617E-12
+1.9080000E+02	-6.7179631E-12	+1.2559189E-11
+1.9120000E+02	+1.1402789E-11	+1.0795650E-11
+1.9160000E+02	+1.3071418E-11	-7.4452931E-12
+1.9200000E+02	-2.0872145E-12	-1.2260977E-11
+1.9240000E+02	-8.2104506E-12	-2.7186025E-12
+1.9280000E+02	-5.2505440E-12	+1.9920149E-12
+1.9320000E+02	-4.5052963E-12	+4.7095379E-12
+1.9360000E+02	+1.5250087E-12	+9.3232608E-12
+1.9400000E+02	+1.1206927E-11	+2.8540406E-12
+1.9440000E+02	+6.5909974E-12	-1.0075258E-11
+1.9480000E+02	-6.9923032E-12	-8.2421344E-12
+1.9520000E+02	-7.3476764E-12	+3.6570669E-12
+1.9560000E+02	+1.6388598E-12	+4.5801352E-12
+1.9600000E+02	+1.3927586E-12	-1.6944014E-12
+1.9640000E+02	-3.4644470E-12	+6.6790265E-13
+1.9680000E+02	+6.7340021E-13	+5.6778939E-12
+1.9720000E+02	+6.7653589E-12	+1.2716309E-12
+1.9760000E+02	+4.0963424E-12	-5.6027266E-12
+1.9800000E+02	-2.0491435E-12	-6.2797088E-12
+1.9840000E+02	-6.5797114E-12	-2.9617308E-12
+1.9880000E+02	-7.8163146E-12	+4.6426603E-12
+1.9920000E+02	+1.2128230E-12	+1.0921882E-11
+1.9960000E+02	+1.1396928E-11	+2.1579300E-12
+2.0000000E+02	+3.7756842E-12	-9.4408191E-12
+2.0040000E+02	-6.2185204E-12	-2.5512164E-12
+2.0080000E+02	+1.5035005E-12	+3.3156087E-12
+2.0120000E+02	+2.0120753E-12	-7.2494930E-12
+2.0160000E+02	-1.2877270E-11	-2.7035682E-12
+2.0200000E+02	-4.7302634E-12	+1.6644498E-11
+2.0240000E+02	+1.7572398E-11	+6.6884174E-12
+2.0280000E+02	+7.0822318E-12	-1.5801552E-11
+2.0320000E+02	-1.2463132E-11	-5.0221070E-12
+2.0360000E+02	-6.5712842E-13	+9.1376109E-12
+2.0400000E+02	+7.1520613E-12	-4.8487634E-12
+2.0440000E+02	-9.7825975E-12	-7.0299685E-12
+2.0480000E+02	-8.3286246E-12	+1.2580947E-11
+2.0520000E+02	+1.2454159E-11	+9.9176584E-12
+2.0560000E+02	+1.0552636E-11	-9.6700435E-12
+2.0600000E+02	-5.3886917E-12	-9.4706323E-12
+2.0640000E+02	-6.7356913E-12	+1.1408617E-12
+2.0680000E+02	-1.8056047E-12	+3.1868766E-12
+2.0720000E+02	+2.9313732E-14	+2.9104235E-12
+2.0760000E+02	+2.4671934E-12	+1.7287543E-12
+2.0800000E+02	+1.7265383E-12	-1.3348820E-12
+2.0840000E+02	-4.4964760E-13	-3.8473789E-13
+2.0880000E+02	+1.3260724E-12	+3.6333564E-13
+2.0920000E+02	+1.0262829E-12	-2.3590522E-12
+2.0960000E+02	-2.0741288E-12	-1.9014881E-12
+2.1000000E+02	-2.3303583E-12	+5.0239934E-13
+2.1040000E+02	-1.7233187E-12	+1.9482681E-12
+2.1080000E+02	+9.2893750E-13	+3.7222924E-12
+2.1120000E+02	+4.8180423E-12	+7.2457821E-14
+2.1160000E+02	+2.5247481E-13	-4.8599150E-12
+2.1200000E+02	-4.2550956E-12	+8.9860402E-13
+2.1240000E+02	+3.2732166E-12	+3.6997650E-12
+2.1280000E+02	+3.7507662E-12	-6.1156997E-12
+2.1320000E+02	-8.3176778E-12	-4.4618739E-12
+2.1360000E+02	-5.2805540E-12	+8.9121680E-12
+2.1400000E+02	+7.5359304E-12	+5.2746475E-12
+2.1440000E+02	+3.5942070E-12	-4.6356644E-12
+2.1480000E+02	-1.3080174E-12	+4.8806111E-14
+2.1520000E+02	+5.1207139E-12	-1.1665539E-12
+2.1560000E+02	-1.8901081E-12	-1.0370080E-11
+2.1600000E+02	-1.4273257E-11	+7.5538162E-13
+2.1640000E+02	-1.4953218E-12	+1.5638131E-11
+2.1680000E+02	+1.4102215E-11	+3.5945413E-12
+2.1720000E+02	+4.3164279E-12	-1.0300391E-11
+2.1760000E+02	-5.6202894E-12	-3.0327502E-12
+2.1800000E+02	-7.5627262E-15	+1.6450658E-12
+2.1840000E+02	-4.7808545E-13	-3.7036032E-12
+2.1880000E+02	-6.7068480E-12	+4.7287025E-13
+2.1920000E+02	-1.0106121E-12	+7.8745429E-12
+2.1960000E+02	+6.8339339E-12	+2.7345612E-12
+2.2000000E+02	+3.4486896E-12	-4.1254501E-12
+2.2040000E+02	-9.6463284E-13	-2.4444859E-12
+2.2080000E+02	+1.5306064E-13	-1.2828732E-12
+2.2120000E+02	-1.6795639E-12	-3.4756963E-12
+2.2160000E+02	-6.3316199E-12	+9.5087519E-14
+2.2200000E+02	-2.7736114E-12	+7.7578979E-12
+2.2240000E+02	+7.4551984E-12	+5.7397410E-12
+2.2280000E+02	+7.6639946E-12	-5.9128797E-12
+2.2320000E+02	-4.1741631E-12	-7.9507043E-12
+2.2360000E+02	-6.7860872E-12	+3.3515563E-12
+2.2400000E+02	+4.1110039E-12	+5.0202798E-12
+2.2440000E+02	+3.7531641E-12	-6.3534814E-12
+2.2480000E+02	-9.2330489E-12	-3.8122489E-12
+2.2520000E+02	-5.3543782E-12	+1.1502275E-11
+2.2560000E+02	+1.2034871E-11	+7.7653327E-12
+2.2600000E+02	+9.9000195E-12	-1.0301729E-11
+2.2640000E+02	-6.5999708E-12	-1.0559111E-11
+2.2680000E+02	-8.9986311E-12	+1.9424878E-12
+2.2720000E+02	-2.3403264E-12	+5.2579609E-12
+2.2760000E+02	+1.7131219E-13	+5.1161384E-12
+2.2800000E+02	+5.8689800E-12	+4.9380404E-12
+2.2840000E+02	+8.7503155E-12	-4.8526511E-12
+2.2880000E+02	-2.9271435E-12	-1.0424778E-11
+2.2920000E+02	-9.8679094E-12	+1.1597913E-12
+2.2960000E+02	+3.6822389E-13	+7.6958729E-12
+2.3000000E+02	+4.9229177E-12	-8.0017309E-13
+2.3040000E+02	-2.0802106E-12	-2.5197554E-12
+2.3080000E+02	-1.0340203E-12	+3.4350378E-12
+2.3120000E+02	+4.0884089E-12	+4.3009985E-13
+2.3160000E+02	+2.0467047E-13	-3.6455287E-12
+2.3200000E+02	-2.2945254E-12	+2.8827208E-13
+2.3240000E+02	+1.4601596E-12	+7.3510373E-13
+2.3280000E+02	-1.3443586E-13	-3.2362227E-12
+2.3320000E+02	-5.0490278E-12	-3.6653210E-13
+2.3360000E+02	-2.3665780E-12	+6.0852659E-12
+2.3400000E+02	+5.6780433E-12	+5.3409908E-12
+2.3440000E+02	+8.2946609E-12	-3.6676081E-12
+2.3480000E+02	-5.6162798E-13	-1.0156457E-11
+2.3520000E+02	-1.0219112E-11	-2.5906215E-12
+2.3560000E+02	-4.5726635E-12	+8.4362457E-12
+2.3600000E+02	+5.4471193E-12	+4.4762752E-12
+2.3640000E+02	+2.0815066E-12	-2.3152884E-12
+2.3680000E+02	-9.0046635E-14	+2.0208208E-12
+2.3720000E+02	+6.6219390E-12	-6.2354829E-13
+2.3760000E+02	+9.7278595E-14	-1.0330614E-11
+2.3800000E+02	-1.2077320E-11	-1.5489129E-12
+2.3840000E+02	-2.7274887E-12	+1.1484257E-11
+2.3880000E+02	+8.9545080E-12	+2.7852989E-12
+2.3920000E+02	+1.4206420E-12	-5.4510248E-12
+2.3960000E+02	-2.0651959E-12	+9.6853992E-13
+2.4000000E+02	+3.4369531E-12	-4.3928689E-13
+2.4040000E+02	-1.9146022E-12	-4.8896655E-12
+2.4080000E+02	-4.5595440E-12	+2.8308282E-12
+2.4120000E+02	+3.9972576E-12	+2.3631768E-12
+2.4160000E+02	-1.0169010E-12	-6.1284125E-12
+2.4200000E+02	-9.4458388E-12	+4.3630776E-12
+2.4240000E+02	+6.3770284E-12	+1.3490937E-11
+2.4280000E+02	+1.7234389E-11	-6.1765911E-12
+2.4320000E+02	-3.6378122E-12	-1.9442738E-11
+2.4360000E+02	-1.9155208E-11	-5.5097805E-13
+2.4400000E+02	-5.1394510E-12	+1.6078332E-11
+2.4440000E+02	+1.0740186E-11	+8.7660953E-12
+2.4480000E+02	+1.0431132E-11	-4.3438577E-12
+2.4520000E+02	+1.6205023E-12	-9.8127422E-12
+2.4560000E+02	-7.3185960E-12	-5.8538747E-12
+2.4600000E+02	-7.6377600E-12	+3.8742527E-12
+2.4640000E+02	+5.5165591E-13	+7.0000490E-12
+2.4680000E+02	+4.6171186E-12	+1.8062813E-12
+2.4720000E+02	+2.8231928E-12	-1.5149616E-12
+2.4760000E+02	+1.2986636E-12	-2.6171697E-12
+2.4800000E+02	-1.6395544E-12	-3.1291418E-12
+2.4840000E+02	-3.7228988E-12	+4.1881281E-13
+2.4880000E+02	-6.7047921E-13	+3.2140361E-12
+2.4920000E+02	+1.9500800E-12	+1.5216597E-12
+2.4960000E+02	+2.2652326E-12	-2.9534783E-13
+2.5000000E+02	+1.4999836E-12	-3.1332997E-12
+2.5040000E+02	-4.2997072E-12	-3.3249235E-12
+2.5080000E+02	-5.1450150E-12	+5.7746047E-12
+2.5120000E+02	+7.3939296E-12	+6.9100135E-12
+2.5160000E+02	+8.4943037E-12	-8.8925045E-12
+2.5200000E+02	-1.0010968E-11	-9.7036839E-12
+2.5240000E+02	-1.0339091E-11	+1.0579262E-11
+2.5280000E+02	+1.0542924E-11	+1.0275093E-11
+2.5320000E+02	+9.5057016E-12	-9.9367397E-12
+2.5360000E+02	-8.8403809E-12	-8.1332197E-12
+2.5400000E+02	-6.3125043E-12	+7.3556070E-12
+2.5440000E+02	+5.6226494E-12	+4.1908524E-12
+2.5480000E+02	+1.8857924E-12	-3.8588230E-12
+2.5520000E+02	-2.3772418E-12	+4.8261484E-13
+2.5560000E+02	+2.7273299E-12	+1.5451435E-12
+2.5600000E+02	+1.6720498E-12	-4.5490804E-12
+2.5640000E+02	-5.5614382E-12	-2.8628110E-12
+2.5680000E+02	-4.9044361E-12	+5.4041640E-12
+2.5720000E+02	+3.9114725E-12	+7.2567391E-12
+2.5760000E+02	+9.1792469E-12	-1.2594853E-12
+2.5800000E+02	+1.9911443E-12	-9.9650936E-12
+2.5840000E+02	-9.1960054E-12	-5.0060298E-12
+2.5880000E+02	-6.9233909E-12	+6.9106694E-12
+2.5920000E+02	+3.6065306E-12	+7.1506932E-12
+2.5960000E+02	+5.5917332E-12	-6.3387643E-14
+2.6000000E+02	+2.9438417E-12	-2.7026249E-12
+2.6040000E+02	+6.5796872E-13	-4.9232919E-12
+2.6080000E+02	-5.8157993E-12	-3.5317957E-12
+2.6120000E+02	-5.1966758E-12	+5.9521636E-12
+2.6160000E+02	+5.8407811E-12	+5.3980108E-12
+2.6200000E+02	+4.3836501E-12	-5.8862827E-12
+2.6240000E+02	-6.1722341E-12	-2.7356180E-12
+2.6280000E+02	-1.0810250E-12	+6.4118785E-12
+2.6320000E+02	+6.0930091E-12	-1.8447174E-13
+2.6360000E+02	-1.0372535E-12	-4.7520867E-12
+2.6400000E+02	-2.2508157E-12	+1.7728796E-12
+2.6440000E+02	+2.7932450E-12	-1.0756438E-12
+2.6480000E+02	-4.4738226E-12	-4.3410468E-12
+2.6520000E+02	-6.3118400E-12	+7.0153010E-12
+2.6560000E+02	+7.9296915E-12	+8.2363906E-12
+2.6600000E+02	+9.4461836E-12	-6.8893325E-12
+2.6640000E+02	-4.1293402E-12	-9.3500988E-12
+2.6680000E+02	-7.6991421E-12	+3.5817108E-13
+2.6720000E+02	-3.4976046E-12	+4.7211584E-12
+2.6760000E+02	+1.0651426E-12	+6.6043504E-12
+2.6800000E+02	+8.4621809E-12	+2.4219112E-12
+2.6840000E+02	+4.9912927E-12	-8.9881606E-12
+2.6880000E+02	-8.4281750E-12	-6.2391525E-12
+2.6920000E+02	-6.2058524E-12	+7.1583559E-12
+2.6960000E+02	+5.4797018E-12	+5.2966745E-12
+2.7000000E+02	+4.0691731E-12	-3.5033909E-12
+2.7040000E+02	-1.1745011E-12	-2.9862876E-12
+2.7080000E+02	-2.2431514E-12	-1.5874029E-12
+2.7120000E+02	-4.7093860E-12	+1.7374837E-12
+2.7160000E+02	+1.1867618E-12	+7.8461813E-12
+2.7200000E+02	+1.0393510E-11	-3.2978362E-13
+2.7240000E+02	+8.8607007E-13	-1.1646521E-11
+2.7280000E+02	-1.1049122E-11	-2.2226872E-12
+2.7320000E+02	-3.2171239E-12	+8.4345413E-12
+2.7360000E+02	+4.1534751E-12	+3.3716283E-12
+2.7400000E+02	+2.3867966E-12	+9.7368273E-13
+2.7440000E+02	+5.8757706E-12	-3.3415689E-13
+2.7480000E+02	+2.3136897E-12	-9.5473069E-12
+2.7520000E+02	-1.1347792E-11	-4.8192600E-12
+2.7560000E+02	-6.4362123E-12	+1.1173424E-11
+2.7600000E+02	+9.4394842E-12	+6.6854392E-12
+2.7640000E+02	+5.5384997E-12	-6.8857949E-12
+2.7680000E+02	-4.2871078E-12	-3.4299516E-12
+2.7720000E+02	-1.0888900E-12	+2.1863872E-12
+2.7760000E+02	+7.5599725E-13	-7.4474407E-13
+2.7800000E+02	-1.6036436E-12	+1.6531729E-13
+2.7840000E+02	+8.8925523E-13	+1.4587930E-12
+2.7880000E+02	+6.9789587E-13	-1.6426773E-12
+2.7920000E+02	-2.3970560E-12	+7.3392573E-14
+2.7960000E+02	+3.2034258E-13	+2.8492912E-12
+2.8000000E+02	+2.5694685E-12	+1.6961344E-13
+2.8040000E+02	+1.1860937E-12	-1.2502889E-12
+2.8080000E+02	+1.0608424E-12	-2.1925277E-12
+2.8120000E+02	-2.5789665E-12	-3.8665492E-12
+2.8160000E+02	-6.3248022E-12	+1.9572801E-12
+2.8200000E+02	+3.6271647E-13	+7.5295313E-12
+2.8240000E+02	+6.8582440E-12	+1.7349016E-12
+2.8280000E+02	+3.6220600E-12	-4.2399405E-12
+2.8320000E+02	-2.2261270E-13	-4.6531187E-12
+2.8360000E+02	-4.5425811E-12	-4.1988338E-12
+2.8400000E+02	-7.9309596E-12	+3.5022412E-12
+2.8440000E+02	+2.1543866E-12	+1.0165411E-11
+2.8480000E+02	+1.0639368E-11	-1.2531707E-12
+2.8520000E+02	-1.3356272E-12	-9.6668355E-12
+2.8560000E+02	-7.9347137E-12	+2.4600847E-12
+2.8600000E+02	+4.1547924E-12	+6.1608462E-12
+2.8640000E+02	+4.7710995E-12	-5.6074945E-12
+2.8680000E+02	-6.0181775E-12	-3.7416646E-12
+2.8720000E+02	-2.6754617E-12	+4.9613038E-12
+2.8760000E+02	+2.5956462E-12	+1.0725808E-12
+2.8800000E+02	-1.3364432E-12	+3.7571287E-13
+2.8840000E+02	+2.9834676E-12	+4.3572405E-12
+2.8880000E+02	+7.3177245E-12	-4.3909563E-12
+2.8920000E+02	-4.2417609E-12	-9.2944026E-12
+2.8960000E+02	-9.4889714E-12	+2.8047795E-12
+2.9000000E+02	+8.5302690E-13	+7.5928229E-12
+2.9040000E+02	+3.9757786E-12	+6.7180122E-13
+2.9080000E+02	+1.0637799E-12	+3.9328127E-13
+2.9120000E+02	+4.2728569E-12	-1.5123380E-13
+2.9160000E+02	+1.6393067E-12	-6.5951268E-12
+2.9200000E+02	-6.8520124E-12	-3.4801123E-12
+2.9240000E+02	-4.5134964E-12	+5.2642558E-12
+2.9280000E+02	+2.6663338E-12	+4.2353681E-12
+2.9320000E+02	+2.7241660E-12	-1.5754867E-13
+2.9360000E+02	+1.3347648E-12	-6.1514984E-13
+2.9400000E+02	+1.1702425E-12	-1.4003630E-12
+2.9440000E+02	-2.6177522E-13	-1.8248407E-12
+2.9480000E+02	-1.0146356E-12	-1.3785715E-12
+2.9520000E+02	-2.6855550E-12	-9.5853366E-13
+2.9560000E+02	-3.2628041E-12	+3.0784172E-12
+2.9600000E+02	+2.4893824E-12	+4.8697714E-12
+2.9640000E+02	+4.9784606E-12	-1.3832068E-12
+2.9680000E+02	-5.3122195E-13	-3.3535323E-12
+2.9720000E+02	-4.3602471E-13	+6.3985035E-13
+2.9760000E+02	+1.9971689E-12	-2.8212355E-12
+2.9800000E+02	-5.3273423E-12	-4.2949415E-12
+2.9840000E+02	-6.7099929E-12	+6.2831058E-12
+2.9880000E+02	+5.4905595E-12	+8.2185708E-12
+2.9920000E+02	+8.0167726E-12	-3.4158196E-12
+2.9960000E+02	-9.8163780E-13	-5.8718432E-12
+3.0000000E+02	-2.2542484E-12	-8.2143047E-13
+3.0040000E+02	-1.3409996E-12	-1.8106894E-12
+3.0080000E+02	-5.1167237E-12	+5.1550293E-13
+3.0120000E+02	-1.1311445E-12	+6.7265720E-12
+3.0160000E+02	+6.3149814E-12	+2.7471792E-12
+3.0200000E+02	+3.5489899E-12	-4.2653646E-12
+3.0240000E+02	-1.4825852E-12	-3.1817145E-12
+3.0280000E+02	-1.8853652E-12	-9.9695815E-13
+3.0320000E+02	-2.4320080E-12	+3.9118239E-13
+3.0360000E+02	-4.0955060E-13	+2.6593511E-12
+3.0400000E+02	+2.1148722E-12	-1.1884367E-13
+3.0440000E+02	-2.0394765E-12	-1.5880269E-12
+3.0480000E+02	-1.8208171E-12	+4.7685796E-12
+3.0520000E+02	+7.2849391E-12	+3.1305274E-12
+3.0560000E+02	+5.2259378E-12	-8.5412420E-12
+3.0600000E+02	-7.9056177E-12	-7.3027887E-12
+3.0640000E+02	-8.3817663E-12	+5.4445001E-12
+3.0680000E+02	+1.9221977E-12	+7.7443163E-12
+3.0720000E+02	+5.2756451E-12	+1.4883785E-12
+3.0760000E+02	+3.6663586E-12	-1.5612198E-12
+3.0800000E+02	+2.3122282E-12	-3.9836258E-12
+3.0840000E+02	-2.5419735E-12	-5.1727561E-12
+3.0880000E+02	-6.2230913E-12	+1.0938609E-13
+3.0920000E+02	-2.2140115E-12	+5.3505301E-12
+3.0960000E+02	+3.1560621E-12	+3.4555706E-12
+3.1000000E+02	+3.1592664E-12	-6.9148503E-13
+3.1040000E+02	+9.8241642E-13	-1.5418164E-12
+3.1080000E+02	+6.4373595E-13	-1.2283421E-12
+3.1120000E+02	-7.3538275E-14	-2.4692163E-12
+3.1160000E+02	-3.2536257E-12	-1.8381864E-12
+3.1200000E+02	-3.5557237E-12	+2.8596799E-12
+3.1240000E+02	+1.7363643E-12	+4.2517522E-12
+3.1280000E+02	+3.5863768E-12	-6.9315372E-13
+3.1320000E+02	-5.1016640E-13	-1.8468103E-12
+3.1360000E+02	+1.9347985E-13	+1.5600236E-12
+3.1400000E+02	+3.6109241E-12	-1.6299199E-12
+3.1440000E+02	-1.8378345E-12	-5.9000378E-12
+3.1480000E+02	-7.4475854E-12	+7.5866241E-13
+3.1520000E+02	-1.0630222E-12	+7.4768293E-12
+3.1560000E+02	+5.7590017E-12	+2.7069006E-12
+3.1600000E+02	+3.2696472E-12	-2.7342043E-12
+3.1640000E+02	+6.4504207E-13	-2.2537009E-12
+3.1680000E+02	+2.1406758E-13	-3.2832471E-12
+3.1720000E+02	-4.3706585E-12	-3.4258799E-12
+3.1760000E+02	-6.3786120E-12	+3.6938415E-12
+3.1800000E+02	+1.7018395E-12	+8.1790848E-12
+3.1840000E+02	+8.3977953E-12	+6.9522647E-13
+3.1880000E+02	+2.5071590E-12	-7.2237852E-12
+3.1920000E+02	-5.3589570E-12	-3.0638321E-12
+3.1960000E+02	-2.2695905E-12	+3.7003945E-12
+3.2000000E+02	+2.9474890E-12	+6.1107077E-13
+3.2040000E+02	-1.0778782E-12	-3.3003872E-12
+3.2080000E+02	-4.3760184E-12	+1.9897797E-12
+3.2120000E+02	+1.6959866E-12	+5.3756105E-12
+3.2160000E+02	+5.4323534E-12	-3.3052817E-13
+3.2200000E+02	+1.4690477E-12	-3.9935090E-12
+3.2240000E+02	-1.0780382E-12	-2.8357051E-12
+3.2280000E+02	-3.0447062E-12	-2.6967910E-12
+3.2320000E+02	-6.3309298E-12	+1.8270716E-12
+3.2360000E+02	-5.0519815E-13	+8.8116764E-12
+3.2400000E+02	+9.4893667E-12	+3.1727541E-12
+3.2440000E+02	+5.2331669E-12	-8.3095899E-12
+3.2480000E+02	-5.8131814E-12	-5.9501829E-12
+3.2520000E+02	-5.0776254E-12	+2.9100562E-12
+3.2560000E+02	+5.2304553E-13	+2.9447319E-12
+3.2600000E+02	+3.1231302E-13	+7.5312156E-13
+3.2640000E+02	+8.4349906E-13	+1.9374605E-12
+3.2680000E+02	+3.1489067E-12	-1.6591149E-13
+3.2720000E+02	+5.9320185E-13	-3.1374207E-12
+3.2760000E+02	-2.2352851E-12	-7.9929578E-13
+3.2800000E+02	-1.5020161E-13	+1.1262966E-12
+3.2840000E+02	+5.4287246E-13	-1.1984299E-12
+3.2880000E+02	-2.7097874E-12	-9.5316292E-13
+3.2920000E+02	-2.3661611E-12	+3.7064116E-12
+3.2960000E+02	+3.6692528E-12	+4.3310544E-12
+3.3000000E+02	+6.1256578E-12	-2.4683328E-12
+3.3040000E+02	-4.2959289E-13	-7.0518464E-12
+3.3080000E+02	-6.7148723E-12	-1.7872681E-12
+3.3120000E+02	-3.4463639E-12	+5.1740755E-12
+3.3160000E+02	+2.9087925E-12	+4.0205166E-12
+3.3200000E+02	+3.3871430E-12	-6.2054466E-13
+3.3240000E+02	+1.0417467E-12	-1.8588226E-12
+3.3280000E+02	-4.2431576E-14	-1.7194317E-12
+3.3320000E+02	-1.4514139E-12	-1.4090882E-12
+3.3360000E+02	-2.0472486E-12	+6.1609409E-13
+3.3400000E+02	-2.5705579E-13	+1.7799046E-12
+3.3440000E+02	+8.6934801E-13	+7.1959080E-13
+3.3480000E+02	+5.8048691E-13	+2.1211777E-13
+3.3520000E+02	+9.9951322E-13	+4.2715577E-14
+3.3560000E+02	+8.0998481E-13	-1.2297616E-12
+3.3600000E+02	-9.3349244E-13	-1.3346443E-12
+3.3640000E+02	-1.3658537E-12	+3.9268040E-13
+3.3680000E+02	-8.0505527E-15	+8.9677831E-13
+3.3720000E+02	+1.5479618E-13	-3.5294093E-14
+3.3760000E+02	-6.1050285E-13	+5.1540082E-13
+3.3800000E+02	+8.1779765E-13	+1.5578541E-12
+3.3840000E+02	+2.5506570E-12	-6.4269113E-13
+3.3880000E+02	-1.1423906E-13	-3.2454207E-12
+3.3920000E+02	-3.4307250E-12	-4.7116361E-13
+3.3960000E+02	-7.8496090E-13	+3.1079711E-12
+3.4000000E+02	+2.4710054E-12	+6.1955316E-13
+3.4040000E+02	-1.5537236E-14	-1.7990122E-12
+3.4080000E+02	-1.3164417E-12	+8.9756788E-13
+3.4120000E+02	+1.6918745E-12	+1.0875670E-12
+3.4160000E+02	+9.9579770E-13	-2.1038628E-12
+3.4200000E+02	-2.0123072E-12	-8.1740513E-13
+3.4240000E+02	-3.5436283E-13	+1.5231904E-12
+3.4280000E+02	+9.1927595E-13	-4.3796525E-13
+3.4320000E+02	-1.3921935E-12	-5.2786892E-13
+3.4360000E+02	-5.6668916E-13	+2.1732248E-12
+3.4400000E+02	+2.4126689E-12	+1.0386184E-12
+3.4440000E+02	+1.7250786E-12	-1.8777849E-12
+3.4480000E+02	-5.9996560E-13	-2.2838334E-12
+3.4520000E+02	-2.4093015E-12	-1.0987504E-12
+3.4560000E+02	-2.7010692E-12	+1.9833289E-12
+3.4600000E+02	+1.1458026E-12	+3.6792801E-12
+3.4640000E+02	+3.6965246E-12	-2.4787838E-13
+3.4680000E+02	+2.9782130E-13	-2.7409227E-12
+3.4720000E+02	-1.1341358E-12	-2.0820682E-13
+3.4760000E+02	+5.2204907E-13	-5.9287609E-13
+3.4800000E+02	-1.9081810E-12	-1.5849463E-12
+3.4840000E+02	-2.4605093E-12	+2.4858171E-12
+3.4880000E+02	+2.3247178E-12	+2.6207153E-12
+3.4920000E+02	+1.7550877E-12	-1.7288906E-12
+3.4960000E+02	-1.1566233E-12	+7.6824633E-14
+3.5000000E+02	+2.4347208E-12	+1.0029942E-12
+3.5040000E+02	+1.4100907E-12	-4.6407212E-12
+3.5080000E+02	-6.0247390E-12	-2.1894404E-12
+3.5120000E+02	-2.8944570E-12	+6.1759903E-12
+3.5160000E+02	+5.0990797E-12	+3.0163330E-12
+3.5200000E+02	+2.2219929E-12	-3.2098266E-12
+3.5240000E+02	-1.1705699E-12	-5.3129104E-13
+3.5280000E+02	+1.6472677E-12	-3.6939171E-13
+3.5320000E+02	-1.0229121E-12	-3.6455680E-12
+3.5360000E+02	-4.7836854E-12	+8.0202303E-13
+3.5400000E+02	+8.7335319E-14	+4.6384126E-12
+3.5440000E+02	+3.2221983E-12	+5.5598456E-13
+3.5480000E+02	+6.3711181E-13	-9.9583510E-13
+3.5520000E+02	+1.2952370E-12	+3.7022823E-14
+3.5560000E+02	+1.2696601E-12	-2.8989254E-12
+3.5600000E+02	-3.3388250E-12	-2.5541424E-12
+3.5640000E+02	-3.2934941E-12	+2.5877890E-12
+3.5680000E+02	+1.0630610E-12	+3.0671397E-12
+3.5720000E+02	+1.8305529E-12	+5.5417163E-13
+3.5760000E+02	+1.6002147E-12	+3.9940208E-14
+3.5800000E+02	+1.8809701E-12	-1.6955454E-12
+3.5840000E+02	-8.8763541E-13	-3.0032030E-12
+3.5880000E+02	-2.9736239E-12	-3.8732766E-13
+3.5920000E+02	-1.5054987E-12	+1.8018333E-12
+3.5960000E+02	-4.9155431E-14	+1.9330342E-12
+3.6000000E+02	+1.4623431E-12	+1.8358194E-12
+3.6040000E+02	+2.8233053E-12	-3.0644738E-13
+3.6080000E+02	+9.8934304E-13	-2.5748592E-12
+3.6120000E+02	-1.1242399E-12	-1.7822215E-12
+3.6160000E+02	-1.6146676E-12	-1.0392034E-12
+3.6200000E+02	-3.1670267E-12	+4.2533648E-13
+3.6240000E+02	-1.4032081E-12	+4.5499574E-12
+3.6280000E+02	+4.7965508E-12	+3.1840773E-12
+3.6320000E+02	+4.1990908E-12	-3.9789145E-12
+3.6360000E+02	-2.5867046E-12	-3.9947177E-12
+3.6400000E+02	-2.5787208E-12	+1.3093370E-12
+3.6440000E+02	+7.3707719E-13	+4.3394471E-13
+3.6480000E+02	-1.6607201E-12	-1.1053235E-12
+3.6520000E+02	-2.1890350E-12	+2.9334382E-12
+3.6560000E+02	+2.9261495E-12	+3.3927711E-12
+3.6600000E+02	+4.0011959E-12	-1.6811761E-12
+3.6640000E+02	+2.6909991E-13	-3.4880849E-12
+3.6680000E+02	-1.7563252E-12	-2.1078104E-12
+3.6720000E+02	-3.0542399E-12	-7.9213054E-13
+3.6760000E+02	-3.3893117E-12	+2.6725876E-12
+3.6800000E+02	+1.0459406E-12	+5.1879719E-12
+3.6840000E+02	+5.5896067E-12	+1.2540644E-12
+3.6880000E+02	+3.3900286E-12	-4.4831039E-12
+3.6920000E+02	-2.2976723E-12	-4.5855006E-12
+3.6960000E+02	-4.4259023E-12	-1.5308665E-13
+3.7000000E+02	-1.9762845E-12	+3.0147556E-12
+3.7040000E+02	+9.2452774E-13	+2.5351518E-12
+3.7080000E+02	+1.6839717E-12	+1.0364502E-12
+3.7120000E+02	+2.1465496E-12	+1.8819650E-13
+3.7160000E+02	+2.3199646E-12	-2.0537603E-12
+3.7200000E+02	-9.0698997E-13	-3.8800840E-12
+3.7240000E+02	-4.2896362E-12	-7.1453132E-13
+3.7280000E+02	-2.0429349E-12	+3.4377067E-12
+3.7320000E+02	+1.7083596E-12	+2.4358169E-12
+3.7360000E+02	+1.6364217E-12	+1.8738193E-13
+3.7400000E+02	+1.5037280E-12	+1.2334233E-13
+3.7440000E+02	+2.2163244E-12	-1.7580019E-12
+3.7480000E+02	-9.1596078E-13	-3.8704674E-12
+3.7520000E+02	-4.4745885E-12	-6.0645667E-13
+3.7560000E+02	-2.1214069E-12	+3.8175070E-12
+3.7600000E+02	+2.1667163E-12	+2.9522248E-12
+3.7640000E+02	+2.7058696E-12	-1.5798104E-13
+3.7680000E+02	+1.4572929E-12	-1.4259806E-12
+3.7720000E+02	+4.3217307E-13	-2.1045602E-12
+3.7760000E+02	-1.6023915E-12	-2.1910494E-12
+3.7800000E+02	-3.2251605E-12	+2.1903927E-13
+3.7840000E+02	-1.4489517E-12	+3.2086151E-12
+3.7880000E+02	+2.2371376E-12	+2.7233261E-12
+3.7920000E+02	+3.1147135E-12	-7.7817109E-13
+3.7960000E+02	+5.2743874E-13	-2.5090697E-12
+3.8000000E+02	-1.1980952E-12	-1.1295960E-12
+3.8040000E+02	-7.9153456E-13	-2.5414269E-13
+3.8080000E+02	-1.2504951E-12	-3.1792520E-13
+3.8120000E+02	-1.6974028E-12	+1.4070599E-12
+3.8160000E+02	+7.0716102E-13	+2.7195095E-12
+3.8200000E+02	+2.8863896E-12	+4.9722314E-13
+3.8240000E+02	+1.6344190E-12	-2.0315858E-12
+3.8280000E+02	-3.8856014E-13	-2.1500527E-12
+3.8320000E+02	-1.7355903E-12	-1.4996507E-12
+3.8360000E+02	-2.9919316E-12	+4.5683813E-13
+3.8400000E+02	-1.2680095E-12	+3.5968387E-12
+3.8440000E+02	+3.1588193E-12	+2.8307437E-12
+3.8480000E+02	+3.6704309E-12	-1.9108887E-12
+3.8520000E+02	-3.7529820E-13	-3.4913331E-12
+3.8560000E+02	-2.3759232E-12	-8.4645907E-13
+3.8600000E+02	-1.3103670E-12	+7.4963716E-13
+3.8640000E+02	-7.8741841E-13	+9.0031021E-13
+3.8680000E+02	-1.3346101E-13	+1.6947634E-12
+3.8720000E+02	+1.6997941E-12	+1.2809910E-12
+3.8760000E+02	+1.9807570E-12	-8.9907704E-13
+3.8800000E+02	+2.8578243E-13	-1.8466420E-12
+3.8840000E+02	-8.2474992E-13	-1.2793128E-12
+3.8880000E+02	-1.5829290E-12	-7.8066038E-13
+3.8920000E+02	-2.4214276E-12	+9.7535490E-13
+3.8960000E+02	-3.9472482E-13	+3.5148507E-12
+3.9000000E+02	+3.6667770E-12	+2.0591013E-12
+3.9040000E+02	+3.4037063E-12	-2.8225107E-12
+3.9080000E+02	-1.2881876E-12	-3.8987369E-12
+3.9120000E+02	-3.2976639E-12	-3.8456066E-13
+3.9160000E+02	-1.6055847E-12	+1.7303648E-12
+3.9200000E+02	-3.4335944E-13	+1.9654633E-12
+3.9240000E+02	+1.3840913E-12	+2.3005210E-12
+3.9280000E+02	+3.5777547E-12	-1.3371779E-13
+3.9320000E+02	+1.2700625E-12	-3.8663501E-12
+3.9360000E+02	-3.2080484E-12	-2.2658845E-12
+3.9400000E+02	-2.4567335E-12	+1.9592145E-12
+3.9440000E+02	+6.4130942E-13	+1.7534949E-12
+3.9480000E+02	+3.9973132E-13	+2.6220625E-13
+3.9520000E+02	+4.8414217E-13	+1.1284530E-12
+3.9560000E+02	+2.3063351E-12	-6.0646734E-14
+3.9600000E+02	+7.0236308E-13	-2.7566784E-12
+3.9640000E+02	-2.3839345E-12	-1.3657756E-12
+3.9680000E+02	-1.5403356E-12	+1.3981899E-12
+3.9720000E+02	+2.2387997E-13	+1.0436643E-12
+3.9760000E+02	-2.8809246E-14	+6.6781016E-13
+3.9800000E+02	+9.3638598E-13	+1.3437871E-12
+3.9840000E+02	+2.4619329E-12	-4.9173850E-13
+3.9880000E+02	+4.8659402E-13	-3.0076128E-12
+3.9920000E+02	-2.8096865E-12	-1.6329130E-12
+3.9960000E+02	-2.5442939E-12	+1.9600512E-12
+4.0000000E+02	+7.7046943E-13	+2.9342089E-12
