+0.0000000E+00	+3.2149953E-13	+0.0000000E+00
+4.0000000E-01	-3.1167381E-13	-2.6616794E-13
+8.0000000E-01	-1.1479134E-13	+5.6339031E-13
+1.2000000E+00	+7.0361118E-13	-9.3715198E-14
+1.6000000E+00	-3.0875797E-13	-6.9861769E-13
+2.0000000E+00	-5.4200152E-13	+4.8291529E-13
+2.4000000E+00	+5.8314119E-13	+2.6097971E-13
+2.8000000E+00	-8.4722564E-14	-5.9491709E-13
+3.2000000E+00	-5.1983387E-13	+4.1408877E-13
+3.6000000E+00	+6.4493998E-13	+3.7018262E-13
+4.0000000E+00	+1.6478306E-13	-7.1743623E-13
+4.4000000E+00	-6.1285773E-13	+7.1703144E-14
+4.8000000E+00	+3.0700718E-13	+3.6038713E-13
+5.2000000E+00	+2.8736975E-14	-5.0059108E-13
+5.6000000E+00	-6.0781741E-13	+2.9481044E-13
+6.0000000E+00	+5.3058056E-13	+5.9026829E-13
+6.4000000E+00	+4.2977267E-13	-6.2873729E-13
+6.8000000E+00	-5.8029943E-13	-1.4061633E-13
+7.2000000E+00	+2.2626477E-13	+4.1428846E-13
+7.6000000E+00	+1.8361249E-13	-5.9101061E-13
+8.0000000E+00	-8.6397929E-13	+5.3963342E-14
+8.4000000E+00	+2.5249263E-13	+9.7113043E-13
+8.8000000E+00	+8.7749626E-13	-3.8684171E-13
+9.2000000E+00	-4.5237419E-13	-6.0054181E-13
+9.6000000E+00	-2.0817741E-13	+4.5753302E-13
+1.0000000E+01	+4.1402492E-13	-1.9888073E-13
+1.0400000E+01	-5.1549878E-13	-3.2966464E-13
+1.0800000E+01	-2.0718013E-13	+6.6262694E-13
+1.1200000E+01	+6.1028002E-13	+4.9198138E-14
+1.1600000E+01	-1.3354624E-13	-3.8550545E-13
+1.2000000E+01	-6.2561673E-14	+3.1571837E-13
+1.2400000E+01	+4.5742735E-13	-2.6161201E-13
+1.2800000E+01	-4.9847681E-13	-5.1319009E-13
+1.3200000E+01	-4.4818969E-13	+5.9491605E-13
+1.3600000E+01	+5.4685105E-13	+2.5612894E-13
+1.4000000E+01	-2.9310356E-14	-3.9490938E-13
+1.4400000E+01	-2.0436670E-13	+3.3647641E-13
+1.4800000E+01	+5.7392082E-13	+3.7756417E-14
+1.5200000E+01	-6.8457418E-14	-6.6086457E-13
+1.5600000E+01	-5.5986976E-13	+1.1342374E-13
+1.6000000E+01	+1.2391714E-13	+2.9864512E-13
+1.6400000E+01	-2.9897951E-14	-1.3301510E-13
+1.6800000E+01	-1.5609637E-13	+2.9292967E-13
+1.7200000E+01	+3.6191666E-13	+1.7667759E-13
+1.7600000E+01	+1.5057951E-13	-1.6064598E-13
+1.8000000E+01	+3.0148035E-13	-2.8361184E-14
+1.8400000E+01	+2.1344608E-13	-9.2537134E-13
+1.8800000E+01	-1.5512790E-12	-5.4754635E-13
+1.9200000E+01	-8.9167412E-13	+2.0116187E-12
+1.9600000E+01	+2.1880060E-12	+1.1308968E-12
+2.0000000E+01	+1.1601760E-12	-2.0503754E-12
+2.0400000E+01	-1.6628319E-12	-9.3030051E-13
+2.0800000E+01	-4.7653034E-13	+1.1545344E-12
+2.1200000E+01	+6.6860200E-13	-8.5059286E-14
+2.1600000E+01	-5.9524887E-13	-3.1114694E-13
+2.2000000E+01	-1.2172563E-13	+9.0978921E-13
+2.2400000E+01	+9.5423710E-13	+7.5960261E-14
+2.2800000E+01	+1.1569450E-13	-7.5196264E-13
+2.3200000E+01	-4.1281676E-13	-1.8920611E-13
+2.3600000E+01	-2.8003515E-13	+8.7145731E-14
+2.4000000E+01	-9.4745633E-14	+4.0992380E-13
+2.4400000E+01	+6.1571731E-13	+7.1342535E-14
+2.4800000E+01	-1.3339855E-13	-9.1444507E-13
+2.5200000E+01	-1.2775831E-12	+4.3024177E-13
+2.5600000E+01	+7.0927319E-13	+1.6308940E-12
+2.6000000E+01	+1.8824050E-12	-8.8595581E-13
+2.6400000E+01	-9.2710316E-13	-1.9652240E-12
+2.6800000E+01	-1.8725891E-12	+8.4753720E-13
+2.7200000E+01	+6.8463535E-13	+1.6652003E-12
+2.7600000E+01	+1.4446438E-12	-4.6959981E-13
+2.8000000E+01	-2.1472490E-13	-1.3046859E-12
+2.8400000E+01	-1.2848619E-12	-7.5089688E-14
+2.8800000E+01	-3.7469800E-13	+1.3509868E-12
+2.9200000E+01	+1.4141834E-12	+6.1538089E-13
+2.9600000E+01	+6.8697140E-13	-1.3800254E-12
+3.0000000E+01	-1.2027408E-12	-4.7415060E-13
+3.0400000E+01	+8.4120981E-14	+9.1519047E-13
+3.0800000E+01	+6.1651645E-13	-9.3977535E-13
+3.1200000E+01	-1.9171074E-12	-4.2098665E-13
+3.1600000E+01	-3.9291813E-13	+2.7496486E-12
+3.2000000E+01	+3.1669503E-12	+5.0243297E-13
+3.2400000E+01	+6.2918270E-13	-3.0003249E-12
+3.2800000E+01	-2.2629055E-12	-6.1862926E-13
+3.3200000E+01	-3.6826854E-13	+1.1653491E-12
+3.3600000E+01	+5.3177062E-14	-9.7344900E-14
+3.4000000E+01	-6.0376407E-13	+7.1484783E-13
+3.4400000E+01	+9.0048770E-13	+8.7654233E-13
+3.4800000E+01	+6.5163955E-13	-4.7661957E-13
+3.5200000E+01	+3.6519612E-13	+1.9645182E-13
+3.5600000E+01	+1.5655205E-12	-1.2960637E-12
+3.6000000E+01	-1.9875971E-12	-3.1212726E-12
+3.6400000E+01	-4.3909806E-12	+2.2479623E-12
+3.6800000E+01	+2.0965072E-12	+4.9265690E-12
+3.7200000E+01	+4.4755916E-12	-1.7424841E-12
+3.7600000E+01	-1.4750981E-12	-3.0896617E-12
+3.8000000E+01	-1.1208668E-12	+1.5127374E-12
+3.8400000E+01	+1.8804636E-12	-8.9941766E-13
+3.8800000E+01	-2.4555644E-12	-2.3759454E-12
+3.9200000E+01	-2.6470367E-12	+3.2391340E-12
+3.9600000E+01	+3.2569157E-12	+2.3539375E-12
+4.0000000E+01	+1.3471495E-12	-2.8077984E-12
+4.0400000E+01	-2.3352742E-12	+2.2116273E-13
+4.0800000E+01	+1.9118417E-12	+2.2169268E-12
+4.1200000E+01	+2.5827281E-12	-3.1468073E-12
+4.1600000E+01	-3.4378552E-12	-3.2453781E-12
+4.2000000E+01	-3.7796680E-12	+2.6019718E-12
+4.2400000E+01	+8.6619406E-13	+3.7222300E-12
+4.2800000E+01	+2.8062362E-12	+1.1944689E-12
+4.3200000E+01	+2.8733678E-12	-1.1237775E-12
+4.3600000E+01	+8.6600518E-13	-3.6208429E-12
+4.4000000E+01	-3.2846457E-12	-2.5005755E-12
+4.4400000E+01	-3.1897902E-12	+2.1933115E-12
+4.4800000E+01	+1.0341785E-12	+2.6879995E-12
+4.5200000E+01	+1.2382583E-12	-5.6409030E-13
+4.5600000E+01	-1.2669236E-12	+4.8880368E-13
+4.6000000E+01	+1.6537227E-12	+3.1038924E-12
+4.6400000E+01	+5.4731542E-12	-1.6080880E-12
+4.6800000E+01	-2.0572209E-13	-7.4131825E-12
+4.7200000E+01	-7.9816689E-12	-2.0766642E-12
+4.7600000E+01	-4.2806122E-12	+6.6612699E-12
+4.8000000E+01	+3.6212565E-12	+5.3330433E-12
+4.8400000E+01	+4.5033761E-12	+2.8677495E-13
+4.8800000E+01	+3.8170243E-12	-1.7646896E-12
+4.9200000E+01	+2.1020317E-12	-5.8012475E-12
+4.9600000E+01	-5.6207055E-12	-5.7270995E-12
+5.0000000E+01	-7.6324658E-12	+3.4833675E-12
+5.0400000E+01	+3.8050994E-13	+6.7991795E-12
+5.0800000E+01	+3.1006046E-12	+2.2779663E-12
+5.1200000E+01	+3.2179724E-12	+2.5797088E-12
+5.1600000E+01	+8.6105908E-12	-1.8290919E-12
+5.2000000E+01	+1.5504915E-12	-1.3173091E-11
+5.2400000E+01	-1.4912755E-11	-5.7195868E-12
+5.2800000E+01	-9.0526159E-12	+1.3434956E-11
+5.3200000E+01	+9.4475710E-12	+1.0129538E-11
+5.3600000E+01	+8.3111856E-12	-4.4890955E-12
+5.4000000E+01	-3.4261271E-13	-4.0268867E-12
+5.4400000E+01	+1.3506703E-12	-1.6379495E-12
+5.4800000E+01	-1.0252317E-12	-6.0058778E-12
+5.5200000E+01	-8.3663450E-12	-1.5563875E-12
+5.5600000E+01	-4.7255131E-12	+7.7058346E-12
+5.6000000E+01	+4.4230771E-12	+6.9367497E-12
+5.6400000E+01	+7.1292417E-12	+1.1816270E-13
+5.6800000E+01	+4.1274984E-12	-5.1653218E-12
+5.7200000E+01	-1.8801384E-12	-6.0919167E-12
+5.7600000E+01	-5.3649767E-12	-1.2764201E-12
+5.8000000E+01	-2.8556950E-12	+2.4070105E-12
+5.8400000E+01	-1.4164044E-12	+2.0278658E-12
+5.8800000E+01	-1.0549314E-12	+4.3917438E-12
+5.9200000E+01	+5.1424772E-12	+5.2995103E-12
+5.9600000E+01	+9.0979838E-12	-3.1662457E-12
+6.0000000E+01	+9.8513570E-13	-1.0962126E-11
+6.0400000E+01	-1.0105209E-11	-5.9422460E-12
+6.0800000E+01	-1.0060648E-11	+6.7371964E-12
+6.1200000E+01	+1.9620414E-12	+1.2040256E-11
+6.1600000E+01	+1.1372634E-11	+2.6685612E-12
+6.2000000E+01	+5.7529756E-12	-8.4512559E-12
+6.2400000E+01	-4.3275278E-12	-6.5441268E-12
+6.2800000E+01	-5.1667119E-12	+2.4153902E-13
+6.3200000E+01	-2.8607410E-12	+2.4816516E-12
+6.3600000E+01	-3.1961337E-13	+4.6244607E-12
+6.4000000E+01	+5.2940625E-12	+2.2045138E-12
+6.4400000E+01	+2.6676541E-12	-5.4628840E-12
+6.4800000E+01	-5.7041009E-12	-1.8425327E-12
+6.5200000E+01	-3.4195220E-13	+6.2624873E-12
+6.5600000E+01	+6.9432948E-12	-1.0715264E-12
+6.6000000E+01	-1.8225399E-12	-7.2336560E-12
+6.6400000E+01	-6.5825350E-12	+1.7207223E-12
+6.6800000E+01	+9.5218867E-13	+4.6972918E-12
+6.7200000E+01	+1.7163791E-12	+1.0078437E-13
+6.7600000E+01	+1.1015660E-12	+1.8167125E-12
+6.8000000E+01	+5.1574975E-12	-1.9349288E-12
+6.8400000E+01	-2.7339587E-12	-7.6417424E-12
+6.8800000E+01	-8.9144038E-12	+3.7564398E-12
+6.9200000E+01	+5.1856209E-12	+9.0093253E-12
+6.9600000E+01	+8.2578756E-12	-6.9659540E-12
+7.0000000E+01	-8.7640316E-12	-7.0851063E-12
+7.0400000E+01	-5.8000571E-12	+1.0080550E-11
+7.0800000E+01	+1.0463022E-11	+4.4818522E-12
+7.1200000E+01	+3.0101673E-12	-9.7179202E-12
+7.1600000E+01	-8.0188322E-12	-1.2145868E-12
+7.2000000E+01	+9.4184512E-13	+5.8546279E-12
+7.2400000E+01	+3.8358656E-12	-3.2461923E-12
+7.2800000E+01	-5.2545166E-12	-2.4441349E-12
+7.3200000E+01	-1.8369275E-12	+6.4476288E-12
+7.3600000E+01	+6.4566373E-12	+1.7970945E-12
+7.4000000E+01	+1.8515370E-12	-5.2530259E-12
+7.4400000E+01	-3.2084965E-12	-1.5074928E-12
+7.4800000E+01	-5.0095901E-13	+9.8510349E-13
+7.5200000E+01	-7.0811878E-13	-1.0552723E-12
+7.5600000E+01	-2.6932795E-12	+1.3937139E-12
+7.6000000E+01	+1.0210135E-12	+3.7760622E-12
+7.6400000E+01	+3.7695032E-12	+8.7741180E-15
+7.6800000E+01	+1.0035209E-12	-2.4824983E-12
+7.7200000E+01	-1.6980955E-13	-1.2635809E-12
+7.7600000E+01	-3.7054671E-13	-2.5489775E-12
+7.8000000E+01	-4.9212472E-12	-1.6394025E-12
+7.8400000E+01	-4.2899532E-12	+6.3451420E-12
+7.8800000E+01	+6.5841734E-12	+6.8594575E-12
+7.9200000E+01	+8.6718705E-12	-5.8223984E-12
+7.9600000E+01	-4.5406636E-12	-9.3594138E-12
+8.0000000E+01	-8.9865297E-12	+3.2737023E-12
+8.0400000E+01	+2.3603317E-12	+7.9866410E-12
+8.0800000E+01	+6.9457825E-12	-1.8010323E-12
+8.1200000E+01	-1.2876237E-12	-6.3337181E-12
+8.1600000E+01	-6.3042165E-12	+3.9061591E-13
+8.2000000E+01	-1.1833238E-12	+6.6525207E-12
+8.2400000E+01	+6.9450555E-12	+3.3852882E-12
+8.2800000E+01	+5.7698461E-12	-6.7571669E-12
+8.3200000E+01	-5.9051815E-12	-7.6257558E-12
+8.3600000E+01	-8.2414292E-12	+4.5619320E-12
+8.4000000E+01	+3.1989779E-12	+7.1928037E-12
+8.4400000E+01	+4.5288714E-12	-2.3794960E-12
+8.4800000E+01	-2.4962199E-12	-7.7352015E-13
+8.5200000E+01	+3.2575470E-12	+3.5762539E-12
+8.5600000E+01	+5.2458106E-12	-6.7451952E-12
+8.6000000E+01	-9.1359427E-12	-6.8754311E-12
+8.6400000E+01	-7.8429258E-12	+1.0278621E-11
+8.6800000E+01	+1.0378312E-11	+7.7956258E-12
+8.7200000E+01	+6.7919748E-12	-9.8026663E-12
+8.7600000E+01	-8.8440460E-12	-5.2568994E-12
+8.8000000E+01	-3.7715859E-12	+7.5599753E-12
+8.8400000E+01	+5.7743419E-12	+2.7966259E-12
+8.8800000E+01	+2.4608183E-12	-3.2405727E-12
+8.9200000E+01	+1.1636953E-13	-2.5190708E-12
+8.9600000E+01	-2.5033599E-12	-4.0089818E-12
+9.0000000E+01	-7.7613954E-12	+1.9965699E-12
+9.0400000E+01	+8.9471635E-13	+1.0489147E-11
+9.0800000E+01	+1.1425314E-11	+4.7901581E-13
+9.1200000E+01	+1.4804223E-12	-1.0254826E-11
+9.1600000E+01	-7.3000279E-12	-1.4385732E-12
+9.2000000E+01	-1.0258368E-14	+3.4554113E-12
+9.2400000E+01	-1.2292466E-13	-2.5746223E-12
+9.2800000E+01	-5.5089094E-12	+2.4542323E-12
+9.3200000E+01	+3.1115741E-12	+7.6743671E-12
+9.3600000E+01	+8.0823801E-12	-2.3720375E-12
+9.4000000E+01	-1.0633531E-12	-6.3040303E-12
+9.4400000E+01	-2.6949579E-12	+1.6593393E-13
+9.4800000E+01	+3.4351288E-13	-1.6997061E-12
+9.5200000E+01	-5.5375617E-12	-1.6154946E-12
+9.5600000E+01	-3.3276399E-12	+7.7108110E-12
+9.6000000E+01	+7.7904998E-12	+4.4463925E-12
+9.6400000E+01	+4.0534884E-12	-6.1860944E-12
+9.6800000E+01	-3.9439555E-12	-1.8194612E-12
+9.7200000E+01	+1.7654351E-12	+2.2674520E-12
+9.7600000E+01	+1.9678554E-12	-5.5228553E-12
+9.8000000E+01	-8.0405139E-12	-3.0902698E-12
+9.8400000E+01	-4.8845554E-12	+8.2617297E-12
+9.8800000E+01	+5.9562965E-12	+6.1391219E-12
+9.9200000E+01	+5.7333629E-12	-1.8638509E-12
+9.9600000E+01	+2.5603112E-12	-3.1655499E-12
+1.0000000E+02	+1.1778115E-12	-5.6959688E-12
+1.0040000E+02	-6.3770629E-12	-6.1318746E-12
+1.0080000E+02	-1.0197111E-11	+4.3237401E-12
+1.0120000E+02	+2.1553738E-13	+1.2126790E-11
+1.0160000E+02	+1.1409386E-11	+4.6107417E-12
+1.0200000E+02	+8.6977831E-12	-8.4477603E-12
+1.0240000E+02	-4.3716698E-12	-1.1008273E-11
+1.0280000E+02	-1.1251297E-11	+5.7686386E-13
+1.0320000E+02	-1.8069086E-12	+9.8818833E-12
+1.0360000E+02	+7.8068009E-12	+2.3000132E-12
+1.0400000E+02	+1.1677512E-12	-5.9500476E-12
+1.0440000E+02	-4.8755682E-12	+7.8388448E-13
+1.0480000E+02	+2.5966294E-12	+4.6195747E-12
+1.0520000E+02	+4.7778824E-12	-3.5533398E-12
+1.0560000E+02	-3.4155187E-12	-4.7776865E-12
+1.0600000E+02	-4.1902645E-12	+2.4290929E-12
+1.0640000E+02	+1.1301854E-12	+2.9392832E-12
+1.0680000E+02	+1.3223030E-12	-6.3425919E-14
+1.0720000E+02	+4.5304850E-13	+1.4405589E-13
+1.0760000E+02	+9.6667434E-13	-4.2184036E-13
+1.0800000E+02	-1.0217167E-13	-8.8769855E-13
+1.0840000E+02	+2.6318520E-14	-1.5616110E-13
+1.0880000E+02	-8.5961375E-14	-1.4443409E-12
+1.0920000E+02	-2.9357476E-12	-4.0110450E-13
+1.0960000E+02	-1.2297668E-12	+4.1529721E-12
+1.1000000E+02	+4.9460242E-12	+2.2616247E-12
+1.1040000E+02	+3.4121976E-12	-5.3644217E-12
+1.1080000E+02	-5.5611785E-12	-4.7113797E-12
+1.1120000E+02	-6.2677792E-12	+5.6615173E-12
+1.1160000E+02	+5.6736782E-12	+8.1518301E-12
+1.1200000E+02	+1.0260903E-11	-5.4944502E-12
+1.1240000E+02	-5.0100016E-12	-1.2247896E-11
+1.1280000E+02	-1.3572386E-11	+4.2380578E-12
+1.1320000E+02	+3.4271464E-12	+1.3678137E-11
+1.1360000E+02	+1.2236238E-11	-3.0392233E-12
+1.1400000E+02	-3.5923228E-12	-9.3490375E-12
+1.1440000E+02	-5.6098693E-12	+5.4099713E-12
+1.1480000E+02	+8.3824993E-12	+1.9630344E-12
+1.1520000E+02	-6.0855262E-13	-1.1862151E-11
+1.1560000E+02	-1.4774583E-11	+1.4580558E-12
+1.1600000E+02	+5.5755216E-13	+1.5943818E-11
+1.1640000E+02	+1.4528936E-11	+1.4453803E-12
+1.1680000E+02	+3.4484126E-12	-1.0402849E-11
+1.1720000E+02	-4.3025101E-12	-4.3267670E-12
+1.1760000E+02	-3.4101802E-12	-2.3441312E-12
+1.1800000E+02	-7.8805568E-12	+8.0052360E-13
+1.1840000E+02	-2.6227205E-12	+1.1010570E-11
+1.1880000E+02	+1.1279819E-11	+5.5364244E-12
+1.1920000E+02	+6.7248363E-12	-9.2419630E-12
+1.1960000E+02	-6.2220043E-12	-5.6180360E-12
+1.2000000E+02	-2.5767119E-12	+3.7585232E-12
+1.2040000E+02	+2.9516183E-12	-1.2201315E-12
+1.2080000E+02	-4.2574045E-12	-3.9964889E-12
+1.2120000E+02	-6.1131268E-12	+5.3390626E-12
+1.2160000E+02	+4.1285089E-12	+7.9144054E-12
+1.2200000E+02	+8.0591372E-12	-1.3226241E-12
+1.2240000E+02	+1.6383735E-12	-5.9016577E-12
+1.2280000E+02	-1.8402546E-12	-3.2155443E-12
+1.2320000E+02	-2.4924097E-12	-2.8065863E-12
+1.2360000E+02	-6.3569543E-12	-3.5446199E-13
+1.2400000E+02	-4.0643957E-12	+7.5157765E-12
+1.2440000E+02	+5.9810914E-12	+6.8026050E-12
+1.2480000E+02	+6.9664376E-12	-2.6221313E-12
+1.2520000E+02	+8.6970412E-13	-3.9401742E-12
+1.2560000E+02	+1.5409418E-12	-2.7191053E-12
+1.2600000E+02	-1.8746123E-12	-7.5960546E-12
+1.2640000E+02	-1.1906841E-11	-1.4765166E-12
+1.2680000E+02	-5.9292083E-12	+1.2639688E-11
+1.2720000E+02	+9.1932198E-12	+9.4283121E-12
+1.2760000E+02	+1.0151496E-11	-2.4510563E-12
+1.2800000E+02	+5.5713880E-12	-7.3299027E-12
+1.2840000E+02	-1.6466308E-12	-1.2538321E-11
+1.2880000E+02	-1.6719425E-11	-4.9715536E-12
+1.2920000E+02	-1.0095637E-11	+1.7638668E-11
+1.2960000E+02	+1.6175885E-11	+1.1765719E-11
+1.3000000E+02	+9.2877840E-12	-1.4088018E-11
+1.3040000E+02	-1.3166695E-11	-3.5222302E-12
+1.3080000E+02	+3.4568299E-12	+1.4403319E-11
+1.3120000E+02	+1.7526039E-11	-9.1889892E-12
+1.3160000E+02	-1.1797196E-11	-2.1109060E-11
+1.3200000E+02	-2.3205477E-11	+1.0699687E-11
+1.3240000E+02	+6.7773222E-12	+2.2227931E-11
+1.3280000E+02	+1.7694240E-11	-1.9412118E-12
+1.3320000E+02	+1.7034077E-12	-1.0512842E-11
+1.3360000E+02	-2.6798364E-12	-2.7369930E-12
+1.3400000E+02	-9.7995491E-13	-3.4894347E-12
+1.3440000E+02	-6.2732791E-12	-2.5010025E-12
+1.3480000E+02	-5.9188555E-12	+5.2192872E-12
+1.3520000E+02	+1.3023217E-12	+7.5827435E-12
+1.3560000E+02	+6.6450295E-12	+3.4962662E-12
+1.3600000E+02	+7.0063931E-12	-3.4576561E-12
+1.3640000E+02	+6.0730383E-13	-7.7389447E-12
+1.3680000E+02	-5.4472910E-12	-3.7824715E-12
+1.3720000E+02	-4.6928486E-12	+1.1578106E-12
+1.3760000E+02	-3.3245861E-12	+2.9579186E-12
+1.3800000E+02	-6.5322429E-13	+6.2090967E-12
+1.3840000E+02	+6.4644824E-12	+4.5751743E-12
+1.3880000E+02	+7.1455592E-12	-4.2044630E-12
+1.3920000E+02	-5.6593831E-13	-7.3386138E-12
+1.3960000E+02	-5.2105555E-12	-2.8432275E-12
+1.4000000E+02	-4.6670563E-12	+1.8651321E-12
+1.4040000E+02	-1.0396649E-12	+4.3715441E-12
+1.4080000E+02	+2.4187710E-12	+2.0228694E-12
+1.4120000E+02	+4.2911423E-13	+1.3838771E-14
+1.4160000E+02	+1.6239651E-12	+3.2843409E-12
+1.4200000E+02	+7.7389870E-12	-1.6065280E-12
+1.4240000E+02	-2.4430536E-14	-1.1213163E-11
+1.4280000E+02	-1.2352068E-11	-2.2340705E-12
+1.4320000E+02	-3.8836012E-12	+1.0706546E-11
+1.4360000E+02	+6.8809548E-12	+3.8554868E-12
+1.4400000E+02	+1.8180050E-12	-2.2447519E-12
+1.4440000E+02	+1.6512126E-12	+1.6299235E-12
+1.4480000E+02	+5.1771800E-12	-3.6948938E-12
+1.4520000E+02	-3.6091833E-12	-7.3353531E-12
+1.4560000E+02	-7.0590773E-12	+1.9727642E-12
+1.4600000E+02	-1.1746269E-13	+4.1881699E-12
+1.4640000E+02	-4.7147184E-13	+1.5737628E-12
+1.4680000E+02	+1.7947210E-12	+5.4558063E-12
+1.4720000E+02	+9.2051367E-12	-8.8743183E-13
+1.4760000E+02	+4.4848068E-13	-1.0646708E-11
+1.4800000E+02	-9.5636338E-12	-1.3066207E-12
+1.4840000E+02	-1.0454036E-12	+6.6132475E-12
+1.4880000E+02	+3.0066835E-12	-3.7021916E-13
+1.4920000E+02	-2.3101407E-12	+1.4801025E-15
+1.4960000E+02	+1.5953164E-12	+3.7299300E-12
+1.5000000E+02	+3.6217997E-12	-1.6569676E-12
+1.5040000E+02	-7.1216786E-13	-1.4697140E-12
+1.5080000E+02	+2.4892450E-12	-3.9275476E-13
+1.5120000E+02	-9.2528366E-13	-7.3125454E-12
+1.5160000E+02	-1.1692806E-11	+6.1477940E-13
+1.5200000E+02	-2.3767106E-13	+1.4450892E-11
+1.5240000E+02	+1.4976547E-11	+9.2858311E-13
+1.5280000E+02	+7.1465060E-13	-1.3434442E-11
+1.5320000E+02	-1.0654237E-11	+8.0434789E-13
+1.5360000E+02	+3.4636130E-12	+7.7587941E-12
+1.5400000E+02	+5.6963330E-12	-6.5791149E-12
+1.5440000E+02	-9.2432016E-12	-4.8808171E-12
+1.5480000E+02	-5.0925096E-12	+1.0733714E-11
+1.5520000E+02	+1.0843366E-11	+5.6701219E-12
+1.5560000E+02	+5.8915799E-12	-9.9692894E-12
+1.5600000E+02	-8.9132996E-12	-5.3541924E-12
+1.5640000E+02	-4.1682241E-12	+8.4818625E-12
+1.5680000E+02	+9.0755290E-12	+2.8707549E-12
+1.5720000E+02	+2.1064892E-12	-1.0470383E-11
+1.5760000E+02	-1.1908395E-11	-2.2417596E-12
+1.5800000E+02	-3.1174195E-12	+1.2466458E-11
+1.5840000E+02	+1.1534342E-11	+4.0826137E-12
+1.5880000E+02	+4.3117531E-12	-9.1687001E-12
+1.5920000E+02	-6.1388357E-12	-3.2580414E-12
+1.5960000E+02	-1.0136059E-12	+3.6220767E-12
+1.6000000E+02	+2.6771062E-12	-1.6249653E-12
+1.6040000E+02	-3.4532326E-12	-3.7399458E-12
+1.6080000E+02	-6.3892496E-12	+3.4069282E-12
+1.6120000E+02	+1.1139893E-12	+9.5084856E-12
+1.6160000E+02	+1.1785064E-11	+2.8210245E-12
+1.6200000E+02	+6.9641796E-12	-1.2319335E-11
+1.6240000E+02	-1.1052450E-11	-9.6002010E-12
+1.6280000E+02	-9.4576697E-12	+8.7972005E-12
+1.6320000E+02	+6.8394862E-12	+6.2902015E-12
+1.6360000E+02	+1.0413060E-12	-6.2853369E-12
+1.6400000E+02	-7.4600287E-12	+4.5008772E-12
+1.6440000E+02	+8.4238874E-12	+9.6555197E-12
+1.6480000E+02	+1.1369982E-11	-9.4774215E-12
+1.6520000E+02	-7.5806342E-12	-1.0956414E-11
+1.6560000E+02	-7.4010997E-12	+3.8252526E-12
+1.6600000E+02	-2.6613459E-14	+8.7996060E-13
+1.6640000E+02	-7.1717099E-12	+2.3254931E-12
+1.6680000E+02	+2.2496831E-12	+1.4530224E-11
+1.6720000E+02	+1.9010500E-11	-1.3721013E-13
+1.6760000E+02	+2.7057086E-12	-1.9305143E-11
+1.6800000E+02	-1.5483685E-11	-4.6243318E-12
+1.6840000E+02	-4.3786172E-12	+8.9462460E-12
+1.6880000E+02	+1.8597654E-12	+1.7071376E-12
+1.6920000E+02	-2.5551212E-12	+3.6777626E-12
+1.6960000E+02	+6.3937204E-12	+6.8480956E-12
+1.7000000E+02	+9.5723591E-12	-6.2147434E-12
+1.7040000E+02	-4.1306056E-12	-9.7799723E-12
+1.7080000E+02	-7.5671352E-12	+1.6426706E-12
+1.7120000E+02	+6.1480381E-14	+4.0045510E-12
+1.7160000E+02	+6.4831469E-13	+3.4990178E-14
+1.7200000E+02	-1.0389366E-12	+1.1442536E-12
+1.7240000E+02	+7.9140021E-13	+2.3392521E-12
+1.7280000E+02	+2.8290693E-12	+1.2903754E-12
+1.7320000E+02	+3.9040541E-12	-1.9279805E-12
+1.7360000E+02	+1.8043369E-13	-5.6243322E-12
+1.7400000E+02	-5.4379255E-12	-2.6180569E-12
+1.7440000E+02	-4.2191664E-12	+3.1947805E-12
+1.7480000E+02	-3.1877524E-13	+4.0836372E-12
+1.7520000E+02	+2.0216644E-12	+3.7082263E-12
+1.7560000E+02	+5.5530052E-12	+1.3149073E-12
+1.7600000E+02	+4.6802901E-12	-4.9914729E-12
+1.7640000E+02	-2.0625388E-12	-6.7598901E-12
+1.7680000E+02	-6.7481024E-12	-2.3337327E-12
+1.7720000E+02	-6.8299833E-12	+4.7272667E-12
+1.7760000E+02	+1.6772519E-12	+1.0163550E-11
+1.7800000E+02	+1.1677649E-11	+9.0016589E-13
+1.7840000E+02	+1.5943056E-12	-1.1537107E-11
+1.7880000E+02	-1.0569920E-11	+3.1577784E-13
+1.7920000E+02	+4.5286226E-12	+9.8098136E-12
+1.7960000E+02	+9.9471008E-12	-9.7996215E-12
+1.8000000E+02	-1.4409436E-11	-1.0938703E-11
+1.8040000E+02	-1.1963132E-11	+1.6836298E-11
+1.8080000E+02	+1.6358604E-11	+1.1758334E-11
+1.8120000E+02	+9.2112017E-12	-1.3338354E-11
+1.8160000E+02	-9.0644644E-12	-3.9493190E-12
+1.8200000E+02	+3.3292517E-12	+5.2161610E-12
+1.8240000E+02	+3.1653705E-12	-1.0953972E-11
+1.8280000E+02	-1.6799877E-11	-3.4066197E-12
+1.8320000E+02	-5.3527326E-12	+1.9040465E-11
+1.8360000E+02	+1.6843771E-11	+7.5841737E-12
+1.8400000E+02	+8.4512562E-12	-1.0731269E-11
+1.8440000E+02	-2.4466436E-12	-6.7806144E-12
+1.8480000E+02	-2.3928115E-12	-5.6258973E-12
+1.8520000E+02	-1.1275026E-11	-3.7840483E-12
+1.8560000E+02	-1.0051909E-11	+1.3197161E-11
+1.8600000E+02	+1.1376515E-11	+1.4591651E-11
+1.8640000E+02	+1.6155914E-11	-6.9788632E-12
+1.8680000E+02	-1.8226271E-12	-1.4523856E-11
+1.8720000E+02	-1.0539101E-11	-2.3449043E-12
+1.8760000E+02	-4.4718793E-12	+5.7281457E-12
+1.8800000E+02	+1.6700347E-12	+4.4883612E-12
+1.8840000E+02	+3.1679699E-12	+6.1407032E-13
+1.8880000E+02	+1.0003137E-12	-1.6579042E-12
+1.8920000E+02	-9.0302298E-13	-2.0221735E-13
+1.8960000E+02	+6.4360155E-13	+1.2203427E-12
+1.9000000E+02	+2.2002611E-12	-5.5210148E-13
+1.9040000E+02	+8.3095465E-13	-2.9586672E-12
+1.9080000E+02	-2.6080684E-12	-3.0518307E-12
+1.9120000E+02	-5.0441182E-12	+7.2359270E-13
+1.9160000E+02	-2.4108351E-12	+5.6043324E-12
+1.9200000E+02	+3.9369240E-12	+5.8869883E-12
+1.9240000E+02	+8.5481284E-12	-3.2557381E-14
+1.9280000E+02	+5.2801556E-12	-9.4870746E-12
+1.9320000E+02	-8.4447620E-12	-1.0626888E-11
+1.9360000E+02	-1.4595592E-11	+5.9330612E-12
+1.9400000E+02	+3.0276993E-12	+1.6245492E-11
+1.9440000E+02	+1.5409904E-11	-9.2105115E-13
+1.9480000E+02	-4.2737415E-13	-1.2680869E-11
+1.9520000E+02	-9.1024129E-12	+1.6509680E-12
+1.9560000E+02	+3.9547514E-12	+5.7203676E-12
+1.9600000E+02	+3.1885980E-12	-6.2363745E-12
+1.9640000E+02	-7.3887568E-12	-1.5945666E-12
+1.9680000E+02	-5.6112878E-13	+6.7478270E-12
+1.9720000E+02	+4.3424082E-12	-4.4441631E-13
+1.9760000E+02	-1.7525232E-12	-8.5159909E-13
+1.9800000E+02	+2.6979277E-12	+3.2583110E-12
+1.9840000E+02	+4.4231109E-12	-5.3545350E-12
+1.9880000E+02	-6.6010377E-12	-4.5094670E-12
+1.9920000E+02	-2.9407597E-12	+6.5052854E-12
+1.9960000E+02	+5.6141088E-12	-3.7971369E-13
+2.0000000E+02	-4.9368267E-12	-4.6556678E-12
+2.0040000E+02	-4.1933057E-12	+9.7224016E-12
+2.0080000E+02	+1.3559012E-11	+4.3852176E-12
+2.0120000E+02	+4.9474353E-12	-1.5496450E-11
+2.0160000E+02	-1.5121181E-11	-5.3216405E-12
+2.0200000E+02	-4.9586442E-12	+1.2660632E-11
+2.0240000E+02	+8.8535250E-12	+3.5827557E-12
+2.0280000E+02	+1.3192403E-12	-4.6540625E-12
+2.0320000E+02	-8.9984134E-13	+1.3645123E-12
+2.0360000E+02	+3.8670155E-12	-1.9233512E-12
+2.0400000E+02	-3.7397270E-12	-5.7078127E-12
+2.0440000E+02	-6.7118583E-12	+4.7670634E-12
+2.0480000E+02	+5.3023421E-12	+7.0432167E-12
+2.0520000E+02	+7.0800794E-12	-5.5206597E-12
+2.0560000E+02	-5.3812641E-12	-7.1954428E-12
+2.0600000E+02	-7.5484782E-12	+4.6767618E-12
+2.0640000E+02	+3.1915509E-12	+7.9841107E-12
+2.0680000E+02	+8.0879085E-12	-8.8509277E-13
+2.0720000E+02	+1.9940660E-12	-7.3736608E-12
+2.0760000E+02	-5.5227535E-12	-4.9243828E-12
+2.0800000E+02	-7.2587415E-12	+2.5720395E-12
+2.0840000E+02	-1.0315110E-12	+8.4453827E-12
+2.0880000E+02	+8.2314476E-12	+4.5360865E-12
+2.0920000E+02	+7.1123231E-12	-6.7643436E-12
+2.0960000E+02	-4.5476472E-12	-8.1170003E-12
+2.1000000E+02	-7.2951190E-12	+2.2669477E-12
+2.1040000E+02	+5.5245570E-13	+4.8485173E-12
+2.1080000E+02	+1.3518908E-12	+2.3108725E-13
+2.1120000E+02	+8.9201585E-14	+2.4454844E-12
+2.1160000E+02	+5.8542533E-12	+6.3823072E-13
+2.1200000E+02	+1.4339962E-12	-8.4298074E-12
+2.1240000E+02	-1.0046786E-11	-1.8166352E-12
+2.1280000E+02	-1.5257040E-12	+1.0849228E-11
+2.1320000E+02	+1.1111100E-11	+6.0949456E-13
+2.1360000E+02	-6.1408873E-13	-1.1073687E-11
+2.1400000E+02	-1.0829770E-11	+1.7026741E-12
+2.1440000E+02	+2.2796238E-12	+1.0299807E-11
+2.1480000E+02	+9.3038130E-12	-2.1932295E-12
+2.1520000E+02	-1.5836064E-12	-7.6918299E-12
+2.1560000E+02	-5.4720579E-12	+8.3369049E-13
+2.1600000E+02	+4.2585177E-13	+2.8779201E-12
+2.1640000E+02	+3.4149715E-13	-7.6046942E-13
+2.1680000E+02	-2.0045875E-12	+1.6205293E-12
+2.1720000E+02	+2.5671031E-12	+4.0243481E-12
+2.1760000E+02	+6.4215176E-12	-2.2800245E-12
+2.1800000E+02	-8.4466864E-13	-8.6561151E-12
+2.1840000E+02	-1.0208674E-11	-1.3637317E-12
+2.1880000E+02	-3.7817858E-12	+1.0726591E-11
+2.1920000E+02	+1.0110422E-11	+5.8116405E-12
+2.1960000E+02	+6.9764209E-12	-8.5210120E-12
+2.2000000E+02	-6.3159429E-12	-7.0315623E-12
+2.2040000E+02	-6.0051272E-12	+3.9437732E-12
+2.2080000E+02	+1.8314557E-12	+4.1648430E-12
+2.2120000E+02	+1.9306038E-12	-2.9482895E-13
+2.2160000E+02	+5.1080048E-13	+2.3747329E-13
+2.2200000E+02	+1.9447895E-12	-5.9685818E-13
+2.2240000E+02	-1.1169797E-13	-2.9384819E-12
+2.2280000E+02	-3.1415247E-12	-7.1264584E-13
+2.2320000E+02	-1.6231024E-12	+2.6426008E-12
+2.2360000E+02	+1.6482455E-12	+2.4040284E-12
+2.2400000E+02	+2.9193699E-12	-4.1048572E-13
+2.2440000E+02	+8.5178516E-13	-3.1292995E-12
+2.2480000E+02	-3.0775134E-12	-2.0168950E-12
+2.2520000E+02	-3.0907781E-12	+2.8534166E-12
+2.2560000E+02	+2.5422600E-12	+4.1918788E-12
+2.2600000E+02	+5.4916637E-12	-2.1823674E-12
+2.2640000E+02	-1.7482515E-12	-7.1271235E-12
+2.2680000E+02	-9.1140294E-12	+1.1700874E-12
+2.2720000E+02	+3.8558818E-13	+1.1293599E-11
+2.2760000E+02	+1.3337435E-11	+5.9491701E-13
+2.2800000E+02	+1.6388511E-12	-1.4817295E-11
+2.2840000E+02	-1.5323121E-11	-2.4843736E-12
+2.2880000E+02	-2.7897331E-12	+1.4593321E-11
+2.2920000E+02	+1.2613327E-11	+2.2314061E-12
+2.2960000E+02	+6.2207449E-13	-9.6461539E-12
+2.3000000E+02	-6.1802227E-12	+1.9930926E-12
+2.3040000E+02	+5.3011075E-12	+2.8079005E-12
+2.3080000E+02	+7.2793520E-14	-8.7681955E-12
+2.3120000E+02	-1.1762674E-11	+1.6646060E-12
+2.3160000E+02	+2.2996172E-12	+1.3719107E-11
+2.3200000E+02	+1.4291757E-11	-1.9734470E-12
+2.3240000E+02	-9.8990764E-13	-1.3446140E-11
+2.3280000E+02	-1.1457251E-11	-3.0540631E-13
+2.3320000E+02	-1.6353192E-12	+8.8153969E-12
+2.3360000E+02	+6.0735244E-12	+2.8495530E-12
+2.3400000E+02	+3.9142470E-12	-3.6907188E-12
+2.3440000E+02	-1.9265146E-12	-4.8461944E-12
+2.3480000E+02	-5.6302411E-12	+8.1924751E-13
+2.3520000E+02	+2.4719610E-13	+6.1657955E-12
+2.3560000E+02	+6.2746156E-12	-3.7800253E-14
+2.3600000E+02	-7.2054977E-14	-5.7723430E-12
+2.3640000E+02	-4.5735992E-12	+3.3632806E-13
+2.3680000E+02	+9.0038026E-13	+2.7800297E-12
+2.3720000E+02	+7.0298162E-13	-1.8365963E-12
+2.3760000E+02	-3.1248265E-12	+1.2018505E-12
+2.3800000E+02	+2.4717658E-12	+4.5957844E-12
+2.3840000E+02	+5.9488567E-12	-2.7957211E-12
+2.3880000E+02	-2.1295363E-12	-6.8446065E-12
+2.3920000E+02	-7.0345227E-12	+7.1714230E-13
+2.3960000E+02	-9.9480239E-13	+6.4688560E-12
+2.4000000E+02	+5.3290871E-12	+2.5163250E-12
+2.4040000E+02	+3.4826108E-12	-3.9634957E-12
+2.4080000E+02	-2.7485528E-12	-3.7623325E-12
+2.4120000E+02	-3.4633014E-12	+1.9349364E-12
+2.4160000E+02	+1.5472500E-12	+2.8389233E-12
+2.4200000E+02	+2.1434513E-12	-1.3848876E-12
+2.4240000E+02	-1.1266907E-12	-1.5063535E-12
+2.4280000E+02	-8.8559749E-13	+4.9420265E-13
+2.4320000E+02	-6.0030423E-13	+1.2085960E-13
+2.4360000E+02	-9.4139607E-13	+1.9902585E-12
+2.4400000E+02	+3.3082580E-12	+2.3152101E-12
+2.4440000E+02	+3.8049124E-12	-4.1365512E-12
+2.4480000E+02	-4.1898037E-12	-5.0397100E-12
+2.4520000E+02	-5.6063417E-12	+3.4492350E-12
+2.4560000E+02	+2.1873084E-12	+5.2254141E-12
+2.4600000E+02	+3.8930906E-12	-8.6979174E-13
+2.4640000E+02	+2.4134772E-14	-1.9211867E-12
+2.4680000E+02	+1.4908226E-13	-1.8708238E-13
+2.4720000E+02	+4.0478063E-13	-1.7300396E-12
+2.4760000E+02	-2.3950386E-12	-1.4997272E-12
+2.4800000E+02	-2.6922871E-12	+2.0266687E-12
+2.4840000E+02	+8.4598605E-13	+3.6040228E-12
+2.4880000E+02	+4.0441197E-12	+6.8755358E-13
+2.4920000E+02	+2.0626030E-12	-4.0809792E-12
+2.4960000E+02	-3.9957025E-12	-2.9116063E-12
+2.5000000E+02	-3.1367532E-12	+4.1396663E-12
+2.5040000E+02	+4.7591879E-12	+2.9182288E-12
+2.5080000E+02	+2.6064548E-12	-5.8636041E-12
+2.5120000E+02	-7.1941100E-12	-2.5473963E-12
+2.5160000E+02	-2.9158217E-12	+8.3081957E-12
+2.5200000E+02	+8.7465921E-12	+3.6259737E-12
+2.5240000E+02	+4.3557783E-12	-8.2159785E-12
+2.5280000E+02	-6.7144938E-12	-4.6738721E-12
+2.5320000E+02	-4.2174940E-12	+4.5500759E-12
+2.5360000E+02	+2.2439520E-12	+2.8498119E-12
+2.5400000E+02	+7.3446226E-13	-3.5607390E-13
+2.5440000E+02	+7.0147598E-13	+1.7015634E-12
+2.5480000E+02	+3.9018286E-12	-7.9401359E-13
+2.5520000E+02	-9.1182353E-14	-5.3595782E-12
+2.5560000E+02	-5.7748506E-12	-1.0139772E-12
+2.5600000E+02	-2.0581944E-12	+5.1332188E-12
+2.5640000E+02	+3.6820838E-12	+2.6721956E-12
+2.5680000E+02	+2.6940863E-12	-1.8207270E-12
+2.5720000E+02	+4.7641509E-14	-2.1935149E-12
+2.5760000E+02	-1.4057654E-12	-1.6423255E-12
+2.5800000E+02	-2.8638016E-12	+6.1081096E-13
+2.5840000E+02	+1.2012083E-14	+3.7696656E-12
+2.5880000E+02	+4.4886161E-12	+3.3488387E-13
+2.5920000E+02	+5.1685692E-13	-5.1180168E-12
+2.5960000E+02	-5.6543136E-12	-6.9187130E-13
+2.6000000E+02	-9.8821115E-13	+5.9874506E-12
+2.6040000E+02	+5.9591768E-12	+1.4236885E-12
+2.6080000E+02	+1.8822294E-12	-5.4550764E-12
+2.6120000E+02	-4.4847059E-12	-2.1576925E-12
+2.6160000E+02	-2.0436247E-12	+3.2099798E-12
+2.6200000E+02	+1.9058578E-12	+1.4270547E-12
+2.6240000E+02	+3.4330560E-13	-8.6834049E-13
+2.6280000E+02	-3.0875526E-13	+1.0328880E-12
+2.6320000E+02	+2.4556432E-12	+2.7973251E-13
+2.6360000E+02	+6.6459345E-13	-3.7047329E-12
+2.6400000E+02	-4.6677724E-12	-1.2344690E-12
+2.6440000E+02	-1.7485122E-12	+5.3715779E-12
+2.6480000E+02	+5.9492102E-12	+2.0545137E-12
+2.6520000E+02	+2.1474620E-12	-6.5575421E-12
+2.6560000E+02	-7.2819105E-12	-2.1615490E-12
+2.6600000E+02	-2.2989402E-12	+8.0705701E-12
+2.6640000E+02	+8.7299852E-12	+2.7247922E-12
+2.6680000E+02	+3.4721384E-12	-8.9874877E-12
+2.6720000E+02	-8.6003343E-12	-4.3971388E-12
+2.6760000E+02	-5.2063138E-12	+7.4703555E-12
+2.6800000E+02	+5.7186705E-12	+5.5500279E-12
+2.6840000E+02	+5.1507292E-12	-3.6871611E-12
+2.6880000E+02	-1.8584077E-12	-3.9195675E-12
+2.6920000E+02	-2.0164631E-12	+7.1505781E-13
+2.6960000E+02	+5.8307692E-13	-1.7355857E-13
+2.7000000E+02	-2.1463878E-12	-1.5126057E-12
+2.7040000E+02	-3.2411019E-12	+3.4358298E-12
+2.7080000E+02	+3.7692493E-12	+5.2578842E-12
+2.7120000E+02	+6.9547303E-12	-3.1658846E-12
+2.7160000E+02	-1.9384552E-12	-7.8153607E-12
+2.7200000E+02	-7.5793645E-12	+5.9141490E-13
+2.7240000E+02	-3.5266678E-13	+6.3212968E-12
+2.7280000E+02	+4.4135873E-12	+5.3770961E-13
+2.7320000E+02	-9.9381905E-14	-2.3839486E-12
+2.7360000E+02	-7.1887007E-13	+1.3110348E-12
+2.7400000E+02	+2.6407385E-12	-3.1200971E-13
+2.7440000E+02	-7.4131093E-13	-3.6075084E-12
+2.7480000E+02	-3.9010150E-12	+8.6385572E-13
+2.7520000E+02	+1.0864155E-12	+3.5076651E-12
+2.7560000E+02	+2.7132962E-12	-1.7291249E-12
+2.7600000E+02	-2.8628991E-12	-1.9778683E-12
+2.7640000E+02	-1.7316419E-12	+4.2544893E-12
+2.7680000E+02	+5.4466947E-12	+2.1775839E-12
+2.7720000E+02	+3.1849020E-12	-5.9435864E-12
+2.7760000E+02	-5.4241610E-12	-4.3221247E-12
+2.7800000E+02	-5.0197151E-12	+3.8934335E-12
+2.7840000E+02	+1.7048371E-12	+4.7967760E-12
+2.7880000E+02	+3.4583209E-12	+5.5818964E-13
+2.7920000E+02	+2.2937153E-12	-1.1814940E-12
+2.7960000E+02	+1.5439298E-12	-3.0988380E-12
+2.8000000E+02	-2.9044829E-12	-4.0940460E-12
+2.8040000E+02	-5.9326993E-12	+1.9752566E-12
+2.8080000E+02	+7.8023611E-13	+6.7857878E-12
+2.8120000E+02	+6.7010777E-12	+2.0568858E-13
+2.8160000E+02	+6.8424413E-13	-5.9781559E-12
+2.8200000E+02	-5.0085505E-12	-6.2623712E-13
+2.8240000E+02	-2.4322741E-13	+4.1009341E-12
+2.8280000E+02	+3.3666241E-12	-1.3894517E-13
+2.8320000E+02	-2.4213377E-13	-2.7083938E-12
+2.8360000E+02	-1.9072982E-12	-3.9261824E-14
+2.8400000E+02	-6.0099811E-13	+7.6019690E-13
+2.8440000E+02	-7.9717772E-13	+1.1876337E-12
+2.8480000E+02	+1.5136545E-12	+2.6347256E-12
+2.8520000E+02	+4.4593515E-12	-1.3901612E-12
+2.8560000E+02	-8.0346709E-13	-5.9138025E-12
+2.8600000E+02	-6.6973312E-12	-8.2343005E-14
+2.8640000E+02	-9.9237704E-13	+6.6586522E-12
+2.8680000E+02	+5.8290103E-12	+1.6435051E-12
+2.8720000E+02	+1.8390034E-12	-4.3914934E-12
+2.8760000E+02	-2.6083373E-12	-1.5213938E-12
+2.8800000E+02	-7.7141892E-13	+7.4043647E-13
+2.8840000E+02	-1.0105181E-12	-2.3613872E-13
+2.8880000E+02	-1.2950887E-12	+2.5223784E-12
+2.8920000E+02	+3.7389047E-12	+2.2230997E-12
+2.8960000E+02	+2.8933097E-12	-4.6386375E-12
+2.9000000E+02	-5.2057958E-12	-3.2397243E-12
+2.9040000E+02	-3.2449453E-12	+5.4167385E-12
+2.9080000E+02	+5.2450943E-12	+2.9231076E-12
+2.9120000E+02	+2.3083156E-12	-4.6792845E-12
+2.9160000E+02	-3.7415659E-12	-1.4523047E-12
+2.9200000E+02	-4.2845121E-13	+2.4986996E-12
+2.9240000E+02	+1.0591884E-12	-6.6441599E-13
+2.9280000E+02	-1.7047629E-12	+4.4207562E-13
+2.9320000E+02	+1.8663764E-12	+2.5608349E-12
+2.9360000E+02	+3.1116615E-12	-3.0936380E-12
+2.9400000E+02	-4.0382229E-12	-3.2714781E-12
+2.9440000E+02	-3.0102776E-12	+4.6542890E-12
+2.9480000E+02	+4.9308003E-12	+2.3633309E-12
+2.9520000E+02	+1.4250702E-12	-4.8801279E-12
+2.9560000E+02	-4.5267140E-12	-3.2733473E-13
+2.9600000E+02	+7.9249251E-13	+3.9023109E-12
+2.9640000E+02	+3.0512232E-12	-1.8233296E-12
+2.9680000E+02	-2.7006429E-12	-2.0434011E-12
+2.9720000E+02	-9.8727651E-13	+3.4067394E-12
+2.9760000E+02	+3.9504189E-12	+3.0989722E-14
+2.9800000E+02	-6.5724682E-13	-4.3348639E-12
+2.9840000E+02	-4.5298465E-12	+9.3088258E-13
+2.9880000E+02	+7.1866208E-13	+4.4650098E-12
+2.9920000E+02	+4.0533201E-12	-7.0141022E-14
+2.9960000E+02	+8.2960113E-13	-3.2398575E-12
+3.0000000E+02	-2.0566485E-12	-1.6910782E-12
+3.0040000E+02	-2.1957310E-12	+6.5641766E-13
+3.0080000E+02	-6.9786379E-13	+2.0943601E-12
+3.0120000E+02	+1.2938593E-12	+1.6946738E-12
+3.0160000E+02	+2.0714463E-12	+1.0304200E-13
+3.0200000E+02	+1.8253657E-12	-1.7132289E-12
+3.0240000E+02	-7.1138069E-13	-3.5234294E-12
+3.0280000E+02	-4.8887516E-12	-6.4771781E-13
+3.0320000E+02	-1.9681555E-12	+5.7576338E-12
+3.0360000E+02	+6.1555274E-12	+2.8777424E-12
+3.0400000E+02	+3.1601528E-12	-6.2619067E-12
+3.0440000E+02	-6.3083033E-12	-2.8334618E-12
+3.0480000E+02	-2.1408220E-12	+6.4517178E-12
+3.0520000E+02	+6.6787032E-12	+1.4528749E-12
+3.0560000E+02	+1.1174865E-12	-6.7853548E-12
+3.0600000E+02	-6.4482932E-12	-1.3154540E-12
+3.0640000E+02	-1.9806844E-12	+5.3633720E-12
+3.0680000E+02	+3.3981904E-12	+2.8191342E-12
+3.0720000E+02	+3.4217459E-12	-6.9482514E-13
+3.0760000E+02	+2.3245468E-12	-3.4284025E-12
+3.0800000E+02	-2.6782382E-12	-5.0600082E-12
+3.0840000E+02	-6.9126703E-12	+1.2857034E-12
+3.0880000E+02	-3.8961846E-13	+7.4768504E-12
+3.0920000E+02	+6.6751371E-12	+1.8695074E-12
+3.0960000E+02	+2.7314677E-12	-4.7856823E-12
+3.1000000E+02	-2.3508736E-12	-2.7629614E-12
+3.1040000E+02	-2.0349809E-12	+8.6731339E-16
+3.1080000E+02	-1.7430378E-12	+8.6614962E-13
+3.1120000E+02	-3.0800824E-13	+2.6138817E-12
+3.1160000E+02	+2.6433515E-12	+1.1081274E-12
+3.1200000E+02	+1.3568979E-12	-2.0952636E-12
+3.1240000E+02	-1.3219281E-12	-1.1392020E-12
+3.1280000E+02	-7.5256288E-13	+6.0614063E-13
+3.1320000E+02	+5.4665520E-14	+5.6863357E-13
+3.1360000E+02	+8.6307318E-13	+4.1486105E-13
+3.1400000E+02	+9.9275181E-13	-1.6846783E-12
+3.1440000E+02	-2.8191804E-12	-1.8421136E-12
+3.1480000E+02	-2.9739440E-12	+3.8645651E-12
+3.1520000E+02	+4.3886403E-12	+4.1930208E-12
+3.1560000E+02	+5.1448698E-12	-4.1048573E-12
+3.1600000E+02	-2.9937370E-12	-5.4496122E-12
+3.1640000E+02	-4.8685342E-12	+1.3187958E-12
+3.1680000E+02	-4.7084369E-13	+3.4312182E-12
+3.1720000E+02	+1.4636523E-12	+1.9117000E-12
+3.1760000E+02	+2.7002027E-12	+5.0324900E-13
+3.1800000E+02	+1.9154655E-12	-2.7972715E-12
+3.1840000E+02	-2.4194816E-12	-2.3989831E-12
+3.1880000E+02	-1.9027057E-12	+1.9212120E-12
+3.1920000E+02	+1.6192249E-12	+7.2089473E-13
+3.1960000E+02	-6.1800379E-13	-1.6369084E-12
+3.2000000E+02	-1.8383758E-12	+1.5551697E-12
+3.2040000E+02	+1.7181955E-12	+1.8850043E-12
+3.2080000E+02	+1.3942343E-12	-1.0643811E-12
+3.2120000E+02	+1.0740357E-13	-1.3476546E-13
+3.2160000E+02	+1.8265746E-12	-1.2816030E-12
+3.2200000E+02	-1.9376249E-12	-4.0943335E-12
+3.2240000E+02	-6.0522437E-12	+1.7630157E-12
+3.2280000E+02	+7.8227753E-13	+7.0743729E-12
+3.2320000E+02	+6.7604005E-12	+6.5029485E-13
+3.2360000E+02	+1.9902754E-12	-5.1027077E-12
+3.2400000E+02	-2.5168787E-12	-2.7183785E-12
+3.2440000E+02	-2.5444506E-12	-2.8109668E-13
+3.2480000E+02	-2.5086630E-12	+1.5186155E-12
+3.2520000E+02	+6.1056039E-15	+3.5764710E-12
+3.2560000E+02	+3.2790179E-12	+1.4625881E-12
+3.2600000E+02	+2.4048720E-12	-1.8476584E-12
+3.2640000E+02	+1.5022810E-13	-2.5765455E-12
+3.2680000E+02	-2.0636195E-12	-2.0247010E-12
+3.2720000E+02	-3.2076690E-12	+1.2394208E-12
+3.2760000E+02	+6.0470865E-13	+3.4379906E-12
+3.2800000E+02	+2.8226266E-12	-5.7476546E-13
+3.2840000E+02	-1.2982016E-12	-1.7581933E-12
+3.2880000E+02	-7.5029120E-13	+2.5798338E-12
+3.2920000E+02	+3.9396548E-12	+2.0486416E-13
+3.2960000E+02	+2.7319732E-13	-4.7873986E-12
+3.3000000E+02	-4.6476474E-12	-8.0819251E-13
+3.3040000E+02	-1.4443623E-12	+3.3506393E-12
+3.3080000E+02	+1.1161706E-12	+1.7653494E-12
+3.3120000E+02	+1.4893445E-12	+1.5025613E-12
+3.3160000E+02	+3.7965577E-12	-5.9700204E-13
+3.3200000E+02	+6.4989116E-13	-5.1366797E-12
+3.3240000E+02	-5.1828017E-12	-1.8071121E-12
+3.3280000E+02	-2.4255272E-12	+3.9919835E-12
+3.3320000E+02	+1.9886022E-12	+2.2372753E-12
+3.3360000E+02	+1.2760792E-12	+1.8994776E-13
+3.3400000E+02	+1.9134302E-12	+1.1807894E-13
+3.3440000E+02	+1.4151653E-12	-2.7637274E-12
+3.3480000E+02	-2.6515724E-12	-2.0902249E-12
+3.3520000E+02	-1.8238646E-12	+1.8072974E-12
+3.3560000E+02	+6.5651434E-13	+6.3098843E-13
+3.3600000E+02	-1.1330333E-12	+3.6508171E-13
+3.3640000E+02	+9.8234604E-13	+2.8933025E-12
+3.3680000E+02	+4.0594314E-12	-1.1700410E-12
+3.3720000E+02	-1.1290745E-12	-4.2366577E-12
+3.3760000E+02	-3.3650720E-12	+1.1646560E-12
+3.3800000E+02	+1.5214388E-12	+1.7354030E-12
+3.3840000E+02	-1.2301581E-13	-2.2478404E-12
+3.3880000E+02	-3.1491121E-12	+1.6378799E-12
+3.3920000E+02	+2.3978560E-12	+3.8515531E-12
+3.3960000E+02	+3.9536585E-12	-2.2879643E-12
+3.4000000E+02	-1.5077792E-12	-3.2029754E-12
+3.4040000E+02	-1.6251833E-12	+4.7041730E-13
+3.4080000E+02	-3.7339991E-13	-4.5040405E-13
+3.4120000E+02	-2.4840570E-12	+7.1416901E-13
+3.4160000E+02	+4.9471643E-13	+3.9053723E-12
+3.4200000E+02	+4.3123505E-12	+8.7549086E-14
+3.4240000E+02	+6.8333472E-13	-3.6140423E-12
+3.4280000E+02	-2.0622721E-12	-9.5296224E-13
+3.4320000E+02	-7.1802160E-13	+1.6053790E-13
+3.4360000E+02	-1.5148500E-12	+4.0402162E-14
+3.4400000E+02	-8.0285712E-13	+2.5135105E-12
+3.4440000E+02	+2.6556700E-12	+1.4370770E-12
+3.4480000E+02	+1.5502525E-12	-2.0713747E-12
+3.4520000E+02	-1.1244929E-12	-1.0296645E-12
+3.4560000E+02	-1.8521983E-14	+2.5582643E-13
+3.4600000E+02	-1.9108535E-13	-1.1308559E-12
+3.4640000E+02	-1.9890717E-12	+9.4230734E-14
+3.4680000E+02	-4.1734908E-13	+2.2147838E-12
+3.4720000E+02	+1.6881025E-12	+1.0348368E-12
+3.4760000E+02	+1.4084238E-12	-5.6038752E-13
+3.4800000E+02	+7.9839327E-13	-1.2956610E-12
+3.4840000E+02	-6.6043477E-13	-1.9339026E-12
+3.4880000E+02	-2.4716430E-12	-3.1436966E-13
+3.4920000E+02	-1.3020121E-12	+2.2492745E-12
+3.4960000E+02	+1.3688152E-12	+1.9618578E-12
+3.5000000E+02	+2.0710343E-12	-1.5203433E-13
+3.5040000E+02	+9.8088768E-13	-1.6061600E-12
+3.5080000E+02	-7.4517770E-13	-1.6615696E-12
+3.5120000E+02	-1.6961141E-12	-2.0814304E-13
+3.5160000E+02	-9.4423906E-13	+1.1170685E-12
+3.5200000E+02	+1.5043663E-13	+1.2634184E-12
+3.5240000E+02	+1.1420969E-12	+8.8356955E-13
+3.5280000E+02	+1.6933907E-12	-7.2612015E-13
+3.5320000E+02	-2.5778329E-13	-2.1138550E-12
+3.5360000E+02	-2.1433883E-12	-3.0529790E-14
+3.5400000E+02	-1.1113190E-14	+1.9118955E-12
+3.5440000E+02	+1.5991247E-12	-2.9422075E-13
+3.5480000E+02	-7.3545445E-13	-1.3423373E-12
+3.5520000E+02	-1.1741451E-12	+1.1099427E-12
+3.5560000E+02	+1.2579545E-12	+1.0162553E-12
+3.5600000E+02	+7.2945623E-13	-1.1363167E-12
+3.5640000E+02	-8.3844415E-13	-1.9542494E-13
+3.5680000E+02	+6.0772699E-13	+5.5238566E-13
+3.5720000E+02	+4.7512310E-13	-1.5712642E-12
+3.5760000E+02	-2.4799658E-12	-7.2006908E-13
+3.5800000E+02	-1.2577526E-12	+3.0861750E-12
+3.5840000E+02	+3.2035442E-12	+1.9158934E-12
+3.5880000E+02	+2.4402885E-12	-2.7812876E-12
+3.5920000E+02	-1.9273834E-12	-2.5925272E-12
+3.5960000E+02	-2.2450696E-12	+8.7018221E-13
+3.6000000E+02	-1.2656365E-13	+1.4350286E-12
+3.6040000E+02	+3.5468280E-13	+8.6083229E-13
+3.6080000E+02	+1.2620811E-12	+7.1762702E-13
+3.6120000E+02	+1.5185782E-12	-1.4053677E-12
+3.6160000E+02	-1.4646454E-12	-1.8927208E-12
+3.6200000E+02	-1.8408004E-12	+1.6252824E-12
+3.6240000E+02	+1.9928428E-12	+1.5058079E-12
+3.6280000E+02	+1.1044848E-12	-2.5368670E-12
+3.6320000E+02	-3.0940599E-12	-8.3388295E-13
+3.6360000E+02	-7.9194112E-13	+3.4308110E-12
+3.6400000E+02	+3.3403630E-12	+9.4425241E-13
+3.6440000E+02	+1.1492894E-12	-2.7352776E-12
+3.6480000E+02	-1.6971244E-12	-1.2297227E-12
+3.6520000E+02	-1.0583553E-12	+4.6200781E-13
+3.6560000E+02	-6.5410396E-13	+6.2142704E-13
+3.6600000E+02	+3.1868090E-14	+1.3625108E-12
+3.6640000E+02	+1.5009028E-12	+5.1373457E-13
+3.6680000E+02	+8.1697431E-13	-1.0872634E-12
+3.6720000E+02	-3.0905954E-13	-7.6433033E-13
+3.6760000E+02	-3.8231518E-13	-5.4682685E-13
+3.6800000E+02	-1.1957377E-12	-1.6294115E-13
+3.6840000E+02	-6.2344557E-13	+1.4498162E-12
+3.6880000E+02	+1.2711445E-12	+7.6314564E-13
+3.6920000E+02	+4.5178259E-13	-7.6633773E-13
+3.6960000E+02	-1.2860756E-13	+2.7781758E-13
+3.7000000E+02	+1.2320057E-12	-4.4689854E-13
+3.7040000E+02	-8.3972328E-13	-2.1186514E-12
+3.7080000E+02	-2.6474688E-12	+1.0428602E-12
+3.7120000E+02	+1.1501790E-12	+2.6320049E-12
+3.7160000E+02	+2.0563568E-12	-1.3000983E-12
+3.7200000E+02	-1.6005201E-12	-1.0826953E-12
+3.7240000E+02	+2.7359150E-15	+2.0671841E-12
+3.7280000E+02	+2.6019040E-12	-8.8536831E-13
+3.7320000E+02	-1.3254969E-12	-3.0210168E-12
+3.7360000E+02	-3.1241483E-12	+1.2327611E-12
+3.7400000E+02	+6.8702371E-13	+2.7769163E-12
+3.7440000E+02	+1.9748304E-12	+9.9298979E-14
+3.7480000E+02	+8.6124596E-13	-8.6194170E-13
+3.7520000E+02	+3.0550851E-13	-1.3728750E-12
+3.7560000E+02	-1.5168477E-12	-1.2393368E-12
+3.7600000E+02	-1.7153413E-12	+1.3083243E-12
+3.7640000E+02	+8.6787320E-13	+1.6499166E-12
+3.7680000E+02	+1.1287328E-12	-3.5790144E-13
+3.7720000E+02	+8.9353632E-14	-3.7615782E-13
+3.7760000E+02	+3.2405134E-13	-4.2215840E-13
+3.7800000E+02	-6.7786966E-13	-7.2811930E-13
+3.7840000E+02	-7.1550678E-13	+9.4773824E-13
+3.7880000E+02	+1.3146093E-12	+3.2594516E-13
+3.7920000E+02	-2.6245770E-13	-1.7919813E-12
+3.7960000E+02	-2.2928724E-12	+8.0465216E-13
+3.8000000E+02	+1.0818878E-12	+2.6449911E-12
+3.8040000E+02	+2.6495273E-12	-9.8142749E-13
+3.8080000E+02	-5.3336849E-13	-2.1621584E-12
+3.8120000E+02	-1.1642450E-12	-1.0771708E-13
+3.8160000E+02	-7.2716379E-13	-2.0581014E-13
+3.8200000E+02	-1.6769139E-12	+1.1340203E-12
+3.8240000E+02	+1.2309777E-12	+2.9202162E-12
+3.8280000E+02	+3.6497529E-12	-1.0435808E-12
+3.8320000E+02	-6.9878636E-13	-3.7132010E-12
+3.8360000E+02	-3.1397854E-12	+3.6344220E-13
+3.8400000E+02	+1.6921628E-13	+2.1275861E-12
+3.8440000E+02	+9.7461230E-13	-1.5557208E-13
+3.8480000E+02	-2.5461930E-13	+2.1342575E-14
+3.8520000E+02	+6.5775087E-13	+3.2420913E-13
+3.8560000E+02	+2.1552053E-13	-8.8336765E-13
+3.8600000E+02	-7.9641402E-13	+1.5327680E-13
+3.8640000E+02	+7.4889478E-13	+5.8821049E-13
+3.8680000E+02	+4.5607490E-13	-1.4222115E-12
+3.8720000E+02	-1.9578823E-12	-5.2038456E-13
+3.8760000E+02	-7.7812117E-13	+2.1564787E-12
+3.8800000E+02	+1.9172166E-12	+1.1100776E-12
+3.8840000E+02	+1.3372253E-12	-1.2876431E-12
+3.8880000E+02	-4.5841756E-13	-1.3020976E-12
+3.8920000E+02	-9.4120654E-13	-2.9776767E-13
+3.8960000E+02	-7.2209866E-13	+3.1836077E-13
+3.9000000E+02	-3.9525845E-13	+6.6496142E-13
+3.9040000E+02	+1.4429172E-13	+9.8667499E-13
+3.9080000E+02	+1.2859865E-12	+6.5628113E-13
+3.9120000E+02	+1.4503248E-12	-1.2359086E-12
+3.9160000E+02	-9.1703992E-13	-1.9502248E-12
+3.9200000E+02	-1.9702897E-12	+5.1732248E-13
+3.9240000E+02	+2.5651813E-13	+1.4931632E-12
+3.9280000E+02	+6.7489474E-13	-2.9491602E-13
+3.9320000E+02	-6.6256970E-13	+2.1310447E-13
+3.9360000E+02	+8.8347346E-13	+1.2381790E-12
+3.9400000E+02	+1.7879249E-12	-1.1366807E-12
+3.9440000E+02	-9.3090850E-13	-2.0513496E-12
+3.9480000E+02	-1.8427183E-12	+3.9285321E-13
+3.9520000E+02	-2.3343045E-13	+1.1294737E-12
+3.9560000E+02	+5.7118014E-14	+6.7946503E-13
+3.9600000E+02	+7.5178381E-13	+1.0906766E-12
+3.9640000E+02	+1.9840150E-12	-4.0092773E-13
+3.9680000E+02	+2.6476705E-13	-2.3586480E-12
+3.9720000E+02	-2.1079381E-12	-1.0242273E-12
+3.9760000E+02	-1.6291673E-12	+1.3219558E-12
+3.9800000E+02	+2.5956057E-13	+1.8970498E-12
+3.9840000E+02	+1.7764655E-12	+7.3684849E-13
+3.9880000E+02	+1.3540785E-12	-1.3610575E-12
+3.9920000E+02	-8.4793320E-13	-1.4092898E-12
+3.9960000E+02	-9.0520957E-13	+4.5744772E-13
+4.0000000E+02	+3.4547293E-13	+2.1860997E-14
