+0.0000000E+00	-7.9255475E-13	+0.0000000E+00
+4.0000000E-01	-2.5121973E-13	+6.9528080E-13
+8.0000000E-01	+4.5459830E-13	+3.8120365E-13
+1.2000000E+00	+3.4284977E-13	-1.8984913E-13
+1.6000000E+00	-1.1844042E-14	-1.8500726E-13
+2.0000000E+00	-1.0078688E-14	-4.0552895E-14
+2.4000000E+00	-8.2202679E-15	-9.6879616E-14
+2.8000000E+00	-1.1489611E-13	-3.3674752E-14
+3.2000000E+00	-3.3751237E-14	+8.1521734E-14
+3.6000000E+00	+4.9406583E-14	-8.1922496E-15
+4.0000000E+00	-5.7228427E-14	-4.4613479E-14
+4.4000000E+00	-5.6848008E-14	+8.0518503E-14
+4.8000000E+00	+7.2177462E-14	+6.0821690E-14
+5.2000000E+00	+4.3825116E-14	-4.9523138E-14
+5.6000000E+00	-3.1024327E-14	-1.5292666E-14
+6.0000000E+00	+5.7619750E-15	+1.8914098E-14
+6.4000000E+00	+7.3124673E-16	-1.0264444E-14
+6.8000000E+00	-7.3341594E-15	+3.4561048E-14
+7.2000000E+00	+8.1756521E-14	+1.5318025E-14
+7.6000000E+00	+4.4355169E-14	-1.1865949E-13
+8.0000000E+00	-1.1997357E-13	-8.4768937E-14
+8.4000000E+00	-1.1013226E-13	+7.5772982E-14
+8.8000000E+00	+1.9388425E-15	+9.3513930E-14
+9.2000000E+00	+2.7149671E-14	+6.4986759E-14
+9.6000000E+00	+8.7217840E-14	+6.6853073E-14
+1.0000000E+01	+1.4343815E-13	-4.9397884E-14
+1.0400000E+01	+2.8143792E-14	-1.5847636E-13
+1.0800000E+01	-9.7361336E-14	-9.7863021E-14
+1.1200000E+01	-1.1409176E-13	-1.0596109E-14
+1.1600000E+01	-1.0547035E-13	+6.6102346E-14
+1.2000000E+01	-8.5255020E-15	+1.3364890E-13
+1.2400000E+01	+8.5520206E-14	+4.3860606E-14
+1.2800000E+01	-1.0532033E-14	-6.4677400E-15
+1.3200000E+01	+2.9986915E-14	+1.5081190E-13
+1.3600000E+01	+3.1356671E-13	+2.8950814E-14
+1.4000000E+01	+1.7742321E-13	-4.1013449E-13
+1.4400000E+01	-3.7895711E-13	-3.5009888E-13
+1.4800000E+01	-4.5901568E-13	+2.2240876E-13
+1.5200000E+01	+6.4619076E-15	+4.4418170E-13
+1.5600000E+01	+3.0815314E-13	+1.7379107E-13
+1.6000000E+01	+2.4159061E-13	-1.1821657E-13
+1.6400000E+01	+2.1464306E-14	-1.7611686E-13
+1.6800000E+01	-2.6629792E-14	-1.4673174E-14
+1.7200000E+01	+1.8000278E-13	-1.0184612E-13
+1.7600000E+01	-9.1249279E-14	-5.1634067E-13
+1.8000000E+01	-8.6087429E-13	-1.2707540E-13
+1.8400000E+01	-5.1556296E-13	+1.0414115E-12
+1.8800000E+01	+9.3587549E-13	+9.1816438E-13
+1.9200000E+01	+1.1210333E-12	-5.5881873E-13
+1.9600000E+01	-8.3754167E-14	-9.7189265E-13
+2.0000000E+01	-4.9190386E-13	-2.3588537E-13
+2.0400000E+01	-2.1828284E-13	-1.0334382E-13
+2.0800000E+01	-5.1119831E-13	-1.1586033E-13
+2.1200000E+01	-5.3270232E-13	+5.2606634E-13
+2.1600000E+01	+1.8011617E-13	+7.2302369E-13
+2.2000000E+01	+5.0894618E-13	+2.6691644E-13
+2.2400000E+01	+4.9799677E-13	+2.2859198E-14
+2.2800000E+01	+5.6558778E-13	-3.5989566E-13
+2.3200000E+01	+2.2027085E-14	-7.9629924E-13
+2.3600000E+01	-6.0197284E-13	-3.2559583E-13
+2.4000000E+01	-2.6084853E-13	+1.6538607E-13
+2.4400000E+01	-1.5661079E-13	-2.1339490E-13
+2.4800000E+01	-8.4183806E-13	+8.1519810E-14
+2.5200000E+01	-3.9735936E-13	+1.2323192E-12
+2.5600000E+01	+1.1139737E-12	+9.9805642E-13
+2.6000000E+01	+1.3338480E-12	-5.1640074E-13
+2.6400000E+01	+2.4963126E-13	-1.1656246E-12
+2.6800000E+01	-5.5239735E-13	-7.9003276E-13
+2.7200000E+01	-8.6573325E-13	-1.9267324E-13
+2.7600000E+01	-6.9832132E-13	+5.1771357E-13
+2.8000000E+01	+1.3667423E-14	+7.4696198E-13
+2.8400000E+01	+3.7310307E-13	+3.2763266E-13
+2.8800000E+01	+3.1131656E-13	+1.9042068E-13
+2.9200000E+01	+6.5782424E-13	+5.8013438E-14
+2.9600000E+01	+6.1684157E-13	-8.2712040E-13
+3.0000000E+01	-6.4182027E-13	-1.1445405E-12
+3.0400000E+01	-1.4568653E-12	+1.7626660E-13
+3.0800000E+01	-4.1590394E-13	+1.4569401E-12
+3.1200000E+01	+1.1505179E-12	+9.5611954E-13
+3.1600000E+01	+1.2921493E-12	-6.4190649E-13
+3.2000000E+01	-1.0802510E-13	-1.3517595E-12
+3.2400000E+01	-1.1848661E-12	-2.6467999E-13
+3.2800000E+01	-3.7457883E-13	+9.5618998E-13
+3.3200000E+01	+8.6086386E-13	+2.8150927E-13
+3.3600000E+01	+1.9725690E-13	-9.8993469E-13
+3.4000000E+01	-1.2322827E-12	-3.6185331E-13
+3.4400000E+01	-8.6389602E-13	+1.3044904E-12
+3.4800000E+01	+9.2484719E-13	+1.5299620E-12
+3.5200000E+01	+1.9887384E-12	-3.4122521E-14
+3.5600000E+01	+1.0977542E-12	-1.9022907E-12
+3.6000000E+01	-1.2224340E-12	-1.9871697E-12
+3.6400000E+01	-2.2312750E-12	+2.8095825E-13
+3.6800000E+01	-3.8459453E-13	+1.7916884E-12
+3.7200000E+01	+1.0539084E-12	+3.8148014E-13
+3.7600000E+01	-2.4755032E-13	-5.8677462E-13
+3.8000000E+01	-7.4264731E-13	+1.0178077E-12
+3.8400000E+01	+1.3200330E-12	+1.3772790E-12
+3.8800000E+01	+1.9123145E-12	-8.6266513E-13
+3.9200000E+01	+7.6680335E-14	-1.7320912E-12
+3.9600000E+01	-6.5506848E-13	-7.9883221E-13
+4.0000000E+01	-6.6298440E-13	-8.6399997E-13
+4.0400000E+01	-1.9815707E-12	-4.2212436E-13
+4.0800000E+01	-1.8586277E-12	+2.0286842E-12
+4.1200000E+01	+1.0097384E-12	+2.7121897E-12
+4.1600000E+01	+2.3503583E-12	+3.3464603E-13
+4.2000000E+01	+9.9032510E-13	-9.3119595E-13
+4.2400000E+01	+6.2622793E-13	-3.7478367E-13
+4.2800000E+01	+1.1994541E-12	-1.2181756E-12
+4.3200000E+01	-3.1830068E-13	-2.6570910E-12
+4.3600000E+01	-2.8471805E-12	-1.5993144E-12
+4.4000000E+01	-3.3035651E-12	+1.3468969E-12
+4.4400000E+01	-1.1733443E-12	+3.5987997E-12
+4.4800000E+01	+2.1544775E-12	+3.3122867E-12
+4.5200000E+01	+3.8286805E-12	+2.0195390E-13
+4.5600000E+01	+1.9674033E-12	-2.4810239E-12
+4.6000000E+01	-2.3675843E-13	-1.9370453E-12
+4.6400000E+01	-3.1397973E-14	-1.3264650E-12
+4.6800000E+01	-1.0595884E-12	-2.5938677E-12
+4.7200000E+01	-4.2622713E-12	-9.6434400E-13
+4.7600000E+01	-3.4483532E-12	+3.8658284E-12
+4.8000000E+01	+1.6101839E-12	+4.6907087E-12
+4.8400000E+01	+3.7009761E-12	+1.0933786E-12
+4.8800000E+01	+2.5377796E-12	-8.7505073E-13
+4.9200000E+01	+2.2300020E-12	-1.8425910E-12
+4.9600000E+01	+4.5224213E-13	-3.8888999E-12
+5.0000000E+01	-3.3255169E-12	-2.7218848E-12
+5.0400000E+01	-3.3120009E-12	+1.2229446E-12
+5.0800000E+01	-7.1132571E-13	+1.6304626E-12
+5.1200000E+01	-1.4339848E-12	+8.4727023E-13
+5.1600000E+01	-1.3078812E-12	+4.0387719E-12
+5.2000000E+01	+4.5237753E-12	+4.7692426E-12
+5.2400000E+01	+7.6639097E-12	-2.4359593E-12
+5.2800000E+01	+1.1956826E-12	-8.3694587E-12
+5.3200000E+01	-6.4847246E-12	-4.4884771E-12
+5.3600000E+01	-5.8257682E-12	+3.0421254E-12
+5.4000000E+01	-1.3901218E-13	+4.7695662E-12
+5.4400000E+01	+2.2280684E-12	+1.5280499E-12
+5.4800000E+01	+7.2045225E-13	+1.7568336E-13
+5.5200000E+01	+1.0998739E-12	+1.4423138E-12
+5.5600000E+01	+3.4809332E-12	-2.2305851E-13
+5.6000000E+01	+1.6871791E-12	-4.1864243E-12
+5.6400000E+01	-3.2619672E-12	-3.3464333E-12
+5.6800000E+01	-3.7548163E-12	+1.3534278E-12
+5.7200000E+01	-4.6810877E-13	+2.7265888E-12
+5.7600000E+01	+8.7513089E-13	+1.3881549E-12
+5.8000000E+01	+1.2685544E-12	+8.5506615E-13
+5.8400000E+01	+1.7626901E-12	-6.0316225E-13
+5.8800000E+01	-1.1858213E-13	-1.7214865E-12
+5.9200000E+01	-1.1307744E-12	+3.1695679E-13
+5.9600000E+01	+1.2279200E-12	+5.9522981E-13
+6.0000000E+01	+5.6889072E-13	-2.4552059E-12
+6.0400000E+01	-3.4219962E-12	-1.1514209E-12
+6.0800000E+01	-2.0873099E-12	+3.6509781E-12
+6.1200000E+01	+2.9614875E-12	+2.9099031E-12
+6.1600000E+01	+3.1480382E-12	-1.5448954E-12
+6.2000000E+01	+8.2871213E-14	-2.5382664E-12
+6.2400000E+01	-1.1927460E-12	-1.2541968E-12
+6.2800000E+01	-1.4322035E-12	-3.5490464E-13
+6.3200000E+01	-1.3101659E-12	+5.1334502E-13
+6.3600000E+01	-1.0208338E-12	+9.8849299E-13
+6.4000000E+01	-7.5467575E-13	+2.2625686E-12
+6.4400000E+01	+2.3490892E-12	+3.3028283E-12
+6.4800000E+01	+5.4819803E-12	-1.0162792E-12
+6.5200000E+01	+1.1261482E-12	-6.1606619E-12
+6.5600000E+01	-4.9239999E-12	-2.8470691E-12
+6.6000000E+01	-2.9944833E-12	+2.3798564E-12
+6.6400000E+01	-1.5822620E-13	+1.2306388E-12
+6.6800000E+01	-1.6943709E-12	+1.4617090E-12
+6.7200000E+01	+1.1536891E-12	+4.3571745E-12
+6.7600000E+01	+5.5277896E-12	+6.9434926E-14
+6.8000000E+01	+9.3106642E-13	-4.9214015E-12
+6.8400000E+01	-3.3244164E-12	-4.5685687E-13
+6.8800000E+01	+1.3619167E-12	+2.0097671E-12
+6.9200000E+01	+1.8559205E-12	-3.5849136E-12
+6.9600000E+01	-4.9961327E-12	-2.7922123E-12
+7.0000000E+01	-3.9502457E-12	+4.9399616E-12
+7.0400000E+01	+3.7161640E-12	+4.3810065E-12
+7.0800000E+01	+3.7848891E-12	-2.2660078E-12
+7.1200000E+01	-1.4131136E-12	-2.7053677E-12
+7.1600000E+01	-2.0534605E-12	+1.2503160E-12
+7.2000000E+01	+1.1410634E-12	+2.3439508E-12
+7.2400000E+01	+3.2452761E-12	-3.2476990E-13
+7.2800000E+01	+1.3548344E-12	-3.8045106E-12
+7.3200000E+01	-3.1890833E-12	-3.1817964E-12
+7.3600000E+01	-3.9984445E-12	+1.3827875E-12
+7.4000000E+01	-7.0651402E-13	+3.0387579E-12
+7.4400000E+01	+5.5040192E-13	+1.8380936E-12
+7.4800000E+01	+1.3170562E-12	+2.2708794E-12
+7.5200000E+01	+4.0165960E-12	+4.7377904E-13
+7.5600000E+01	+2.2816114E-12	-3.9667197E-12
+7.6000000E+01	-2.5308849E-12	-2.7964276E-12
+7.6400000E+01	-1.5062630E-12	+9.3042701E-13
+7.6800000E+01	+3.5545715E-13	-9.9034952E-13
+7.7200000E+01	-3.4111253E-12	-1.1866738E-12
+7.7600000E+01	-2.8043083E-12	+4.6393210E-12
+7.8000000E+01	+4.4059560E-12	+4.0807388E-12
+7.8400000E+01	+4.1823305E-12	-3.3608354E-12
+7.8800000E+01	-2.5288682E-12	-3.1181048E-12
+7.9200000E+01	-1.6798952E-12	+2.5633766E-12
+7.9600000E+01	+3.3163033E-12	+8.5308780E-13
+8.0000000E+01	+1.1280273E-12	-3.9954081E-12
+8.0400000E+01	-3.7663803E-12	-2.1801385E-12
+8.0800000E+01	-3.1120425E-12	+2.3710654E-12
+8.1200000E+01	+3.4941570E-13	+3.0711777E-12
+8.1600000E+01	+1.8271742E-12	+1.2662858E-12
+8.2000000E+01	+1.5755855E-12	+5.4782124E-14
+8.2400000E+01	+1.5373055E-12	-3.6047822E-13
+8.2800000E+01	+1.7615131E-12	-1.7222682E-12
+8.3200000E+01	-3.8987147E-13	-3.6578325E-12
+8.3600000E+01	-4.2858435E-12	-1.8322511E-12
+8.4000000E+01	-3.7536907E-12	+3.2547466E-12
+8.4400000E+01	+1.0565809E-12	+4.2085764E-12
+8.4800000E+01	+2.6521965E-12	+1.1481940E-12
+8.5200000E+01	+2.0910724E-12	+5.2556455E-13
+8.5600000E+01	+4.1323500E-12	-1.0394140E-12
+8.6000000E+01	+1.7878994E-12	-6.7103121E-12
+8.6400000E+01	-7.2402905E-12	-5.2565316E-12
+8.6800000E+01	-7.8246687E-12	+5.6705996E-12
+8.7200000E+01	+2.9805884E-12	+8.3022066E-12
+8.7600000E+01	+6.4801594E-12	-7.0367109E-13
+8.8000000E+01	-1.2417167E-13	-3.2762643E-12
+8.8400000E+01	-2.7833740E-13	+1.5709212E-12
+8.8800000E+01	+4.2155540E-12	-1.0952778E-12
+8.9200000E+01	-3.5469066E-13	-6.5183885E-12
+8.9600000E+01	-7.0847227E-12	-1.8279642E-12
+9.0000000E+01	-4.0554874E-12	+5.4325209E-12
+9.0400000E+01	+2.2117441E-12	+5.0474384E-12
+9.0800000E+01	+4.3630416E-12	+1.2472320E-12
+9.1200000E+01	+3.7514624E-12	-2.5575437E-12
+9.1600000E+01	-6.9823617E-13	-4.8918413E-12
+9.2000000E+01	-5.1062610E-12	-4.0709346E-13
+9.2400000E+01	-7.2919525E-13	+5.1540293E-12
+9.2800000E+01	+5.4054534E-12	+9.2952142E-13
+9.3200000E+01	+1.7448781E-12	-5.4767347E-12
+9.3600000E+01	-4.4913467E-12	-3.3034797E-12
+9.4000000E+01	-4.8883058E-12	+1.7962567E-12
+9.4400000E+01	-2.3780919E-12	+5.3537456E-12
+9.4800000E+01	+3.9376116E-12	+6.8103120E-12
+9.5200000E+01	+9.8647322E-12	-9.1491735E-13
+9.5600000E+01	+2.3799611E-12	-1.0415966E-11
+9.6000000E+01	-8.5326051E-12	-4.2291377E-12
+9.6400000E+01	-3.5084879E-12	+5.4671224E-12
+9.6800000E+01	+2.9365072E-12	+3.5879164E-13
+9.7200000E+01	-3.8752416E-12	-2.1313146E-12
+9.7600000E+01	-3.0651891E-12	+7.4067318E-12
+9.8000000E+01	+8.9992820E-12	+4.6603806E-12
+9.8400000E+01	+5.4971755E-12	-8.5815942E-12
+9.8800000E+01	-7.1235099E-12	-4.7365598E-12
+9.9200000E+01	-2.6243176E-12	+5.8887488E-12
+9.9600000E+01	+5.5761128E-12	+2.6676886E-13
+1.0000000E+02	-1.1484138E-12	-5.9196268E-12
+1.0040000E+02	-5.9973191E-12	+1.1454869E-12
+1.0080000E+02	+2.2404101E-13	+5.0077419E-12
+1.0120000E+02	+2.9446476E-12	+5.7967675E-13
+1.0160000E+02	+5.0610628E-13	-6.6782998E-13
+1.0200000E+02	+6.9993847E-13	+3.4520953E-13
+1.0240000E+02	+1.1149602E-12	-6.1803222E-13
+1.0280000E+02	+4.2379982E-13	-9.1755558E-13
+1.0320000E+02	+3.3176215E-13	-1.2317092E-12
+1.0360000E+02	-8.1888544E-13	-1.6523543E-12
+1.0400000E+02	-1.5735576E-12	-7.5503778E-13
+1.0440000E+02	-2.2761563E-12	-7.9717023E-13
+1.0480000E+02	-4.9742276E-12	+2.1595375E-12
+1.0520000E+02	-3.7959656E-13	+9.1933249E-12
+1.0560000E+02	+1.1425766E-11	+4.6035081E-12
+1.0600000E+02	+8.5446984E-12	-1.0652057E-11
+1.0640000E+02	-7.5144975E-12	-1.0172426E-11
+1.0680000E+02	-8.6544771E-12	+3.8798192E-12
+1.0720000E+02	+1.6088650E-12	+4.8464793E-12
+1.0760000E+02	+6.8086225E-13	-1.3919468E-12
+1.0800000E+02	-2.4479717E-12	+2.0938201E-12
+1.0840000E+02	+2.9297094E-12	+3.2470059E-12
+1.0880000E+02	+2.6786319E-12	-2.5754586E-12
+1.0920000E+02	-2.2738920E-12	-8.0139500E-13
+1.0960000E+02	+1.3290528E-12	+2.7310405E-12
+1.1000000E+02	+3.6380129E-12	-2.5421828E-12
+1.1040000E+02	-2.4247948E-12	-4.0473662E-12
+1.1080000E+02	-3.2326588E-12	+1.5321518E-12
+1.1120000E+02	+8.4576616E-13	+1.3212947E-12
+1.1160000E+02	-7.7439068E-13	-9.6969534E-13
+1.1200000E+02	-1.7107985E-12	+2.0183273E-12
+1.1240000E+02	+1.9456583E-12	+2.3241386E-12
+1.1280000E+02	+2.1530278E-12	-8.6420540E-13
+1.1320000E+02	+5.1804147E-13	-1.1118677E-12
+1.1360000E+02	+3.4573881E-13	-1.6553573E-12
+1.1400000E+02	-2.4341241E-12	-1.6620903E-12
+1.1440000E+02	-2.5754078E-12	+2.9869571E-12
+1.1480000E+02	+3.3188009E-12	+3.1323481E-12
+1.1520000E+02	+3.3588816E-12	-3.1681025E-12
+1.1560000E+02	-2.2761158E-12	-2.9750233E-12
+1.1600000E+02	-1.5081661E-12	+8.1607004E-13
+1.1640000E+02	-4.6971606E-13	-1.2199576E-12
+1.1680000E+02	-4.6494330E-12	+6.6181461E-13
+1.1720000E+02	-6.4389340E-13	+7.5413152E-12
+1.1760000E+02	+8.6253954E-12	+2.8891110E-12
+1.1800000E+02	+4.7731261E-12	-7.4235516E-12
+1.1840000E+02	-4.6299526E-12	-5.0657352E-12
+1.1880000E+02	-3.4565173E-12	+1.7110319E-12
+1.1920000E+02	-3.9999205E-14	+8.0820168E-13
+1.1960000E+02	-1.4064315E-12	+3.3600486E-13
+1.2000000E+02	+1.7064627E-14	+2.1077820E-12
+1.2040000E+02	+1.3450713E-12	-3.6755592E-13
+1.2080000E+02	-2.1156613E-12	-2.4106720E-13
+1.2120000E+02	-1.8452263E-13	+4.8264840E-12
+1.2160000E+02	+7.1145189E-12	+1.8349410E-12
+1.2200000E+02	+4.6209028E-12	-7.5251212E-12
+1.2240000E+02	-5.4846040E-12	-7.0568812E-12
+1.2280000E+02	-7.6468681E-12	+1.6977068E-12
+1.2320000E+02	-2.2368300E-12	+5.7771789E-12
+1.2360000E+02	+2.0522020E-12	+4.7128456E-12
+1.2400000E+02	+4.9435094E-12	+2.0804636E-12
+1.2440000E+02	+5.1268327E-12	-3.2645714E-12
+1.2480000E+02	-8.1590829E-13	-6.2693576E-12
+1.2520000E+02	-5.6387338E-12	-1.1305468E-12
+1.2560000E+02	-1.7827440E-12	+4.0738979E-12
+1.2600000E+02	+2.5962759E-12	+1.0845615E-12
+1.2640000E+02	-4.2528558E-13	-1.9206361E-12
+1.2680000E+02	-2.2221115E-12	+1.9818372E-12
+1.2720000E+02	+2.9608335E-12	+3.1905090E-12
+1.2760000E+02	+4.2617456E-12	-3.0926775E-12
+1.2800000E+02	-2.4939200E-12	-4.8842782E-12
+1.2840000E+02	-4.7272198E-12	+1.5648051E-12
+1.2880000E+02	+8.1241364E-13	+3.7953392E-12
+1.2920000E+02	+2.4379063E-12	-6.4132535E-13
+1.2960000E+02	-1.1563889E-12	-1.2344626E-12
+1.3000000E+02	-7.5715441E-13	+2.0524260E-12
+1.3040000E+02	+2.6800320E-12	+1.2726405E-12
+1.3080000E+02	+2.5250880E-12	-2.3226960E-12
+1.3120000E+02	-5.9622835E-13	-3.7601577E-12
+1.3160000E+02	-4.0522101E-12	-2.2405479E-12
+1.3200000E+02	-5.2886735E-12	+2.8101774E-12
+1.3240000E+02	+1.7791594E-13	+7.4016409E-12
+1.3280000E+02	+7.7953243E-12	+2.9536368E-12
+1.3320000E+02	+5.3984040E-12	-6.5165521E-12
+1.3360000E+02	-4.4429048E-12	-6.3610637E-12
+1.3400000E+02	-5.9285399E-12	+2.7579039E-12
+1.3440000E+02	+2.2013680E-12	+5.0148857E-12
+1.3480000E+02	+4.7465330E-12	-2.5866891E-12
+1.3520000E+02	-2.9411921E-12	-5.6665841E-12
+1.3560000E+02	-7.3020042E-12	+2.2198836E-12
+1.3600000E+02	+1.3122017E-13	+8.4305255E-12
+1.3640000E+02	+7.9171471E-12	+2.5065620E-12
+1.3680000E+02	+4.1760651E-12	-5.5762761E-12
+1.3720000E+02	-2.4549855E-12	-3.6193620E-12
+1.3760000E+02	-7.2771766E-13	+2.9235660E-13
+1.3800000E+02	+4.6037194E-13	-3.2473730E-12
+1.3840000E+02	-6.3458867E-12	-3.0588103E-12
+1.3880000E+02	-6.7615015E-12	+7.0323953E-12
+1.3920000E+02	+5.1056082E-12	+9.5360772E-12
+1.3960000E+02	+9.8000992E-12	-1.8163017E-12
+1.4000000E+02	+8.7061653E-13	-7.3044485E-12
+1.4040000E+02	-3.2223004E-12	-1.4011666E-12
+1.4080000E+02	+5.4022587E-13	-5.6873163E-13
+1.4120000E+02	-2.5352692E-12	-3.9618207E-12
+1.4160000E+02	-7.2224162E-12	+2.2333541E-12
+1.4200000E+02	+3.6184969E-13	+8.9549587E-12
+1.4240000E+02	+8.6938534E-12	+1.8061551E-12
+1.4280000E+02	+3.1847674E-12	-6.9002327E-12
+1.4320000E+02	-4.4894001E-12	-3.3553213E-12
+1.4360000E+02	-2.5488532E-12	+2.2475491E-12
+1.4400000E+02	+5.1524918E-13	+1.2683778E-12
+1.4440000E+02	-1.0874284E-13	+7.3935551E-13
+1.4480000E+02	+1.6274927E-12	+1.4711207E-12
+1.4520000E+02	+2.8272545E-12	-2.1187030E-12
+1.4560000E+02	-2.0690530E-12	-4.0741967E-12
+1.4600000E+02	-4.9240916E-12	+1.4374124E-12
+1.4640000E+02	+4.6293472E-13	+5.0696482E-12
+1.4680000E+02	+4.4464926E-12	+3.8688996E-13
+1.4720000E+02	+6.8595615E-13	-3.3527650E-12
+1.4760000E+02	-2.2968622E-12	-3.2773370E-13
+1.4800000E+02	+4.2117799E-13	+1.6737383E-12
+1.4840000E+02	+1.5259467E-12	-1.1467324E-12
+1.4880000E+02	-1.6091729E-12	-1.5876218E-12
+1.4920000E+02	-1.5730434E-12	+1.8848159E-12
+1.4960000E+02	+2.1985615E-12	+1.4505990E-12
+1.5000000E+02	+1.4372634E-12	-2.5961308E-12
+1.5040000E+02	-2.7775771E-12	-1.6879873E-12
+1.5080000E+02	-1.9520924E-12	+2.3081214E-12
+1.5120000E+02	+1.0934784E-12	+1.5596643E-12
+1.5160000E+02	-1.3356520E-13	+2.8067900E-13
+1.5200000E+02	+7.2151813E-13	+3.1188515E-12
+1.5240000E+02	+6.4418127E-12	+6.8161866E-13
+1.5280000E+02	+3.9022500E-12	-8.5947989E-12
+1.5320000E+02	-8.4404107E-12	-7.7637498E-12
+1.5360000E+02	-1.0548716E-11	+6.0439565E-12
+1.5400000E+02	+2.7589158E-12	+1.1097722E-11
+1.5440000E+02	+9.6299960E-12	-4.0126483E-13
+1.5480000E+02	-3.3791200E-14	-7.6399232E-12
+1.5520000E+02	-6.8664060E-12	+1.2318256E-12
+1.5560000E+02	+2.4057170E-12	+8.0373608E-12
+1.5600000E+02	+1.0308349E-11	-1.9921402E-12
+1.5640000E+02	+3.3930108E-13	-1.1838831E-11
+1.5680000E+02	-1.1112497E-11	-3.3622888E-12
+1.5720000E+02	-5.1127685E-12	+8.0416453E-12
+1.5760000E+02	+4.0447529E-12	+4.2605261E-12
+1.5800000E+02	+1.0306495E-12	-1.0500459E-12
+1.5840000E+02	-1.7458287E-13	+2.9830746E-12
+1.5880000E+02	+5.9358662E-12	+1.0476791E-12
+1.5920000E+02	+2.2304622E-12	-6.9255445E-12
+1.5960000E+02	-6.4006705E-12	-2.3460862E-12
+1.6000000E+02	-1.0331036E-12	+5.5673014E-12
+1.6040000E+02	+5.3464392E-12	-9.6048928E-13
+1.6080000E+02	-2.5114627E-12	-5.7217153E-12
+1.6120000E+02	-5.9294246E-12	+3.0210199E-12
+1.6160000E+02	+2.7603624E-12	+5.2339173E-12
+1.6200000E+02	+3.5912298E-12	-2.4634151E-12
+1.6240000E+02	-2.6004746E-12	-1.6687054E-12
+1.6280000E+02	-2.7663484E-13	+2.9826112E-12
+1.6320000E+02	+2.9971767E-12	-2.4273796E-13
+1.6360000E+02	-1.4166455E-13	-2.1962927E-12
+1.6400000E+02	-6.6787711E-13	-1.3971805E-13
+1.6440000E+02	-4.6751946E-13	-1.1427808E-12
+1.6480000E+02	-2.9544819E-12	+1.0861612E-12
+1.6520000E+02	+2.1796359E-12	+4.9656814E-12
+1.6560000E+02	+7.5900782E-12	-3.3562941E-12
+1.6600000E+02	-3.6320033E-12	-1.0790222E-11
+1.6640000E+02	-1.3628194E-11	+2.0860296E-12
+1.6680000E+02	-1.2575654E-12	+1.4565960E-11
+1.6720000E+02	+1.2458222E-11	+5.0738089E-12
+1.6760000E+02	+7.3407727E-12	-7.5540689E-12
+1.6800000E+02	-1.6941324E-12	-6.6091505E-12
+1.6840000E+02	-3.0682204E-12	-2.5868262E-12
+1.6880000E+02	-3.5348367E-12	-1.4032851E-12
+1.6920000E+02	-4.3250952E-12	+1.2380822E-12
+1.6960000E+02	-2.4748600E-12	+4.1450787E-12
+1.7000000E+02	+1.1746886E-12	+5.2489123E-12
+1.7040000E+02	+5.7000299E-12	+2.7020742E-12
+1.7080000E+02	+5.3231157E-12	-4.1809305E-12
+1.7120000E+02	-2.3322008E-12	-5.6370895E-12
+1.7160000E+02	-4.2468689E-12	+1.7919731E-12
+1.7200000E+02	+3.0000024E-12	+2.7927905E-12
+1.7240000E+02	+2.6746469E-12	-4.9179644E-12
+1.7280000E+02	-5.8104325E-12	-4.0365677E-12
+1.7320000E+02	-5.7023692E-12	+4.4922806E-12
+1.7360000E+02	+1.1617583E-12	+6.0549590E-12
+1.7400000E+02	+4.2081382E-12	+2.7291902E-12
+1.7440000E+02	+5.4340300E-12	-6.5845609E-13
+1.7480000E+02	+2.9985894E-12	-6.0214060E-12
+1.7520000E+02	-4.9019633E-12	-5.0583684E-12
+1.7560000E+02	-4.7274929E-12	+3.4705273E-12
+1.7600000E+02	+3.1550440E-12	+2.5288842E-12
+1.7640000E+02	-1.1138166E-13	-4.5170789E-12
+1.7680000E+02	-6.9568898E-12	+1.7675480E-12
+1.7720000E+02	+1.8108215E-12	+9.1430833E-12
+1.7760000E+02	+9.8260179E-12	-6.3827217E-13
+1.7800000E+02	+7.1846630E-13	-8.5028392E-12
+1.7840000E+02	-5.5701240E-12	-1.2707675E-12
+1.7880000E+02	-5.8466518E-13	+1.9731881E-12
+1.7920000E+02	-1.3320272E-12	-1.1352211E-12
+1.7960000E+02	-3.3233283E-12	+3.7424931E-12
+1.8000000E+02	+5.0424381E-12	+5.4058254E-12
+1.8040000E+02	+6.9700708E-12	-5.2290624E-12
+1.8080000E+02	-4.3772991E-12	-7.7133408E-12
+1.8120000E+02	-7.3479267E-12	+2.6868067E-12
+1.8160000E+02	+6.2525665E-13	+5.6665843E-12
+1.8200000E+02	+2.7908816E-12	+1.0633666E-12
+1.8240000E+02	+1.6379914E-12	+6.0621503E-13
+1.8280000E+02	+3.3808083E-12	-8.2446690E-13
+1.8320000E+02	+8.6232143E-13	-4.3944246E-12
+1.8360000E+02	-3.1603654E-12	-2.2505985E-12
+1.8400000E+02	-2.1260786E-12	+2.3151135E-13
+1.8440000E+02	-2.9968767E-12	-8.5571321E-15
+1.8480000E+02	-3.5314098E-12	+5.0235821E-12
+1.8520000E+02	+5.0831209E-12	+6.9685816E-12
+1.8560000E+02	+8.8037025E-12	-3.5484023E-12
+1.8600000E+02	-1.6239852E-12	-8.3213792E-12
+1.8640000E+02	-5.9390966E-12	+5.3970007E-13
+1.8680000E+02	+7.9689459E-13	+2.8320504E-12
+1.8720000E+02	+1.4648563E-13	-1.9690934E-12
+1.8760000E+02	-3.1472561E-12	+1.6299314E-12
+1.8800000E+02	+2.7198298E-12	+3.6511907E-12
+1.8840000E+02	+3.4541149E-12	-3.5644726E-12
+1.8880000E+02	-4.2385869E-12	-3.0169578E-12
+1.8920000E+02	-2.7083616E-12	+4.2777354E-12
+1.8960000E+02	+3.0779029E-12	+2.3220895E-12
+1.9000000E+02	+1.1304867E-12	-5.4790295E-13
+1.9040000E+02	+2.5387011E-12	+1.5181204E-12
+1.9080000E+02	+5.5056305E-12	-4.8414076E-12
+1.9120000E+02	-5.2539705E-12	-9.7213006E-12
+1.9160000E+02	-1.2554187E-11	+3.6540290E-12
+1.9200000E+02	+1.0457536E-12	+1.2814477E-11
+1.9240000E+02	+1.0460412E-11	+1.0386526E-12
+1.9280000E+02	+1.4797461E-12	-6.6258757E-12
+1.9320000E+02	-2.9354945E-12	-2.1022842E-13
+1.9360000E+02	+1.8632529E-12	+5.9275423E-13
+1.9400000E+02	-1.3946255E-13	-3.5459961E-12
+1.9440000E+02	-4.1136018E-12	-2.2955688E-13
+1.9480000E+02	-1.0452967E-12	+3.6007867E-12
+1.9520000E+02	+2.4821337E-12	+2.0449595E-12
+1.9560000E+02	+3.3828451E-12	-1.0939062E-12
+1.9600000E+02	+6.6962210E-13	-5.1821723E-12
+1.9640000E+02	-7.0664824E-12	-3.1138090E-12
+1.9680000E+02	-6.1754681E-12	+8.1528671E-12
+1.9720000E+02	+7.6011655E-12	+9.0643718E-12
+1.9760000E+02	+1.0517577E-11	-5.3185943E-12
+1.9800000E+02	-2.2279103E-12	-9.5775240E-12
+1.9840000E+02	-6.3410243E-12	-2.0157379E-13
+1.9880000E+02	-8.9355398E-13	+2.0763842E-12
+1.9920000E+02	-1.4597548E-12	-9.2333736E-14
+1.9960000E+02	-1.5827607E-12	+3.0721728E-12
+2.0000000E+02	+2.8074631E-12	+2.0980191E-12
+2.0040000E+02	+8.7464146E-13	-1.7784756E-12
+2.0080000E+02	-1.2744409E-12	+1.6387212E-12
+2.0120000E+02	+4.1628133E-12	+1.8288950E-12
+2.0160000E+02	+2.9367602E-12	-5.5340613E-12
+2.0200000E+02	-5.4802439E-12	-3.5980103E-12
+2.0240000E+02	-3.2156897E-12	+4.6413914E-12
+2.0280000E+02	+3.8629414E-12	+2.1027341E-12
+2.0320000E+02	+1.1774286E-12	-3.3775864E-12
+2.0360000E+02	-2.5856117E-12	-1.0996418E-12
+2.0400000E+02	-1.5821225E-12	+6.5358890E-13
+2.0440000E+02	-2.5409946E-12	+1.5033325E-12
+2.0480000E+02	-1.8657523E-13	+5.9281125E-12
+2.0520000E+02	+7.7229441E-12	+3.4454376E-12
+2.0560000E+02	+6.8468507E-12	-6.6143916E-12
+2.0600000E+02	-2.8123322E-12	-8.3533498E-12
+2.0640000E+02	-6.6809441E-12	-1.8711944E-12
+2.0680000E+02	-5.0592343E-12	+2.2843914E-12
+2.0720000E+02	-2.7874286E-12	+5.2896421E-12
+2.0760000E+02	+2.9057831E-12	+6.1184797E-12
+2.0800000E+02	+6.3980410E-12	+2.7066546E-13
+2.0840000E+02	+2.2389888E-12	-4.1165248E-12
+2.0880000E+02	-1.0282653E-12	-2.1474525E-12
+2.0920000E+02	-7.0854698E-13	-1.1773690E-12
+2.0960000E+02	-1.9971725E-12	-5.4250417E-13
+2.1000000E+02	-5.2567188E-13	+2.2247633E-12
+2.1040000E+02	+3.0412398E-12	-5.6771990E-13
+2.1080000E+02	-1.5303272E-12	-4.8570176E-12
+2.1120000E+02	-6.8480087E-12	+1.2262295E-12
+2.1160000E+02	-3.8177289E-13	+7.5656990E-12
+2.1200000E+02	+6.1404670E-12	+2.1093178E-12
+2.1240000E+02	+2.4628799E-12	-3.1093314E-12
+2.1280000E+02	-1.6832245E-13	-8.8933771E-13
+2.1320000E+02	+1.6339684E-12	-1.0212272E-12
+2.1360000E+02	-8.7865148E-14	-3.1887506E-12
+2.1400000E+02	-2.3027882E-12	-1.7101299E-12
+2.1440000E+02	-2.3746149E-12	-8.8942445E-13
+2.1480000E+02	-4.6146229E-12	+6.7052396E-13
+2.1520000E+02	-2.8699687E-12	+6.6423044E-12
+2.1560000E+02	+5.8519193E-12	+6.2218882E-12
+2.1600000E+02	+7.2669634E-12	-3.0381847E-12
+2.1640000E+02	-3.3964740E-13	-5.3167599E-12
+2.1680000E+02	-1.6360496E-12	-3.1604194E-13
+2.1720000E+02	+1.3835575E-12	-1.4418437E-12
+2.1760000E+02	-2.1778762E-12	-3.9264035E-12
+2.1800000E+02	-5.1342304E-12	+6.4614052E-13
+2.1840000E+02	-1.4057929E-12	+3.8390405E-12
+2.1880000E+02	+8.1812033E-13	+1.9695914E-12
+2.1920000E+02	+4.1430446E-13	+1.7477195E-12
+2.1960000E+02	+1.9351013E-12	+1.9009631E-12
+2.2000000E+02	+2.5607898E-12	+3.6023158E-13
+2.2040000E+02	+3.1583104E-12	+5.2579942E-14
+2.2080000E+02	+5.3345789E-12	-3.7077541E-12
+2.2120000E+02	-4.9713749E-13	-1.0561724E-11
+2.2160000E+02	-1.2550788E-11	-5.4711339E-12
+2.2200000E+02	-1.1106938E-11	+9.7716100E-12
+2.2240000E+02	+3.4449874E-12	+1.3135695E-11
+2.2280000E+02	+1.0202409E-11	+3.1642606E-12
+2.2320000E+02	+6.7977319E-12	-3.7391239E-12
+2.2360000E+02	+2.9870063E-12	-6.2035188E-12
+2.2400000E+02	-2.7437894E-12	-6.9661032E-12
+2.2440000E+02	-7.2309740E-12	-7.3936680E-13
+2.2480000E+02	-1.9338676E-12	+5.1526852E-12
+2.2520000E+02	+3.1519737E-12	+5.0949346E-13
+2.2560000E+02	-1.9539135E-12	-2.8463423E-12
+2.2600000E+02	-3.9927119E-12	+3.3900305E-12
+2.2640000E+02	+2.8854564E-12	+4.9314820E-12
+2.2680000E+02	+4.0985296E-12	-1.3027990E-12
+2.2720000E+02	-4.6881459E-13	-1.3967746E-12
+2.2760000E+02	+1.6317273E-12	+1.6048980E-12
+2.2800000E+02	+4.2356435E-12	-2.9544433E-12
+2.2840000E+02	-1.6292742E-12	-6.4287145E-12
+2.2880000E+02	-6.1991436E-12	-1.3971456E-12
+2.2920000E+02	-3.8975760E-12	+3.0254331E-12
+2.2960000E+02	-1.6662997E-12	+3.9460694E-12
+2.3000000E+02	+1.3109220E-12	+5.4297020E-12
+2.3040000E+02	+6.4720295E-12	+2.3677572E-12
+2.3080000E+02	+4.7476548E-12	-4.8602086E-12
+2.3120000E+02	-2.3919338E-12	-4.4467782E-12
+2.3160000E+02	-1.9932154E-12	+1.2434132E-12
+2.3200000E+02	+2.3905936E-12	-6.1051288E-13
+2.3240000E+02	-1.3662939E-12	-4.9463716E-12
+2.3280000E+02	-6.8685488E-12	-2.8744473E-13
+2.3320000E+02	-3.1205150E-12	+6.4895773E-12
+2.3360000E+02	+3.7379324E-12	+5.0562459E-12
+2.3400000E+02	+4.6926345E-12	-1.7645366E-13
+2.3440000E+02	+2.1319090E-12	-2.2804842E-12
+2.3480000E+02	+5.2712003E-13	-2.0693889E-12
+2.3520000E+02	-1.6361501E-13	-1.9193635E-12
+2.3560000E+02	-1.2146440E-12	-1.9274386E-12
+2.3600000E+02	-2.7048698E-12	-7.5272628E-13
+2.3640000E+02	-2.3823748E-12	+1.9001555E-12
+2.3680000E+02	+5.4344408E-13	+2.5740056E-12
+2.3720000E+02	+1.5286569E-12	-3.2507501E-14
+2.3760000E+02	-9.6456720E-13	-4.9658732E-13
+2.3800000E+02	-7.1150448E-13	+2.6468720E-12
+2.3840000E+02	+3.6478430E-12	+2.3712529E-12
+2.3880000E+02	+4.4647184E-12	-2.9301441E-12
+2.3920000E+02	-6.6072879E-13	-5.5624204E-12
+2.3960000E+02	-4.9250623E-12	-1.9359885E-12
+2.4000000E+02	-3.5467415E-12	+3.0407684E-12
+2.4040000E+02	+1.1684351E-12	+3.7683800E-12
+2.4080000E+02	+3.3250731E-12	-2.7085130E-13
+2.4120000E+02	-2.2314561E-13	-3.3282321E-12
+2.4160000E+02	-4.1941140E-12	-2.9993648E-14
+2.4200000E+02	-1.4660242E-12	+5.1412167E-12
+2.4240000E+02	+4.7481249E-12	+3.9440223E-12
+2.4280000E+02	+6.0330852E-12	-2.1915897E-12
+2.4320000E+02	+1.8160860E-12	-5.9572498E-12
+2.4360000E+02	-3.0049262E-12	-5.2120540E-12
+2.4400000E+02	-5.8780892E-12	-1.6856348E-12
+2.4440000E+02	-5.6525282E-12	+3.1510872E-12
+2.4480000E+02	-1.5833306E-12	+6.6677357E-12
+2.4520000E+02	+4.2379778E-12	+5.7196904E-12
+2.4560000E+02	+7.1442717E-12	+5.3598572E-14
+2.4600000E+02	+3.6456208E-12	-5.6119146E-12
+2.4640000E+02	-2.7895400E-12	-4.7585665E-12
+2.4680000E+02	-3.5403995E-12	+9.4109633E-13
+2.4720000E+02	+1.2347520E-12	+1.7719016E-12
+2.4760000E+02	+1.3788476E-12	-2.9325472E-12
+2.4800000E+02	-4.0565628E-12	-2.8901501E-12
+2.4840000E+02	-5.0167524E-12	+3.0098519E-12
+2.4880000E+02	-9.3953976E-14	+5.6733761E-12
+2.4920000E+02	+3.6652298E-12	+3.4210689E-12
+2.4960000E+02	+4.7576477E-12	+2.5365009E-13
+2.5000000E+02	+3.7814790E-12	-3.2009145E-12
+2.5040000E+02	+7.7553792E-14	-4.6650431E-12
+2.5080000E+02	-2.3224162E-12	-2.5929404E-12
+2.5120000E+02	-2.2948043E-12	-1.7097327E-12
+2.5160000E+02	-4.8416350E-12	-9.7299948E-13
+2.5200000E+02	-5.3626512E-12	+5.2317659E-12
+2.5240000E+02	+3.0144440E-12	+8.3280863E-12
+2.5280000E+02	+8.3762783E-12	-8.4444110E-14
+2.5320000E+02	+1.3559728E-12	-5.9911321E-12
+2.5360000E+02	-3.1000645E-12	-3.8149586E-13
+2.5400000E+02	+2.1056977E-12	+1.5473130E-12
+2.5440000E+02	+1.7574504E-12	-4.2141876E-12
+2.5480000E+02	-4.5897503E-12	-2.5852206E-12
+2.5520000E+02	-2.4115877E-12	+3.4293359E-12
+2.5560000E+02	+2.2080368E-12	+5.8283754E-13
+2.5600000E+02	-1.9647129E-12	-2.3610560E-12
+2.5640000E+02	-3.9857956E-12	+3.4061296E-12
+2.5680000E+02	+2.5188678E-12	+5.6237645E-12
+2.5720000E+02	+5.3459570E-12	+2.1569344E-13
+2.5760000E+02	+2.8120091E-12	-2.3348457E-12
+2.5800000E+02	+2.2740908E-12	-3.2044480E-12
+2.5840000E+02	-8.5442820E-13	-6.0099375E-12
+2.5880000E+02	-6.7658772E-12	-2.6965926E-12
+2.5920000E+02	-4.8182614E-12	+4.3525595E-12
+2.5960000E+02	+7.2824962E-13	+3.6655461E-12
+2.6000000E+02	-4.1959255E-13	+1.3278312E-12
+2.6040000E+02	+1.8120557E-13	+5.0347533E-12
+2.6080000E+02	+7.3304020E-12	+3.4719360E-12
+2.6120000E+02	+7.0779307E-12	-5.9739838E-12
+2.6160000E+02	-2.0515223E-12	-8.0370452E-12
+2.6200000E+02	-5.5504139E-12	-1.7471865E-12
+2.6240000E+02	-3.0660289E-12	+1.1663488E-12
+2.6280000E+02	-2.3616256E-12	+1.5309354E-12
+2.6320000E+02	-1.0838254E-12	+3.0572713E-12
+2.6360000E+02	+1.0872132E-12	+2.2675785E-12
+2.6400000E+02	+6.9601688E-13	+1.4802771E-12
+2.6440000E+02	+2.3160688E-12	+2.7703924E-12
+2.6480000E+02	+5.7485982E-12	-6.2693685E-13
+2.6520000E+02	+2.2413919E-12	-6.1491416E-12
+2.6560000E+02	-3.7795808E-12	-3.8451130E-12
+2.6600000E+02	-2.5459075E-12	+5.2956788E-13
+2.6640000E+02	-1.0100058E-12	-1.1496916E-12
+2.6680000E+02	-4.8250475E-12	-5.2278474E-13
+2.6720000E+02	-4.2043881E-12	+5.8085081E-12
+2.6760000E+02	+3.0513541E-12	+7.4206091E-12
+2.6800000E+02	+7.6806054E-12	+2.1246141E-12
+2.6840000E+02	+6.9293255E-12	-4.3406489E-12
+2.6880000E+02	+9.8025331E-13	-8.9817370E-12
+2.6920000E+02	-7.8130275E-12	-5.5401440E-12
+2.6960000E+02	-7.2993798E-12	+4.9686537E-12
+2.7000000E+02	+2.7326652E-12	+6.1166343E-12
+2.7040000E+02	+3.5275639E-12	-2.4825125E-12
+2.7080000E+02	-3.8839322E-12	-1.3910287E-12
+2.7120000E+02	-4.9504782E-13	+5.4390249E-12
+2.7160000E+02	+5.8599494E-12	+1.7091052E-13
+2.7200000E+02	-8.6344785E-13	-5.1448037E-12
+2.7240000E+02	-4.5121037E-12	+3.1713186E-12
+2.7280000E+02	+5.8824314E-12	+5.2684688E-12
+2.7320000E+02	+7.5299538E-12	-7.2063927E-12
+2.7360000E+02	-5.8170080E-12	-9.8480302E-12
+2.7400000E+02	-1.0109756E-11	+2.0476375E-12
+2.7440000E+02	-2.0646860E-12	+7.1017874E-12
+2.7480000E+02	+1.5856285E-12	+4.0158410E-12
+2.7520000E+02	+2.5253400E-12	+3.9607607E-12
+2.7560000E+02	+6.8357815E-12	+1.5182573E-12
+2.7600000E+02	+5.5630722E-12	-5.8437859E-12
+2.7640000E+02	-2.0645663E-12	-7.0420627E-12
+2.7680000E+02	-5.0437473E-12	-1.8818920E-12
+2.7720000E+02	-3.5750394E-12	+8.5958402E-13
+2.7760000E+02	-2.9564737E-12	+2.3403757E-12
+2.7800000E+02	-4.4957425E-13	+4.3441524E-12
+2.7840000E+02	+3.0780471E-12	+2.4900751E-12
+2.7880000E+02	+2.2517372E-12	-7.7497447E-13
+2.7920000E+02	+3.9510045E-13	-5.7216764E-14
+2.7960000E+02	+2.2246322E-12	+6.6064865E-13
+2.8000000E+02	+3.1680660E-12	-2.6167448E-12
+2.8040000E+02	-5.4091402E-13	-5.0961091E-12
+2.8080000E+02	-4.7065402E-12	-2.7100271E-12
+2.8120000E+02	-4.8812735E-12	+1.9016230E-12
+2.8160000E+02	-1.6224747E-12	+4.3859767E-12
+2.8200000E+02	+1.4701848E-12	+3.5379596E-12
+2.8240000E+02	+2.5257149E-12	+1.9349741E-12
+2.8280000E+02	+3.5662854E-12	+7.9185812E-13
+2.8320000E+02	+4.2933787E-12	-2.4047011E-12
+2.8360000E+02	+6.6003331E-13	-5.8416052E-12
+2.8400000E+02	-4.7224533E-12	-3.5327782E-12
+2.8440000E+02	-4.4353047E-12	+2.0096279E-12
+2.8480000E+02	-3.6274696E-13	+3.1127342E-12
+2.8520000E+02	+8.5595934E-13	+1.0778284E-12
+2.8560000E+02	+3.3683635E-13	+6.1732118E-13
+2.8600000E+02	+5.1948940E-13	+4.7075721E-13
+2.8640000E+02	+1.6822930E-14	+4.7130976E-13
+2.8680000E+02	+8.9094044E-13	+1.8178391E-12
+2.8720000E+02	+3.8260751E-12	+1.8936358E-13
+2.8760000E+02	+2.2888734E-12	-4.4872664E-12
+2.8800000E+02	-3.2935642E-12	-3.8304089E-12
+2.8840000E+02	-3.4292545E-12	+1.2922751E-12
+2.8880000E+02	+3.4336018E-13	+1.1356526E-12
+2.8920000E+02	-1.4101358E-12	-1.6164547E-12
+2.8960000E+02	-4.5052204E-12	+2.1315170E-12
+2.9000000E+02	+1.5628407E-13	+6.8816152E-12
+2.9040000E+02	+6.6072740E-12	+3.3279114E-12
+2.9080000E+02	+5.7488203E-12	-3.2179483E-12
+2.9120000E+02	+1.5165945E-12	-4.9591254E-12
+2.9160000E+02	-8.8216381E-13	-4.6753491E-12
+2.9200000E+02	-4.2096573E-12	-4.2598149E-12
+2.9240000E+02	-7.3896409E-12	+4.5713940E-13
+2.9280000E+02	-3.9951389E-12	+6.7106773E-12
+2.9320000E+02	+3.0011299E-12	+6.0660490E-12
+2.9360000E+02	+4.3333684E-12	+8.9976549E-13
+2.9400000E+02	+2.0872999E-12	-4.0528851E-14
+2.9440000E+02	+3.7866783E-12	+3.4097821E-13
+2.9480000E+02	+4.6297647E-12	-4.5021169E-12
+2.9520000E+02	-1.7406623E-12	-7.6063348E-12
+2.9560000E+02	-6.9423169E-12	-2.3036436E-12
+2.9600000E+02	-4.4271491E-12	+2.8284842E-12
+2.9640000E+02	-2.1270263E-12	+2.6939370E-12
+2.9680000E+02	-2.1726484E-12	+4.7003664E-12
+2.9720000E+02	+3.2754289E-12	+7.2596336E-12
+2.9760000E+02	+9.4487674E-12	+1.0701280E-12
+2.9800000E+02	+5.3514543E-12	-7.5132799E-12
+2.9840000E+02	-2.8768901E-12	-6.7469950E-12
+2.9880000E+02	-4.4870794E-12	-1.4453406E-12
+2.9920000E+02	-2.9287457E-12	+2.6953028E-13
+2.9960000E+02	-3.0188663E-12	+1.1721783E-12
+3.0000000E+02	-2.0116820E-12	+3.3145331E-12
+3.0040000E+02	+7.0246673E-13	+4.0203170E-12
+3.0080000E+02	+3.3233031E-12	+2.8127911E-12
+3.0120000E+02	+4.8286452E-12	-4.4539479E-13
+3.0160000E+02	+2.5505912E-12	-4.2140051E-12
+3.0200000E+02	-1.7564188E-12	-3.6115121E-12
+3.0240000E+02	-2.1106558E-12	-5.8263638E-13
+3.0280000E+02	-1.1627287E-12	-8.5180628E-13
+3.0320000E+02	-3.3822326E-12	-2.1744713E-13
+3.0360000E+02	-2.3477896E-12	+4.1844263E-12
+3.0400000E+02	+3.3612722E-12	+3.6566465E-12
+3.0440000E+02	+3.4160018E-12	-2.0952138E-12
+3.0480000E+02	-1.5523898E-12	-2.1822497E-12
+3.0520000E+02	-1.1946517E-12	+1.9210387E-12
+3.0560000E+02	+2.3368878E-12	+1.2747185E-12
+3.0600000E+02	+2.1373017E-12	-1.7145759E-12
+3.0640000E+02	+2.2301949E-13	-2.6681275E-12
+3.0680000E+02	-1.9335589E-12	-2.5807008E-12
+3.0720000E+02	-3.9210013E-12	+8.8297779E-14
+3.0760000E+02	-1.5910754E-12	+3.4123596E-12
+3.0800000E+02	+1.5761820E-12	+1.6345183E-12
+3.0840000E+02	-4.2296502E-13	+9.0403282E-15
+3.0880000E+02	-1.1347390E-13	+3.5267022E-12
+3.0920000E+02	+5.7437229E-12	+2.0925434E-12
+3.0960000E+02	+4.5156478E-12	-5.6512637E-12
+3.1000000E+02	-3.4507237E-12	-5.3621193E-12
+3.1040000E+02	-3.5185386E-12	+9.2803266E-13
+3.1080000E+02	+2.0766754E-13	-2.6433492E-13
+3.1120000E+02	-3.7426484E-12	-2.1610832E-12
+3.1160000E+02	-5.6433302E-12	+4.6950317E-12
+3.1200000E+02	+2.5326474E-12	+8.1804552E-12
+3.1240000E+02	+7.6880223E-12	+1.1750214E-12
+3.1280000E+02	+3.7016620E-12	-4.0204510E-12
+3.1320000E+02	+7.8260602E-13	-3.0441477E-12
+3.1360000E+02	+6.2899752E-13	-3.7916645E-12
+3.1400000E+02	-3.1650769E-12	-5.0072409E-12
+3.1440000E+02	-7.1696512E-12	-5.6352163E-13
+3.1480000E+02	-4.8059135E-12	+5.5787466E-12
+3.1520000E+02	+1.1524891E-12	+6.6515022E-12
+3.1560000E+02	+4.8243174E-12	+3.3399611E-12
+3.1600000E+02	+5.1472949E-12	-5.1547817E-13
+3.1640000E+02	+3.4751462E-12	-3.3779782E-12
+3.1680000E+02	+4.5169200E-13	-4.6772808E-12
+3.1720000E+02	-2.6156394E-12	-3.5205984E-12
+3.1760000E+02	-3.6651200E-12	-9.4069275E-13
+3.1800000E+02	-3.2839638E-12	+8.2830512E-13
+3.1840000E+02	-2.9906289E-12	+2.6841219E-12
+3.1880000E+02	-4.3158453E-13	+5.2071185E-12
+3.1920000E+02	+4.4765821E-12	+3.8365216E-12
+3.1960000E+02	+5.1074003E-12	-1.5906145E-12
+3.2000000E+02	+1.1536723E-12	-3.3177383E-12
+3.2040000E+02	+3.6255945E-13	-1.6223224E-12
+3.2080000E+02	+6.5135219E-13	-3.5450973E-12
+3.2120000E+02	-4.3142743E-12	-4.1781304E-12
+3.2160000E+02	-6.6031813E-12	+2.5181329E-12
+3.2200000E+02	-2.3221098E-13	+6.3617891E-12
+3.2240000E+02	+3.7142501E-12	+1.8022454E-12
+3.2280000E+02	+1.0828914E-12	-4.5356681E-13
+3.2320000E+02	+1.4517965E-12	+1.2704110E-12
+3.2360000E+02	+3.4099085E-12	-1.2645048E-12
+3.2400000E+02	+8.4504699E-14	-3.7188081E-12
+3.2440000E+02	-2.0190642E-12	-8.1446765E-13
+3.2480000E+02	+2.6971438E-13	-3.2243251E-13
+3.2520000E+02	-1.4519021E-12	-2.8063252E-12
+3.2560000E+02	-5.0966847E-12	+4.5470037E-13
+3.2600000E+02	-1.9145459E-12	+5.3572893E-12
+3.2640000E+02	+3.0804120E-12	+3.7466746E-12
+3.2680000E+02	+3.3693844E-12	+5.0627892E-13
+3.2720000E+02	+3.2353954E-12	-5.9956949E-13
+3.2760000E+02	+3.0637233E-12	-3.4888086E-12
+3.2800000E+02	-1.3098334E-12	-5.4576195E-12
+3.2840000E+02	-5.2565604E-12	-1.6607438E-12
+3.2880000E+02	-3.3726190E-12	+2.8775360E-12
+3.2920000E+02	+1.4480577E-13	+2.8147599E-12
+3.2960000E+02	+6.8174866E-13	+1.0304989E-12
+3.3000000E+02	-7.8671477E-15	+1.2068647E-12
+3.3040000E+02	+1.2877258E-12	+2.2637028E-12
+3.3080000E+02	+3.8996953E-12	+5.8711279E-13
+3.3120000E+02	+3.0579921E-12	-3.6367944E-12
+3.3160000E+02	-1.7005760E-12	-4.2830633E-12
+3.3200000E+02	-3.3088972E-12	-3.7703377E-13
+3.3240000E+02	-9.3699056E-13	+7.6808461E-13
+3.3280000E+02	-1.6060107E-12	-5.3673020E-13
+3.3320000E+02	-3.0073664E-12	+2.2753274E-12
+3.3360000E+02	+1.0316157E-12	+4.6414553E-12
+3.3400000E+02	+4.1652520E-12	+8.7776978E-13
+3.3440000E+02	+1.7239686E-12	-1.8073607E-12
+3.3480000E+02	+8.7928660E-13	-6.3782143E-13
+3.3520000E+02	+1.6933054E-12	-2.1874700E-12
+3.3560000E+02	-1.5455188E-12	-3.5087850E-12
+3.3600000E+02	-3.2938478E-12	-4.3247264E-14
+3.3640000E+02	-7.5693832E-13	+9.5789403E-13
+3.3680000E+02	-2.0177003E-12	-6.3662293E-13
+3.3720000E+02	-3.7612904E-12	+3.6028721E-12
+3.3760000E+02	+2.6888936E-12	+6.7787735E-12
+3.3800000E+02	+7.6319715E-12	+6.4316593E-14
+3.3840000E+02	+2.6392811E-12	-5.5107515E-12
+3.3880000E+02	-1.4844058E-12	-3.0622762E-12
+3.3920000E+02	-8.0598724E-13	-2.1721183E-12
+3.3960000E+02	-3.5003498E-12	-2.8093433E-12
+3.4000000E+02	-5.5120788E-12	+2.1615008E-12
+3.4040000E+02	-3.9557079E-13	+5.6459035E-12
+3.4080000E+02	+3.3027074E-12	+2.0136862E-12
+3.4120000E+02	+1.3831380E-12	-2.2532229E-13
+3.4160000E+02	+1.4439997E-12	+1.0296036E-12
+3.4200000E+02	+3.3329732E-12	-6.7924828E-13
+3.4240000E+02	+1.7194235E-12	-3.5844230E-12
+3.4280000E+02	-1.2098811E-12	-3.7150612E-12
+3.4320000E+02	-3.4979466E-12	-2.5346401E-12
+3.4360000E+02	-5.3826442E-12	+7.9002025E-13
+3.4400000E+02	-2.9220046E-12	+5.5829461E-12
+3.4440000E+02	+3.0721929E-12	+5.3790187E-12
+3.4480000E+02	+5.0696796E-12	+5.0500108E-13
+3.4520000E+02	+2.9189074E-12	-2.2297434E-12
+3.4560000E+02	+1.3460297E-12	-2.8289863E-12
+3.4600000E+02	-6.0352017E-13	-3.5156331E-12
+3.4640000E+02	-3.1709883E-12	-2.0378041E-12
+3.4680000E+02	-3.2573249E-12	+8.5593053E-13
+3.4720000E+02	-1.7472839E-12	+2.3266689E-12
+3.4760000E+02	+1.8267245E-14	+3.0413002E-12
+3.4800000E+02	+2.5665094E-12	+2.0474318E-12
+3.4840000E+02	+2.5766289E-12	-1.1776848E-12
+3.4880000E+02	-2.9257507E-13	-1.4498197E-12
+3.4920000E+02	+3.2148144E-13	+8.1146041E-13
+3.4960000E+02	+2.4974819E-12	-1.4291769E-12
+3.5000000E+02	-1.2408150E-12	-4.2282515E-12
+3.5040000E+02	-4.8792661E-12	+1.9984286E-13
+3.5080000E+02	-6.0039125E-13	+4.1569775E-12
+3.5120000E+02	+2.7717297E-12	+3.0782932E-13
+3.5160000E+02	-1.0168786E-12	-1.8523815E-12
+3.5200000E+02	-2.0660029E-12	+2.4439794E-12
+3.5240000E+02	+2.8832860E-12	+3.1075162E-12
+3.5280000E+02	+3.9317853E-12	-1.9173232E-12
+3.5320000E+02	-1.3851696E-13	-3.5440819E-12
+3.5360000E+02	-1.7583463E-12	-1.2533302E-12
+3.5400000E+02	-1.2918204E-12	-6.3162601E-13
+3.5440000E+02	-2.3836343E-12	-9.0105994E-14
+3.5480000E+02	-2.0399629E-12	+2.6452047E-12
+3.5520000E+02	+1.4931500E-12	+3.4026372E-12
+3.5560000E+02	+3.5080917E-12	+1.9437425E-13
+3.5600000E+02	+1.4061160E-12	-2.5603356E-12
+3.5640000E+02	-1.3738139E-12	-1.6935601E-12
+3.5680000E+02	-1.3859898E-12	+6.9354416E-13
+3.5720000E+02	+6.3376530E-13	+1.1961728E-12
+3.5760000E+02	+1.5522307E-12	-6.6027761E-13
+3.5800000E+02	-1.1415931E-13	-2.1921056E-12
+3.5840000E+02	-2.3478009E-12	-1.1459356E-12
+3.5880000E+02	-2.5026905E-12	+1.3874448E-12
+3.5920000E+02	-5.7986021E-13	+2.9598255E-12
+3.5960000E+02	+1.8873048E-12	+2.6237630E-12
+3.6000000E+02	+3.5456367E-12	+4.1855265E-13
+3.6040000E+02	+2.8017573E-12	-2.6990819E-12
+3.6080000E+02	-4.9213854E-13	-3.9396077E-12
+3.6120000E+02	-3.2029614E-12	-1.8117290E-12
+3.6160000E+02	-2.8883351E-12	+1.0844337E-12
+3.6200000E+02	-1.1182881E-12	+2.2104929E-12
+3.6240000E+02	+3.7820912E-13	+2.1605000E-12
+3.6280000E+02	+1.6647678E-12	+1.3104325E-12
+3.6320000E+02	+1.7532218E-12	-3.3171434E-13
+3.6360000E+02	+5.9429337E-13	-7.8432821E-13
+3.6400000E+02	+7.4929004E-13	-2.2732236E-13
+3.6440000E+02	+1.3228277E-12	-1.6215194E-12
+3.6480000E+02	-1.1204401E-12	-3.0237214E-12
+3.6520000E+02	-3.6506672E-12	-4.2914411E-13
+3.6560000E+02	-1.8830537E-12	+2.6606334E-12
+3.6600000E+02	+5.9531188E-13	+2.0846697E-12
+3.6640000E+02	+6.9743782E-13	+1.2723422E-12
+3.6680000E+02	+1.8062251E-12	+1.5208370E-12
+3.6720000E+02	+3.1990180E-12	-7.8958310E-13
+3.6760000E+02	+9.1945898E-13	-3.2633250E-12
+3.6800000E+02	-1.6560820E-12	-1.9677454E-12
+3.6840000E+02	-1.4257669E-12	-6.2547894E-13
+3.6880000E+02	-2.1915402E-12	-5.7970303E-13
+3.6920000E+02	-2.9422823E-12	+2.1692180E-12
+3.6960000E+02	+7.4749185E-13	+4.2988134E-12
+3.7000000E+02	+3.9022233E-12	+9.9343229E-13
+3.7040000E+02	+1.8281190E-12	-2.0629189E-12
+3.7080000E+02	+1.1225327E-13	-1.1870960E-12
+3.7120000E+02	+5.2023292E-13	-1.4728282E-12
+3.7160000E+02	-1.5409516E-12	-2.2457118E-12
+3.7200000E+02	-3.0330944E-12	+7.1920202E-13
+3.7240000E+02	-1.0669293E-13	+2.6195307E-12
+3.7280000E+02	+1.5113248E-12	+2.4698929E-13
+3.7320000E+02	-3.2603919E-13	-5.2731133E-13
+3.7360000E+02	-1.7477663E-13	+1.0364808E-12
+3.7400000E+02	+1.2066235E-12	+3.1653380E-13
+3.7440000E+02	+3.5107361E-13	-6.0756790E-13
+3.7480000E+02	+3.5194437E-13	+2.5582344E-13
+3.7520000E+02	+1.4997105E-12	-9.2850875E-13
+3.7560000E+02	-6.0474192E-13	-2.7805798E-12
+3.7600000E+02	-3.3021338E-12	-5.0933971E-13
+3.7640000E+02	-1.7273036E-12	+2.6347069E-12
+3.7680000E+02	+1.0347426E-12	+2.2505262E-12
+3.7720000E+02	+1.7109862E-12	+7.0530923E-13
+3.7760000E+02	+1.7647329E-12	-4.0982525E-13
+3.7800000E+02	+9.0505895E-13	-1.7993987E-12
+3.7840000E+02	-1.0986617E-12	-1.5492763E-12
+3.7880000E+02	-1.3323295E-12	+3.0850268E-13
+3.7920000E+02	-5.5830687E-14	+6.1491237E-13
+3.7960000E+02	-2.0019014E-14	-5.1649156E-14
+3.8000000E+02	-2.4973118E-13	+2.1876962E-13
+3.8040000E+02	+9.2968335E-14	+9.5336103E-14
+3.8080000E+02	-5.2070257E-13	-7.6365850E-14
+3.8120000E+02	-5.2653721E-13	+1.2528203E-12
+3.8160000E+02	+1.5472781E-12	+1.3840396E-12
+3.8200000E+02	+2.1550969E-12	-1.0710955E-12
+3.8240000E+02	-7.4517746E-16	-2.2411178E-12
+3.8280000E+02	-1.3796417E-12	-1.0513421E-12
+3.8320000E+02	-1.4314988E-12	-1.2473622E-13
+3.8360000E+02	-1.5536262E-12	+8.8670746E-13
+3.8400000E+02	-2.5622856E-13	+2.2142171E-12
+3.8440000E+02	+1.8656277E-12	+1.2994525E-12
+3.8480000E+02	+1.6254518E-12	-8.4487752E-13
+3.8520000E+02	+1.8293392E-13	-1.0820428E-12
+3.8560000E+02	-4.7120403E-14	-6.6752430E-13
+3.8600000E+02	-5.0438338E-13	-8.5220512E-13
+3.8640000E+02	-1.1559746E-12	+4.2286326E-14
+3.8680000E+02	-2.0987608E-13	+8.3524186E-13
+3.8720000E+02	+2.4149600E-13	-4.9786697E-14
+3.8760000E+02	-7.3404707E-13	+1.9019016E-13
+3.8800000E+02	+2.5066672E-13	+1.4763427E-12
+3.8840000E+02	+1.9226821E-12	-5.8157120E-14
+3.8880000E+02	+9.8206405E-14	-1.9742514E-12
+3.8920000E+02	-1.8053074E-12	-2.7446487E-14
+3.8960000E+02	+2.0164691E-13	+1.6635592E-12
+3.9000000E+02	+1.6276624E-12	-3.3102032E-13
+3.9040000E+02	-1.5341495E-13	-1.5236853E-12
+3.9080000E+02	-1.0729628E-12	-2.7543492E-13
+3.9120000E+02	-6.3081069E-13	+1.5877467E-13
+3.9160000E+02	-1.0000873E-12	+5.4007359E-13
+3.9200000E+02	-1.2526217E-13	+1.9188510E-12
+3.9240000E+02	+2.1310985E-12	+1.1056250E-12
+3.9280000E+02	+1.8773530E-12	-1.4965126E-12
+3.9320000E+02	-3.1366906E-13	-1.9731126E-12
+3.9360000E+02	-1.2830735E-12	-8.4942439E-13
+3.9400000E+02	-1.4980394E-12	+1.2888326E-13
+3.9440000E+02	-9.4189577E-13	+1.4963711E-12
+3.9480000E+02	+1.1061334E-12	+1.4999296E-12
+3.9520000E+02	+1.4819003E-12	-7.6137867E-13
+3.9560000E+02	-7.4587497E-13	-1.1783259E-12
+3.9600000E+02	-9.8280993E-13	+1.0028326E-12
+3.9640000E+02	+1.2068824E-12	+1.0909517E-12
+3.9680000E+02	+1.3677455E-12	-1.0374283E-12
+3.9720000E+02	-4.4744776E-13	-1.4760855E-12
+3.9760000E+02	-1.1671234E-12	-2.7402071E-13
+3.9800000E+02	-6.9722011E-13	+5.1342198E-13
+3.9840000E+02	-9.5552439E-14	+5.6749411E-13
+3.9880000E+02	+1.2149666E-14	+2.0564418E-13
+3.9920000E+02	-3.7334314E-13	+5.1921619E-13
+3.9960000E+02	+5.5188965E-13	+1.3964070E-12
+4.0000000E+02	+2.3007754E-12	+7.8572496E-14
