+0.0000000E+00	+1.3929357E-08	+0.0000000E+00
+4.0000000E-01	-1.7046263E-08	-1.8180234E-08
+8.0000000E-01	-2.3361352E-08	+2.2686536E-08
+1.2000000E+00	+2.0359899E-08	+1.7454218E-08
+1.6000000E+00	+1.9095726E-09	-2.2714788E-08
+2.0000000E+00	-3.1617743E-08	+8.0045552E-09
+2.4000000E+00	+3.8822026E-09	+3.0382492E-08
+2.8000000E+00	+2.3592305E-09	-9.0367733E-10
+3.2000000E+00	-2.5788662E-08	+4.3075832E-08
+3.6000000E+00	+7.0553132E-08	+8.3790835E-08
+4.0000000E+00	+1.4181012E-07	-5.2765918E-08
+4.4000000E+00	-5.7263133E-09	-1.5379691E-07
+4.8000000E+00	-1.0952779E-07	-1.7140640E-08
+5.2000000E+00	+2.4235820E-08	+5.5816125E-08
+5.6000000E+00	+5.9610877E-08	-1.0777616E-07
+6.0000000E+00	-1.5649711E-07	-1.4086923E-07
+6.4000000E+00	-2.4086330E-07	+1.0511980E-07
+6.8000000E+00	-3.2708298E-08	+2.6490711E-07
+7.2000000E+00	+1.6740671E-07	+1.6436624E-07
+7.6000000E+00	+1.9379151E-07	-5.5019439E-10
+8.0000000E+00	+1.2413122E-07	-1.0716448E-07
+8.4000000E+00	+1.1925186E-08	-1.3157695E-07
+8.8000000E+00	-4.9698306E-08	-5.6071285E-08
+9.2000000E+00	+8.6064583E-09	-1.6552480E-08
+9.6000000E+00	+1.7864351E-08	-1.1093321E-07
+1.0000000E+01	-1.3941855E-07	-1.3801997E-07
+1.0400000E+01	-2.3937620E-07	+4.5511569E-08
+1.0800000E+01	-1.0764288E-07	+2.2014393E-07
+1.1200000E+01	+7.3853004E-08	+1.9462639E-07
+1.1600000E+01	+1.3207073E-07	+9.8378306E-08
+1.2000000E+01	+1.6492248E-07	+5.1009040E-08
+1.2400000E+01	+2.3286727E-07	-6.4226466E-08
+1.2800000E+01	+1.5102489E-07	-2.8797439E-07
+1.3200000E+01	-1.7281243E-07	-3.5423769E-07
+1.3600000E+01	-4.3116470E-07	-5.2124677E-08
+1.4000000E+01	-2.6947743E-07	+3.4713146E-07
+1.4400000E+01	+1.5591369E-07	+3.7895312E-07
+1.4800000E+01	+3.4846782E-07	+4.3073792E-08
+1.5200000E+01	+1.6410217E-07	-2.1902389E-07
+1.5600000E+01	-7.0710722E-08	-1.7656550E-07
+1.6000000E+01	-1.1121576E-07	-2.6265729E-08
+1.6400000E+01	-4.9305786E-08	+3.2152365E-08
+1.6800000E+01	-9.1081193E-09	+2.9669778E-08
+1.7200000E+01	+2.1760604E-08	+9.5444503E-09
+1.7600000E+01	+1.3266820E-08	-5.3603402E-08
+1.8000000E+01	-9.6263198E-08	-6.8004410E-08
+1.8400000E+01	-1.7020917E-07	+8.3571217E-08
+1.8800000E+01	-2.4855303E-08	+2.4852019E-07
+1.9200000E+01	+2.1171969E-07	+1.8782420E-07
+1.9600000E+01	+2.9045590E-07	-3.1440103E-08
+2.0000000E+01	+2.1069912E-07	-2.2429478E-07
+2.0400000E+01	+1.8422504E-08	-3.6322948E-07
+2.0800000E+01	-3.1264246E-07	-3.1828205E-07
+2.1200000E+01	-5.0303784E-07	+7.5080389E-08
+2.1600000E+01	-2.0735478E-07	+4.7051324E-07
+2.2000000E+01	+2.6143719E-07	+3.6861142E-07
+2.2400000E+01	+3.3805452E-07	-2.1708063E-08
+2.2800000E+01	+1.1384948E-07	-1.8020087E-07
+2.3200000E+01	-2.5970113E-08	-1.1840713E-07
+2.3600000E+01	-7.2510430E-08	-4.1008290E-08
+2.4000000E+01	-4.4667316E-08	+7.4279334E-08
+2.4400000E+01	+1.4434648E-07	+7.6605588E-08
+2.4800000E+01	+1.9834888E-07	-2.0838120E-07
+2.5200000E+01	-1.6771887E-07	-3.7498412E-07
+2.5600000E+01	-4.9655389E-07	-7.5120901E-09
+2.6000000E+01	-2.4294148E-07	+4.6572585E-07
+2.6400000E+01	+2.7725822E-07	+4.0910336E-07
+2.6800000E+01	+4.1269069E-07	-2.7515807E-08
+2.7200000E+01	+1.4838858E-07	-2.5978842E-07
+2.7600000E+01	-4.9766987E-08	-1.6190016E-07
+2.8000000E+01	-2.1023545E-08	-8.8515436E-08
+2.8400000E+01	-7.2206136E-08	-1.8075395E-07
+2.8800000E+01	-3.2224655E-07	-9.2739870E-08
+2.9200000E+01	-3.2051547E-07	+3.2241227E-07
+2.9600000E+01	+1.8196658E-07	+4.9692737E-07
+3.0000000E+01	+5.4438844E-07	+2.2155873E-08
+3.0400000E+01	+1.8678196E-07	-4.6406865E-07
+3.0800000E+01	-3.2826937E-07	-2.4839617E-07
+3.1200000E+01	-2.2165289E-07	+2.2465402E-07
+3.1600000E+01	+1.8950023E-07	+1.7996630E-07
+3.2000000E+01	+1.8864829E-07	-1.8206166E-07
+3.2400000E+01	-1.2561998E-07	-2.4288863E-07
+3.2800000E+01	-2.6658440E-07	-1.4323971E-08
+3.3200000E+01	-1.8264391E-07	+1.8083371E-07
+3.3600000E+01	-1.2663186E-08	+2.6735824E-07
+3.4000000E+01	+1.9402907E-07	+2.1012340E-07
+3.4400000E+01	+2.7595269E-07	-2.9599748E-09
+3.4800000E+01	+1.6407711E-07	-1.5364724E-07
+3.5200000E+01	+7.6661716E-08	-1.6696144E-07
+3.5600000E+01	+2.0736544E-08	-2.4927067E-07
+3.6000000E+01	-2.3663958E-07	-2.8531139E-07
+3.6400000E+01	-4.5732977E-07	+4.5718187E-08
+3.6800000E+01	-1.9202924E-07	+4.3882889E-07
+3.7200000E+01	+2.6983922E-07	+3.2656618E-07
+3.7600000E+01	+3.0175240E-07	-8.3952118E-08
+3.8000000E+01	+3.6272446E-09	-1.8407959E-07
+3.8400000E+01	-9.2294423E-08	+2.0086050E-08
+3.8800000E+01	+7.4478471E-08	+9.4865546E-08
+3.9200000E+01	+1.6188097E-07	-6.8795407E-08
+3.9600000E+01	+1.6406231E-08	-2.0414338E-07
+4.0000000E+01	-1.5753336E-07	-1.1624445E-07
+4.0400000E+01	-1.4027087E-07	+3.9151455E-08
+4.0800000E+01	-6.6871309E-08	+4.8856811E-08
+4.1200000E+01	-1.1389181E-07	+7.6138157E-08
+4.1600000E+01	-3.1593593E-08	+2.5132531E-07
+4.2000000E+01	+2.8147453E-07	+1.9621632E-07
+4.2400000E+01	+3.1611676E-07	-1.9168789E-07
+4.2800000E+01	-4.6733033E-08	-3.1285588E-07
+4.3200000E+01	-1.8059674E-07	-5.1597740E-08
+4.3600000E+01	-2.7686583E-08	-8.4802623E-09
+4.4000000E+01	-1.4613588E-07	-1.1925339E-07
+4.4400000E+01	-3.1124855E-07	+1.5408119E-07
+4.4800000E+01	+3.4114742E-08	+4.3831299E-07
+4.5200000E+01	+4.2948864E-07	+1.3247749E-07
+4.5600000E+01	+2.4067460E-07	-3.0065680E-07
+4.6000000E+01	-1.4180562E-07	-2.3646271E-07
+4.6400000E+01	-1.5460500E-07	+4.8698066E-08
+4.6800000E+01	+4.9553123E-08	+8.6845139E-08
+4.7200000E+01	+1.0277205E-07	-8.6648668E-08
+4.7600000E+01	-7.1037016E-08	-1.8806064E-07
+4.8000000E+01	-2.5472972E-07	-3.3731205E-08
+4.8400000E+01	-1.7168174E-07	+2.1831489E-07
+4.8800000E+01	+7.6926481E-08	+2.3675445E-07
+4.9200000E+01	+1.6459845E-07	+7.8432693E-08
+4.9600000E+01	+1.3550512E-07	+4.9460745E-09
+5.0000000E+01	+1.5129614E-07	-5.5725732E-08
+5.0400000E+01	+8.8640569E-08	-1.6611850E-07
+5.0800000E+01	-3.9241124E-08	-1.6828420E-07
+5.1200000E+01	-9.7780579E-08	-1.3363326E-07
+5.1600000E+01	-2.2658658E-07	-9.8960114E-08
+5.2000000E+01	-3.0983560E-07	+1.7927773E-07
+5.2400000E+01	+3.6613704E-08	+4.2112897E-07
+5.2800000E+01	+3.9796964E-07	+9.4103759E-08
+5.3200000E+01	+1.2812147E-07	-2.9821282E-07
+5.3600000E+01	-2.1686932E-07	-6.1659438E-08
+5.4000000E+01	+3.6426543E-08	+2.1117061E-07
+5.4400000E+01	+2.6403496E-07	-8.4816356E-08
+5.4800000E+01	-5.0974746E-08	-3.0720249E-07
+5.5200000E+01	-2.7925750E-07	-3.0491908E-08
+5.5600000E+01	-8.9773212E-08	+1.7296838E-07
+5.6000000E+01	+4.0074721E-08	+7.6208274E-08
+5.6400000E+01	-4.1539856E-09	+4.6207023E-08
+5.6800000E+01	+4.3364835E-08	+9.2332963E-08
+5.7200000E+01	+1.1826023E-07	+2.9035761E-08
+5.7600000E+01	+1.0075553E-07	-5.2844906E-08
+5.8000000E+01	+6.5778003E-08	-9.9738416E-08
+5.8400000E+01	-6.6292909E-09	-1.5340746E-07
+5.8800000E+01	-1.3820064E-07	-1.2501665E-07
+5.9200000E+01	-2.0253400E-07	+1.6402070E-08
+5.9600000E+01	-1.3846841E-07	+1.6212686E-07
+6.0000000E+01	+2.0832433E-08	+2.2561464E-07
+6.0400000E+01	+1.9197562E-07	+1.3104721E-07
+6.0800000E+01	+1.9600077E-07	-7.3602144E-08
+6.1200000E+01	+3.2447487E-08	-1.4377659E-07
+6.1600000E+01	-3.3466680E-08	-4.5626269E-08
+6.2000000E+01	+3.4122809E-08	-3.6557719E-08
+6.2400000E+01	-1.0016246E-08	-1.2965411E-07
+6.2800000E+01	-1.5453647E-07	-8.3083726E-08
+6.3200000E+01	-1.5663055E-07	+8.7362702E-08
+6.3600000E+01	-1.1374399E-08	+1.4602770E-07
+6.4000000E+01	+6.5491784E-08	+5.3599151E-08
+6.4400000E+01	+1.2343262E-09	+4.2393219E-09
+6.4800000E+01	-1.3845896E-08	+9.9989645E-08
+6.5200000E+01	+1.5842985E-07	+1.2573523E-07
+6.5600000E+01	+2.5847013E-07	-1.1261946E-07
+6.6000000E+01	+1.8166837E-08	-3.1629386E-07
+6.6400000E+01	-2.5323496E-07	-1.4814656E-07
+6.6800000E+01	-1.8899498E-07	+1.0498386E-07
+6.7200000E+01	-4.0345888E-08	+1.1146852E-07
+6.7600000E+01	-3.9694481E-08	+1.0489989E-07
+6.8000000E+01	+6.9114333E-08	+1.8204665E-07
+6.8400000E+01	+2.5080521E-07	+2.5059760E-08
+6.8800000E+01	+1.1026220E-07	-2.3410997E-07
+6.9200000E+01	-1.6955608E-07	-1.3925347E-07
+6.9600000E+01	-1.1005378E-07	+1.1111609E-07
+7.0000000E+01	+9.1472017E-08	+5.8675528E-08
+7.0400000E+01	+2.8108920E-08	-1.0346410E-07
+7.0800000E+01	-1.1088335E-07	-3.5103962E-08
+7.1200000E+01	-5.7150862E-08	+8.0871853E-08
+7.1600000E+01	+1.5559673E-08	+5.0267557E-08
+7.2000000E+01	-1.2474070E-08	+4.1956750E-08
+7.2400000E+01	+3.6864161E-08	+1.0984930E-07
+7.2800000E+01	+1.7697773E-07	+5.0456300E-08
+7.3200000E+01	+1.7663698E-07	-1.4941964E-07
+7.3600000E+01	-1.7183764E-08	-2.5490852E-07
+7.4000000E+01	-2.1460973E-07	-1.5573241E-07
+7.4400000E+01	-2.6848192E-07	+5.7122500E-08
+7.4800000E+01	-1.3853838E-07	+2.5376948E-07
+7.5200000E+01	+1.2704653E-07	+2.6961177E-07
+7.5600000E+01	+2.8254088E-07	+2.6432941E-08
+7.6000000E+01	+1.1738274E-07	-2.0659407E-07
+7.6400000E+01	-1.2165329E-07	-1.1721503E-07
+7.6800000E+01	-6.8995510E-08	+8.9312685E-08
+7.7200000E+01	+1.0692494E-07	+3.8877359E-08
+7.7600000E+01	+5.3704128E-08	-1.2223820E-07
+7.8000000E+01	-9.1672666E-08	-8.0538467E-08
+7.8400000E+01	-6.4311576E-08	+2.7313504E-08
+7.8800000E+01	-1.0229076E-08	-1.2838938E-08
+7.9200000E+01	-1.0539933E-07	-3.3777235E-08
+7.9600000E+01	-1.5522997E-07	+1.3561687E-07
+8.0000000E+01	+5.5540201E-08	+2.8603168E-07
+8.0400000E+01	+3.4115648E-07	+1.1190188E-07
+8.0800000E+01	+2.8518693E-07	-2.7939236E-07
+8.1200000E+01	-1.3102633E-07	-3.7808146E-07
+8.1600000E+01	-3.5304835E-07	-2.4855096E-08
+8.2000000E+01	-1.1209399E-07	+2.3771032E-07
+8.2400000E+01	+9.9233799E-08	+1.0002827E-07
+8.2800000E+01	+1.1906968E-08	-3.8245566E-10
+8.3200000E+01	+3.2508803E-08	+9.8841257E-08
+8.3600000E+01	+1.8354058E-07	-1.3741968E-08
+8.4000000E+01	+2.1331622E-08	-2.2211130E-07
+8.4400000E+01	-2.2480417E-07	-4.3426754E-08
+8.4800000E+01	-4.6667747E-08	+2.1488756E-07
+8.5200000E+01	+2.0566332E-07	+4.6324805E-08
+8.5600000E+01	+5.9360635E-08	-1.8839019E-07
+8.6000000E+01	-1.4133692E-07	-8.2426121E-08
+8.6400000E+01	-8.6380122E-08	+5.5094747E-08
+8.6800000E+01	-4.5987971E-08	+3.6438106E-08
+8.7200000E+01	-7.3952004E-08	+1.0824274E-07
+8.7600000E+01	+8.2992325E-08	+2.0352839E-07
+8.8000000E+01	+2.8020563E-07	+3.1984445E-08
+8.8400000E+01	+1.7870737E-07	-2.4891282E-07
+8.8800000E+01	-1.1578236E-07	-2.7047016E-07
+8.9200000E+01	-2.4968440E-07	-4.8501154E-08
+8.9600000E+01	-1.5337594E-07	+1.2846318E-07
+9.0000000E+01	-2.0941405E-08	+1.4882564E-07
+9.0400000E+01	+5.4887789E-08	+1.1891058E-07
+9.0800000E+01	+1.3220604E-07	+6.1493543E-08
+9.1200000E+01	+1.4051887E-07	-8.6868503E-08
+9.1600000E+01	-3.4374832E-08	-1.6867195E-07
+9.2000000E+01	-1.7322442E-07	+4.5527959E-09
+9.2400000E+01	-1.3079293E-08	+1.8312213E-07
+9.2800000E+01	+1.9556883E-07	+4.6643454E-08
+9.3200000E+01	+1.0312606E-07	-1.7912864E-07
+9.3600000E+01	-1.0871898E-07	-1.5174368E-07
+9.4000000E+01	-1.4568640E-07	-1.2713323E-09
+9.4400000E+01	-9.7002992E-08	+6.3262942E-08
+9.4800000E+01	-6.7246575E-08	+1.1995864E-07
+9.5200000E+01	+4.8859793E-08	+1.8017232E-07
+9.5600000E+01	+2.1291480E-07	+8.3401621E-08
+9.6000000E+01	+2.0901769E-07	-1.4444474E-07
+9.6400000E+01	-6.3082379E-09	-2.6529227E-07
+9.6800000E+01	-2.2828167E-07	-1.3791176E-07
+9.7200000E+01	-2.2852320E-07	+1.2110282E-07
+9.7600000E+01	-3.9771230E-09	+2.3874599E-07
+9.8000000E+01	+1.8229636E-07	+9.6003393E-08
+9.8400000E+01	+1.3030047E-07	-9.8646786E-08
+9.8800000E+01	-2.6869439E-08	-1.1504209E-07
+9.9200000E+01	-7.7579708E-08	-1.5557355E-08
+9.9600000E+01	-3.5906422E-08	+4.0977896E-08
+1.0000000E+02	+8.2036258E-09	+5.0188518E-08
+1.0040000E+02	+6.1508195E-08	+3.3262961E-08
+1.0080000E+02	+8.9683073E-08	-5.2604735E-08
+1.0120000E+02	-2.2627914E-09	-1.4185096E-07
+1.0160000E+02	-1.4951182E-07	-8.6140148E-08
+1.0200000E+02	-1.7052300E-07	+8.1846373E-08
+1.0240000E+02	-4.8706872E-08	+1.8926601E-07
+1.0280000E+02	+1.0491769E-07	+1.8060217E-07
+1.0320000E+02	+2.3720832E-07	+6.0928603E-08
+1.0360000E+02	+2.3285292E-07	-1.7898129E-07
+1.0400000E+02	-3.3554514E-08	-3.2765681E-07
+1.0440000E+02	-3.0785686E-07	-1.2141773E-07
+1.0480000E+02	-2.1017857E-07	+2.0183226E-07
+1.0520000E+02	+7.6848537E-08	+2.0510347E-07
+1.0560000E+02	+1.3312605E-07	+1.0516473E-08
+1.0600000E+02	+4.5875055E-08	-4.2901343E-08
+1.0640000E+02	+3.4874262E-08	-4.9032886E-08
+1.0680000E+02	-4.0935532E-08	-1.0014101E-07
+1.0720000E+02	-1.6345186E-07	+1.9797109E-08
+1.0760000E+02	-3.1956131E-08	+2.1795500E-07
+1.0800000E+02	+2.3331399E-07	+1.1938171E-07
+1.0840000E+02	+2.1487960E-07	-1.7883576E-07
+1.0880000E+02	-5.5093214E-08	-2.6757954E-07
+1.0920000E+02	-2.3669471E-07	-9.4652282E-08
+1.0960000E+02	-2.0462522E-07	+1.2260028E-07
+1.1000000E+02	-2.8217005E-08	+2.2418288E-07
+1.1040000E+02	+1.4669921E-07	+1.4747181E-07
+1.1080000E+02	+1.8149244E-07	-1.2001502E-08
+1.1120000E+02	+1.1630884E-07	-1.1732733E-07
+1.1160000E+02	+1.4125617E-08	-1.8317122E-07
+1.1200000E+02	-1.6650935E-07	-1.5625938E-07
+1.1240000E+02	-2.5471461E-07	+8.3339869E-08
+1.1280000E+02	-2.3190032E-08	+2.8107542E-07
+1.1320000E+02	+2.4127760E-07	+1.0796663E-07
+1.1360000E+02	+1.4589451E-07	-1.6531421E-07
+1.1400000E+02	-8.5387382E-08	-1.3895394E-07
+1.1440000E+02	-1.0471373E-07	+1.7752763E-08
+1.1480000E+02	-3.8410157E-08	+5.6496113E-08
+1.1520000E+02	-6.8839337E-09	+8.5423172E-08
+1.1560000E+02	+1.1092380E-07	+9.1327871E-08
+1.1600000E+02	+1.8618325E-07	-9.0026771E-08
+1.1640000E+02	-8.9145960E-09	-2.5414327E-07
+1.1680000E+02	-2.4863965E-07	-1.0954057E-07
+1.1720000E+02	-2.0507651E-07	+1.5052775E-07
+1.1760000E+02	-5.7479760E-09	+2.1330530E-07
+1.1800000E+02	+1.1170998E-07	+1.4317218E-07
+1.1840000E+02	+1.8827506E-07	+5.8295310E-08
+1.1880000E+02	+2.1411929E-07	-1.1957026E-07
+1.1920000E+02	+1.9209407E-08	-2.8477829E-07
+1.1960000E+02	-2.5396607E-07	-1.5140355E-07
+1.2000000E+02	-2.1915536E-07	+1.6172116E-07
+1.2040000E+02	+6.7322027E-08	+2.1437405E-07
+1.2080000E+02	+1.6857863E-07	-6.5738914E-09
+1.2120000E+02	+2.2601475E-08	-1.1659385E-07
+1.2160000E+02	-6.8559309E-08	-4.0146161E-08
+1.2200000E+02	-5.3412425E-08	+1.2808694E-08
+1.2240000E+02	-5.8032677E-08	+4.6374027E-08
+1.2280000E+02	-2.4425952E-09	+1.2582473E-07
+1.2320000E+02	+1.5232473E-07	+9.1517161E-08
+1.2360000E+02	+1.8474849E-07	-1.0784431E-07
+1.2400000E+02	+8.7323622E-10	-2.2892031E-07
+1.2440000E+02	-1.8799181E-07	-1.2684008E-07
+1.2480000E+02	-2.0714852E-07	+6.9036757E-08
+1.2520000E+02	-7.8281593E-08	+1.9895983E-07
+1.2560000E+02	+1.0393939E-07	+1.8787673E-07
+1.2600000E+02	+2.1234594E-07	+3.2894404E-08
+1.2640000E+02	+1.4775693E-07	-1.4676047E-07
+1.2680000E+02	-2.8967933E-08	-1.9138256E-07
+1.2720000E+02	-1.5280475E-07	-8.2467428E-08
+1.2760000E+02	-1.3980529E-07	+6.1255268E-08
+1.2800000E+02	-3.4020522E-08	+1.2918169E-07
+1.2840000E+02	+7.1941292E-08	+9.3200892E-08
+1.2880000E+02	+1.0549604E-07	-4.5853196E-09
+1.2920000E+02	+4.7460857E-08	-8.6247512E-08
+1.2960000E+02	-5.5612006E-08	-8.2169106E-08
+1.3000000E+02	-1.1030572E-07	+1.8029940E-08
+1.3040000E+02	-3.8454595E-08	+1.3288288E-07
+1.3080000E+02	+1.2963642E-07	+1.2155185E-07
+1.3120000E+02	+2.1235538E-07	-7.3054427E-08
+1.3160000E+02	+4.1251811E-08	-2.6570952E-07
+1.3200000E+02	-2.3947245E-07	-1.7536132E-07
+1.3240000E+02	-2.6312185E-07	+1.3170701E-07
+1.3280000E+02	-6.5124929E-09	+2.5242124E-07
+1.3320000E+02	+1.4448818E-07	+9.8137952E-08
+1.3360000E+02	+9.0060017E-08	+2.0834366E-09
+1.3400000E+02	+1.0822402E-07	+1.1343891E-08
+1.3440000E+02	+1.4613485E-07	-1.2524707E-07
+1.3480000E+02	-6.1920589E-08	-2.4281023E-07
+1.3520000E+02	-2.6350082E-07	-3.0142341E-08
+1.3560000E+02	-9.7594175E-08	+2.1959158E-07
+1.3600000E+02	+1.5093893E-07	+1.1932971E-07
+1.3640000E+02	+1.0962980E-07	-9.0473282E-08
+1.3680000E+02	-4.3877785E-08	-9.4169586E-08
+1.3720000E+02	-8.3313381E-08	-2.6716599E-09
+1.3760000E+02	-5.8380681E-08	+6.5409087E-08
+1.3800000E+02	+2.3162496E-08	+1.1079487E-07
+1.3840000E+02	+1.3077843E-07	+4.3253646E-08
+1.3880000E+02	+1.0686933E-07	-9.5216285E-08
+1.3920000E+02	-9.2929389E-09	-1.2692263E-07
+1.3960000E+02	-7.5688971E-08	-8.9077884E-08
+1.4000000E+02	-1.4739589E-07	-3.9211009E-08
+1.4040000E+02	-1.7268730E-07	+1.2896012E-07
+1.4080000E+02	+3.6888328E-08	+2.6357724E-07
+1.4120000E+02	+2.6832298E-07	+8.4057599E-08
+1.4160000E+02	+1.7109374E-07	-1.8692328E-07
+1.4200000E+02	-6.3974752E-08	-1.7969732E-07
+1.4240000E+02	-1.0992505E-07	-3.7782032E-08
+1.4280000E+02	-7.5387308E-08	+4.6225953E-09
+1.4320000E+02	-8.0210794E-08	+4.9472432E-08
+1.4360000E+02	-2.9368929E-09	+1.1210009E-07
+1.4400000E+02	+9.8684696E-08	+4.0628188E-08
+1.4440000E+02	+4.9488863E-08	-7.2238920E-08
+1.4480000E+02	-5.6304013E-08	-4.7334928E-08
+1.4520000E+02	-5.9091416E-08	+4.4062107E-08
+1.4560000E+02	+8.2331693E-09	+8.5446685E-08
+1.4600000E+02	+9.5018557E-08	+6.5897483E-08
+1.4640000E+02	+1.5490043E-07	-4.9959329E-08
+1.4680000E+02	+5.5657371E-08	-2.0520906E-07
+1.4720000E+02	-1.7214516E-07	-1.7916689E-07
+1.4760000E+02	-2.5246105E-07	+5.9012038E-08
+1.4800000E+02	-7.7356801E-08	+2.2959047E-07
+1.4840000E+02	+1.2175700E-07	+1.6185481E-07
+1.4880000E+02	+1.5123335E-07	+8.3206727E-09
+1.4920000E+02	+8.8515606E-08	-6.1249218E-08
+1.4960000E+02	+4.8210325E-08	-8.3627062E-08
+1.5000000E+02	-1.2406058E-08	-1.1617367E-07
+1.5040000E+02	-1.1828649E-07	-7.3491582E-08
+1.5080000E+02	-1.2844539E-07	+7.3546849E-08
+1.5120000E+02	+2.0673879E-08	+1.3940066E-07
+1.5160000E+02	+1.2366378E-07	+1.3316058E-08
+1.5200000E+02	+2.8052849E-08	-1.0547571E-07
+1.5240000E+02	-9.3106880E-08	-4.0480959E-08
+1.5280000E+02	-6.2770008E-08	+7.4084691E-08
+1.5320000E+02	+3.0021832E-08	+8.6742798E-08
+1.5360000E+02	+8.7039495E-08	+4.2203268E-08
+1.5400000E+02	+1.1990933E-07	-4.0667478E-08
+1.5440000E+02	+5.1144164E-08	-1.6381101E-07
+1.5480000E+02	-1.4252408E-07	-1.5504874E-07
+1.5520000E+02	-2.1969880E-07	+5.6901575E-08
+1.5560000E+02	-5.3245501E-08	+2.0570628E-07
+1.5600000E+02	+1.1312252E-07	+1.2795954E-07
+1.5640000E+02	+1.2254054E-07	+1.3334381E-08
+1.5680000E+02	+1.0830086E-07	-3.7017033E-08
+1.5720000E+02	+8.1942638E-08	-1.2554939E-07
+1.5760000E+02	-6.6524416E-08	-1.7050455E-07
+1.5800000E+02	-1.8897374E-07	-2.3568667E-08
+1.5840000E+02	-8.9915790E-08	+1.4489601E-07
+1.5880000E+02	+8.0810357E-08	+1.0658733E-07
+1.5920000E+02	+8.9495687E-08	-3.7276504E-08
+1.5960000E+02	-2.1960563E-08	-7.4655151E-08
+1.6000000E+02	-8.1664321E-08	+1.0291044E-08
+1.6040000E+02	-2.4109104E-08	+9.4917627E-08
+1.6080000E+02	+7.9524148E-08	+7.7252708E-08
+1.6120000E+02	+1.1096540E-07	-1.8103795E-08
+1.6160000E+02	+6.4657371E-08	-8.2927427E-08
+1.6200000E+02	+1.4011453E-08	-1.1334732E-07
+1.6240000E+02	-8.2308006E-08	-1.3724081E-07
+1.6280000E+02	-2.1888939E-07	-2.6760616E-08
+1.6320000E+02	-1.6069998E-07	+2.1184005E-07
+1.6360000E+02	+1.2227236E-07	+2.4840947E-07
+1.6400000E+02	+2.4688501E-07	-4.6719758E-09
+1.6440000E+02	+7.5589072E-08	-1.6627221E-07
+1.6480000E+02	-5.7984812E-08	-8.3634684E-08
+1.6520000E+02	-3.1756606E-08	-2.2238347E-08
+1.6560000E+02	-4.8287673E-08	-3.6687222E-08
+1.6600000E+02	-8.0487319E-08	+3.2430751E-08
+1.6640000E+02	+7.1816477E-09	+8.5829633E-08
+1.6680000E+02	+6.7772430E-08	+2.7544127E-09
+1.6720000E+02	-2.7760630E-09	-5.0811563E-08
+1.6760000E+02	-4.5515110E-08	+4.5052024E-09
+1.6800000E+02	-1.5228857E-08	+3.9220883E-08
+1.6840000E+02	+7.5442938E-09	+5.2643806E-08
+1.6880000E+02	+7.9921634E-08	+6.1991708E-08
+1.6920000E+02	+1.5244107E-07	-6.3625684E-08
+1.6960000E+02	+7.9142205E-09	-2.2127617E-07
+1.7000000E+02	-2.2617007E-07	-1.0884282E-07
+1.7040000E+02	-1.8623096E-07	+1.5616193E-07
+1.7080000E+02	+4.4794909E-08	+1.9298687E-07
+1.7120000E+02	+1.2124096E-07	+4.7549546E-08
+1.7160000E+02	+7.2464042E-08	-1.0865217E-08
+1.7200000E+02	+7.5640376E-08	-2.6172666E-08
+1.7240000E+02	+4.8897278E-08	-9.5164137E-08
+1.7280000E+02	-5.1874408E-08	-9.5854790E-08
+1.7320000E+02	-8.4576574E-08	-1.0218758E-08
+1.7360000E+02	-4.3761360E-08	+3.0669009E-08
+1.7400000E+02	-2.1893405E-08	+3.4215274E-08
+1.7440000E+02	+6.9650192E-09	+3.9087191E-08
+1.7480000E+02	+2.4032222E-08	-9.9736895E-10
+1.7520000E+02	-3.2476251E-08	-1.1032003E-08
+1.7560000E+02	-3.2658899E-08	+7.9314248E-08
+1.7600000E+02	+9.9480424E-08	+8.8501966E-08
+1.7640000E+02	+1.4218068E-07	-6.7258349E-08
+1.7680000E+02	+2.9623455E-09	-1.4920181E-07
+1.7720000E+02	-9.2867974E-08	-6.4966877E-08
+1.7760000E+02	-7.4418857E-08	-5.1848620E-10
+1.7800000E+02	-7.8772105E-08	+2.1574213E-08
+1.7840000E+02	-6.1547979E-08	+9.9676460E-08
+1.7880000E+02	+5.8776535E-08	+1.2375086E-07
+1.7920000E+02	+1.2937352E-07	+1.0069681E-08
+1.7960000E+02	+5.9848585E-08	-8.0302451E-08
+1.8000000E+02	-1.1340045E-08	-6.2130056E-08
+1.8040000E+02	-2.3537418E-08	-3.5726611E-08
+1.8080000E+02	-4.0259136E-08	-2.2760820E-08
+1.8120000E+02	-4.2866337E-08	+1.4071512E-08
+1.8160000E+02	-1.0678607E-08	+2.6550683E-08
+1.8200000E+02	-6.7275998E-09	+7.4898348E-09
+1.8240000E+02	-2.3556512E-08	+2.4159962E-08
+1.8280000E+02	+6.3639490E-09	+5.5509722E-08
+1.8320000E+02	+5.5876626E-08	+3.5486779E-08
+1.8360000E+02	+6.6236197E-08	-1.4151073E-08
+1.8400000E+02	+4.6026305E-08	-5.3746424E-08
+1.8440000E+02	+3.5781161E-09	-8.1494226E-08
+1.8480000E+02	-6.1888769E-08	-7.1142178E-08
+1.8520000E+02	-1.0124464E-07	-4.8488236E-09
+1.8560000E+02	-7.5116629E-08	+6.8867013E-08
+1.8600000E+02	-7.7033682E-09	+1.0060097E-07
+1.8640000E+02	+6.4532977E-08	+7.8967103E-08
+1.8680000E+02	+1.0091945E-07	+5.4496020E-09
+1.8720000E+02	+5.8750786E-08	-6.7870500E-08
+1.8760000E+02	-1.5232657E-08	-6.0926874E-08
+1.8800000E+02	-1.9270639E-08	-9.8564008E-09
+1.8840000E+02	+1.3857881E-08	-2.5334517E-08
+1.8880000E+02	-3.2912808E-08	-6.6206039E-08
+1.8920000E+02	-1.0386730E-07	-3.2998639E-09
+1.8960000E+02	-5.2628491E-08	+9.6506321E-08
+1.9000000E+02	+5.1049893E-08	+7.3070610E-08
+1.9040000E+02	+4.5591501E-08	-5.2288812E-09
+1.9080000E+02	+3.0833073E-09	+1.0926483E-08
+1.9120000E+02	+5.4817799E-08	+3.4454103E-08
+1.9160000E+02	+9.0764944E-08	-5.3577051E-08
+1.9200000E+02	-7.4781650E-09	-1.2429093E-07
+1.9240000E+02	-1.0946592E-07	-5.2040801E-08
+1.9280000E+02	-8.6180022E-08	+5.3945723E-08
+1.9320000E+02	-8.5945035E-09	+7.6084854E-08
+1.9360000E+02	+3.4304297E-08	+4.3060521E-08
+1.9400000E+02	+3.6601702E-08	+6.1850503E-09
+1.9440000E+02	+1.6175682E-08	-5.2996081E-09
+1.9480000E+02	+1.9502110E-08	+9.7053425E-09
+1.9520000E+02	+5.0591534E-08	-1.4791662E-08
+1.9560000E+02	+1.7313884E-08	-7.5766545E-08
+1.9600000E+02	-6.8103371E-08	-5.1466899E-08
+1.9640000E+02	-5.8677663E-08	+3.7626476E-08
+1.9680000E+02	+1.4608899E-08	+2.9725573E-08
+1.9720000E+02	-1.5337140E-08	-2.6126619E-08
+1.9760000E+02	-7.3037275E-08	+4.0262490E-08
+1.9800000E+02	+2.0117101E-08	+1.2574892E-07
+1.9840000E+02	+1.4413287E-07	+3.7299072E-08
+1.9880000E+02	+9.3928672E-08	-1.0805779E-07
+1.9920000E+02	-3.5071295E-08	-1.0808061E-07
+1.9960000E+02	-6.5928192E-08	-2.9934204E-08
+2.0000000E+02	-4.6727022E-08	-6.7705138E-09
+2.0040000E+02	-6.2880280E-08	+9.2300850E-09
+2.0080000E+02	-5.0658593E-08	+6.8541361E-08
+2.0120000E+02	+2.7287468E-08	+8.8056704E-08
+2.0160000E+02	+7.9015271E-08	+2.5095200E-08
+2.0200000E+02	+5.0111362E-08	-3.6535852E-08
+2.0240000E+02	+3.1694817E-09	-3.6214221E-08
+2.0280000E+02	-5.0349725E-09	-1.1723623E-08
+2.0320000E+02	+8.9216460E-09	-9.4837026E-09
+2.0360000E+02	+9.3296747E-09	-3.0246569E-08
+2.0400000E+02	-2.2763066E-08	-4.7052413E-08
+2.0440000E+02	-7.0597843E-08	-1.8338850E-08
+2.0480000E+02	-6.8195151E-08	+5.5820213E-08
+2.0520000E+02	+7.7853145E-09	+9.1192086E-08
+2.0560000E+02	+6.8284463E-08	+4.1874148E-08
+2.0600000E+02	+5.7733028E-08	-1.1671138E-08
+2.0640000E+02	+4.3503012E-08	-2.5875655E-08
+2.0680000E+02	+3.6544046E-08	-6.3401787E-08
+2.0720000E+02	-3.7923720E-08	-9.3337910E-08
+2.0760000E+02	-1.1345461E-07	-1.3898736E-08
+2.0800000E+02	-5.8092036E-08	+9.0342212E-08
+2.0840000E+02	+4.3956321E-08	+6.8864120E-08
+2.0880000E+02	+4.4738484E-08	-5.1313910E-09
+2.0920000E+02	+6.2276338E-09	-7.1990858E-09
+2.0960000E+02	+1.6514838E-08	+6.1283747E-09
+2.1000000E+02	+1.9928447E-08	-1.3873168E-08
+2.1040000E+02	+4.2484179E-09	-1.3458548E-08
+2.1080000E+02	+1.5781943E-08	-1.3398966E-08
+2.1120000E+02	+3.1781402E-09	-4.7595328E-08
+2.1160000E+02	-5.4548324E-08	-3.8405649E-08
+2.1200000E+02	-6.4115849E-08	+2.5186306E-08
+2.1240000E+02	-2.3543078E-08	+5.2195087E-08
+2.1280000E+02	-1.5771068E-09	+5.6036407E-08
+2.1320000E+02	+4.4092336E-08	+7.0364680E-08
+2.1360000E+02	+1.1309752E-07	+1.0442214E-08
+2.1400000E+02	+7.4768926E-08	-1.0359374E-07
+2.1440000E+02	-4.9753623E-08	-1.0777865E-07
+2.1480000E+02	-8.9318144E-08	-1.2275995E-08
+2.1520000E+02	-4.4532193E-08	+3.3668436E-08
+2.1560000E+02	-2.2684144E-08	+3.3715781E-08
+2.1600000E+02	-2.3293424E-09	+4.8603932E-08
+2.1640000E+02	+3.9335792E-08	+3.1737746E-08
+2.1680000E+02	+3.4350745E-08	-1.5529455E-08
+2.1720000E+02	-3.0593203E-09	-1.5407015E-08
+2.1760000E+02	+2.3626759E-09	+1.1263758E-08
+2.1800000E+02	+2.6983259E-08	+1.6770321E-11
+2.1840000E+02	+2.1283362E-08	-2.7835316E-08
+2.1880000E+02	-2.6968539E-09	-4.1139597E-08
+2.1920000E+02	-3.7251839E-08	-3.7418392E-08
+2.1960000E+02	-6.6366381E-08	+4.0675774E-09
+2.2000000E+02	-4.1077784E-08	+6.1989827E-08
+2.2040000E+02	+2.2926354E-08	+6.8922962E-08
+2.2080000E+02	+5.8215336E-08	+2.8966719E-08
+2.2120000E+02	+6.2128274E-08	-1.0632847E-08
+2.2160000E+02	+4.9379386E-08	-5.5482123E-08
+2.2200000E+02	-1.1898153E-08	-8.9656932E-08
+2.2240000E+02	-9.0329565E-08	-4.3820132E-08
+2.2280000E+02	-8.1010557E-08	+5.5714587E-08
+2.2320000E+02	+1.0298052E-08	+8.2611666E-08
+2.2360000E+02	+5.4915065E-08	+1.8399973E-08
+2.2400000E+02	+1.8158576E-08	-2.0973427E-08
+2.2440000E+02	-2.5545554E-09	+1.4764587E-09
+2.2480000E+02	+1.9224616E-08	+4.1590235E-09
+2.2520000E+02	+1.1456170E-08	-2.0709706E-08
+2.2560000E+02	-1.0694144E-08	-5.4755684E-09
+2.2600000E+02	+1.8971844E-08	+8.5056145E-09
+2.2640000E+02	+2.9842114E-08	-4.6345163E-08
+2.2680000E+02	-5.1797408E-08	-7.0006702E-08
+2.2720000E+02	-1.0348788E-07	+2.2545789E-08
+2.2760000E+02	-2.8425265E-08	+1.0187848E-07
+2.2800000E+02	+5.6649830E-08	+6.8696291E-08
+2.2840000E+02	+6.9136120E-08	+1.1648000E-08
+2.2880000E+02	+6.5942622E-08	-2.5703136E-08
+2.2920000E+02	+3.6759212E-08	-7.7852597E-08
+2.2960000E+02	-4.6407177E-08	-8.1693729E-08
+2.3000000E+02	-8.5580569E-08	-3.4715429E-09
+2.3040000E+02	-4.0357586E-08	+5.1648377E-08
+2.3080000E+02	+3.5574791E-09	+4.7815138E-08
+2.3120000E+02	+3.2074836E-08	+3.4012972E-08
+2.3160000E+02	+5.1831585E-08	-1.2159024E-08
+2.3200000E+02	-2.5142142E-09	-5.7836566E-08
+2.3240000E+02	-6.5174380E-08	+2.6257675E-09
+2.3280000E+02	+7.7972618E-10	+7.8070885E-08
+2.3320000E+02	+8.7313918E-08	+1.2793469E-08
+2.3360000E+02	+3.4990242E-08	-7.8315921E-08
+2.3400000E+02	-4.4666519E-08	-4.9987200E-08
+2.3440000E+02	-4.0326009E-08	-3.6693770E-09
+2.3480000E+02	-4.3956884E-08	+7.0827933E-10
+2.3520000E+02	-5.5453856E-08	+5.4028083E-08
+2.3560000E+02	+2.6661693E-08	+1.0167955E-07
+2.3600000E+02	+1.1321526E-07	+2.4458281E-08
+2.3640000E+02	+7.1506197E-08	-8.1966280E-08
+2.3680000E+02	-2.2071516E-08	-8.8374227E-08
+2.3720000E+02	-6.5987015E-08	-3.7884801E-08
+2.3760000E+02	-7.1564267E-08	+1.7239762E-08
+2.3800000E+02	-3.1881797E-08	+6.9830323E-08
+2.3840000E+02	+4.4036671E-08	+5.9111726E-08
+2.3880000E+02	+5.8950704E-08	-1.5648504E-08
+2.3920000E+02	-1.5395677E-10	-4.2803558E-08
+2.3960000E+02	-2.6812419E-08	-2.4229147E-09
+2.4000000E+02	-3.3565916E-09	+1.7686938E-08
+2.4040000E+02	+8.4397186E-09	+1.1585513E-08
+2.4080000E+02	+2.2892921E-08	+1.2432714E-08
+2.4120000E+02	+4.6521490E-08	-2.2009849E-08
+2.4160000E+02	+3.3808006E-09	-7.9115640E-08
+2.4200000E+02	-8.7772463E-08	-4.8568990E-08
+2.4240000E+02	-9.0508101E-08	+5.9955221E-08
+2.4280000E+02	+5.4529611E-09	+1.0199334E-07
+2.4320000E+02	+7.1116820E-08	+4.7275509E-08
+2.4360000E+02	+6.9054662E-08	-1.0949959E-08
+2.4400000E+02	+4.8215409E-08	-4.9073571E-08
+2.4440000E+02	-1.1131263E-09	-7.8280629E-08
+2.4480000E+02	-7.0091091E-08	-4.6938569E-08
+2.4520000E+02	-7.1623725E-08	+3.6107032E-08
+2.4560000E+02	-1.1608229E-09	+6.6854045E-08
+2.4600000E+02	+4.3274995E-08	+2.4900944E-08
+2.4640000E+02	+3.2366957E-08	-1.6922517E-08
+2.4680000E+02	+2.7618668E-09	-3.1477956E-08
+2.4720000E+02	-3.0565144E-08	-1.6775291E-08
+2.4760000E+02	-3.0991593E-08	+3.0396322E-08
+2.4800000E+02	+2.4477792E-08	+4.7203500E-08
+2.4840000E+02	+5.8617794E-08	-6.5578202E-09
+2.4880000E+02	+2.1186597E-08	-5.3568501E-08
+2.4920000E+02	-2.4802598E-08	-4.6086988E-08
+2.4960000E+02	-5.1353074E-08	-2.2518776E-08
+2.5000000E+02	-7.0403074E-08	+2.7159583E-08
+2.5040000E+02	-2.0939104E-08	+9.6648291E-08
+2.5080000E+02	+8.7805021E-08	+7.2581496E-08
+2.5120000E+02	+1.0299121E-07	-4.8219085E-08
+2.5160000E+02	+1.3710593E-09	-9.7317450E-08
+2.5200000E+02	-5.9661526E-08	-3.5659183E-08
+2.5240000E+02	-3.9694324E-08	+1.0400780E-08
+2.5280000E+02	-2.6725118E-08	+1.6893049E-08
+2.5320000E+02	-1.5309982E-08	+3.8885319E-08
+2.5360000E+02	+2.9778461E-08	+3.8653655E-08
+2.5400000E+02	+4.5971465E-08	-1.3156944E-08
+2.5440000E+02	-2.1226370E-10	-4.2989481E-08
+2.5480000E+02	-3.9559058E-08	-8.5823811E-09
+2.5520000E+02	-2.0708003E-08	+3.8629560E-08
+2.5560000E+02	+3.2950206E-08	+4.1024711E-08
+2.5600000E+02	+6.3382473E-08	-1.2561983E-08
+2.5640000E+02	+2.3519115E-08	-7.2619967E-08
+2.5680000E+02	-5.6126300E-08	-6.2066585E-08
+2.5720000E+02	-8.2353872E-08	+1.5614152E-08
+2.5760000E+02	-3.0950542E-08	+7.0328557E-08
+2.5800000E+02	+2.9388785E-08	+5.9601317E-08
+2.5840000E+02	+5.5510744E-08	+2.0626674E-08
+2.5880000E+02	+5.5552528E-08	-2.2041965E-08
+2.5920000E+02	+2.2351127E-08	-6.1269997E-08
+2.5960000E+02	-4.0499316E-08	-5.6332833E-08
+2.6000000E+02	-6.7939261E-08	+8.4416331E-09
+2.6040000E+02	-1.8242276E-08	+5.8976591E-08
+2.6080000E+02	+4.0184657E-08	+3.0867066E-08
+2.6120000E+02	+3.0850364E-08	-2.2191633E-08
+2.6160000E+02	-9.1410326E-09	-2.4779265E-08
+2.6200000E+02	-1.7375233E-08	-1.2457652E-09
+2.6240000E+02	-1.2497828E-08	+7.8790678E-09
+2.6280000E+02	-7.8337019E-09	+2.3854320E-08
+2.6320000E+02	+2.8938664E-08	+3.1470578E-08
+2.6360000E+02	+5.7631921E-08	-1.9998465E-08
+2.6400000E+02	+5.0881290E-09	-7.4402791E-08
+2.6440000E+02	-6.9865678E-08	-3.8293292E-08
+2.6480000E+02	-6.3615021E-08	+4.0717476E-08
+2.6520000E+02	-3.1744471E-09	+6.5800295E-08
+2.6560000E+02	+4.0420296E-08	+4.2527765E-08
+2.6600000E+02	+5.9402518E-08	+1.8650098E-09
+2.6640000E+02	+4.0728052E-08	-4.8150740E-08
+2.6680000E+02	-1.8764256E-08	-5.8330929E-08
+2.6720000E+02	-4.9925683E-08	-1.0146304E-08
+2.6760000E+02	-2.3828988E-08	+2.5307873E-08
+2.6800000E+02	+3.0339926E-10	+2.0136602E-08
+2.6840000E+02	+8.2635571E-09	+1.4846976E-08
+2.6880000E+02	+2.1083093E-08	+7.6852959E-10
+2.6920000E+02	+3.5291081E-09	-2.6205193E-08
+2.6960000E+02	-3.5156773E-08	-5.6010014E-09
+2.7000000E+02	-1.4248722E-08	+4.3875768E-08
+2.7040000E+02	+4.2341521E-08	+2.9268170E-08
+2.7080000E+02	+4.0550907E-08	-2.4241752E-08
+2.7120000E+02	+5.2587389E-09	-3.5058306E-08
+2.7160000E+02	-7.7233601E-09	-3.0750950E-08
+2.7200000E+02	-3.6455326E-08	-3.2712878E-08
+2.7240000E+02	-6.7919755E-08	+1.7264802E-08
+2.7280000E+02	-1.7422603E-08	+8.1275673E-08
+2.7320000E+02	+6.7964164E-08	+4.9742469E-08
+2.7360000E+02	+6.4543007E-08	-3.6930205E-08
+2.7400000E+02	-4.1304006E-09	-5.7735411E-08
+2.7440000E+02	-3.6722137E-08	-1.7427356E-08
+2.7480000E+02	-2.3991643E-08	+1.3873810E-08
+2.7520000E+02	-1.5400760E-09	+2.0422736E-08
+2.7560000E+02	+1.4446831E-08	+7.5429348E-09
+2.7600000E+02	+7.9011325E-09	-1.0624432E-08
+2.7640000E+02	-8.1323521E-09	-7.0624710E-09
+2.7680000E+02	-5.7603057E-09	+3.2515876E-09
+2.7720000E+02	-5.8457076E-09	+4.7592197E-10
+2.7760000E+02	-1.2960617E-08	+1.5859244E-08
+2.7800000E+02	+1.9422177E-08	+3.4341036E-08
+2.7840000E+02	+5.6610988E-08	-1.0219607E-08
+2.7880000E+02	+1.1218440E-08	-6.8553720E-08
+2.7920000E+02	-6.1670167E-08	-3.5574769E-08
+2.7960000E+02	-4.9062246E-08	+3.6804680E-08
+2.8000000E+02	+5.3692559E-09	+4.1965498E-08
+2.8040000E+02	+1.5687718E-08	+1.6700970E-08
+2.8080000E+02	+1.8770557E-08	+1.7153313E-08
+2.8120000E+02	+4.0344008E-08	-2.2589010E-09
+2.8160000E+02	+2.0780541E-08	-4.4297026E-08
+2.8200000E+02	-3.1455295E-08	-3.6367300E-08
+2.8240000E+02	-3.8036979E-08	+1.2966789E-08
+2.8280000E+02	-4.8203401E-10	+2.9884364E-08
+2.8320000E+02	+2.1276760E-08	+6.2246800E-09
+2.8360000E+02	+9.6706581E-09	-1.8095043E-08
+2.8400000E+02	-1.8031887E-08	-1.7393930E-08
+2.8440000E+02	-2.9649936E-08	+1.3773536E-08
+2.8480000E+02	+1.0116244E-09	+3.9034515E-08
+2.8520000E+02	+3.6574929E-08	+1.5924129E-08
+2.8560000E+02	+2.5965871E-08	-2.0090309E-08
+2.8600000E+02	+2.3457207E-09	-1.9495150E-08
+2.8640000E+02	+3.7020314E-09	-1.7003228E-08
+2.8680000E+02	-1.3806169E-08	-3.3077412E-08
+2.8720000E+02	-5.3706193E-08	-6.6426377E-09
+2.8760000E+02	-3.3390603E-08	+5.5694203E-08
+2.8800000E+02	+3.9930646E-08	+5.2278319E-08
+2.8840000E+02	+5.4604195E-08	-1.6577517E-08
+2.8880000E+02	+2.0073588E-09	-4.1489914E-08
+2.8920000E+02	-2.1660064E-08	-8.7066987E-09
+2.8960000E+02	-4.6728484E-09	+4.9474652E-09
+2.9000000E+02	-3.7227422E-09	-3.3187420E-09
+2.9040000E+02	-8.6356464E-09	+6.0730376E-09
+2.9080000E+02	+7.3880848E-09	+9.4157238E-09
+2.9120000E+02	+8.9877233E-09	-1.1302452E-08
+2.9160000E+02	-1.6426464E-08	-1.2099900E-08
+2.9200000E+02	-1.9949489E-08	+1.7369450E-08
+2.9240000E+02	+9.5199807E-09	+2.7966345E-08
+2.9280000E+02	+2.8466665E-08	+5.9984964E-09
+2.9320000E+02	+2.1321273E-08	-1.6669140E-08
+2.9360000E+02	+4.3575284E-09	-2.6305137E-08
+2.9400000E+02	-1.5777681E-08	-2.4059741E-08
+2.9440000E+02	-3.0668496E-08	-5.7736592E-09
+2.9480000E+02	-2.6116318E-08	+1.9302742E-08
+2.9520000E+02	-4.1225580E-09	+3.3069830E-08
+2.9560000E+02	+2.2752522E-08	+2.6498896E-08
+2.9600000E+02	+3.6315745E-08	-2.0978246E-09
+2.9640000E+02	+1.6363118E-08	-3.1170983E-08
+2.9680000E+02	-1.8387485E-08	-2.3482660E-08
+2.9720000E+02	-1.9338128E-08	+8.5027055E-09
+2.9760000E+02	+6.9943660E-09	+1.1624478E-08
+2.9800000E+02	+8.3292808E-09	-1.0823501E-08
+2.9840000E+02	-1.2240716E-08	-1.0926036E-08
+2.9880000E+02	-1.3617736E-08	+6.3056837E-09
+2.9920000E+02	-4.3112356E-09	+8.9730135E-09
+2.9960000E+02	-4.9643721E-09	+1.1194684E-08
+3.0000000E+02	+7.0776657E-09	+2.2051920E-08
+3.0040000E+02	+3.2058913E-08	+7.8966093E-09
+3.0080000E+02	+2.5530899E-08	-2.8123233E-08
+3.0120000E+02	-1.1904549E-08	-3.5008744E-08
+3.0160000E+02	-3.0272475E-08	-7.3379916E-09
+3.0200000E+02	-1.8881592E-08	+1.4011457E-08
+3.0240000E+02	-4.3281343E-09	+1.7397463E-08
+3.0280000E+02	+5.8857202E-09	+1.4801122E-08
+3.0320000E+02	+1.3070949E-08	+6.9438089E-09
+3.0360000E+02	+1.2700848E-08	-2.4366077E-09
+3.0400000E+02	+9.1855174E-09	-8.5963051E-09
+3.0440000E+02	+1.3840423E-09	-1.4982936E-08
+3.0480000E+02	-1.3730923E-08	-9.9233369E-09
+3.0520000E+02	-1.1897265E-08	+1.0064984E-08
+3.0560000E+02	+1.0449324E-08	+8.0711242E-09
+3.0600000E+02	+4.2839865E-09	-1.7757148E-08
+3.0640000E+02	-2.8509902E-08	-6.5971786E-09
+3.0680000E+02	-1.5950304E-08	+3.5091517E-08
+3.0720000E+02	+3.1598132E-08	+2.6549684E-08
+3.0760000E+02	+2.9669700E-08	-1.8973162E-08
+3.0800000E+02	-5.1962883E-09	-2.0368698E-08
+3.0840000E+02	-1.9928227E-09	-1.4362598E-10
+3.0880000E+02	+6.9294859E-09	-1.5378782E-08
+3.0920000E+02	-2.1832128E-08	-2.1377425E-08
+3.0960000E+02	-3.2519920E-08	+1.4779463E-08
+3.1000000E+02	+7.8782599E-10	+3.1862574E-08
+3.1040000E+02	+1.9390760E-08	+9.4964876E-09
+3.1080000E+02	+9.4371503E-09	-3.3953137E-09
+3.1120000E+02	+6.0200251E-09	-1.1799181E-09
+3.1160000E+02	+6.5697919E-09	-4.5825978E-09
+3.1200000E+02	+3.3610121E-09	-5.8311650E-09
+3.1240000E+02	+4.2133887E-09	-8.9249108E-09
+3.1280000E+02	-6.1435111E-09	-1.6679441E-08
+3.1320000E+02	-2.2548791E-08	-3.2061869E-09
+3.1360000E+02	-1.1095861E-08	+1.7753636E-08
+3.1400000E+02	+6.2350217E-09	+9.6286198E-09
+3.1440000E+02	-2.7938145E-09	+3.1681734E-09
+3.1480000E+02	+3.3472108E-09	+2.0153305E-08
+3.1520000E+02	+3.3062814E-08	+6.0097742E-09
+3.1560000E+02	+1.8461438E-08	-3.5190377E-08
+3.1600000E+02	-2.7201145E-08	-2.5573264E-08
+3.1640000E+02	-2.2739450E-08	+1.5702141E-08
+3.1680000E+02	+8.3180169E-09	+1.2017113E-08
+3.1720000E+02	+2.9414071E-10	-8.5181734E-09
+3.1760000E+02	-1.3670535E-08	+5.6552120E-09
+3.1800000E+02	+3.7368300E-09	+1.7419757E-08
+3.1840000E+02	+1.4578340E-08	+2.3310778E-09
+3.1880000E+02	+6.0062418E-09	-5.1007870E-09
+3.1920000E+02	+5.6597245E-09	-2.9327736E-09
+3.1960000E+02	+5.5702340E-09	-1.0705729E-08
+3.2000000E+02	-6.6150038E-09	-1.3170966E-08
+3.2040000E+02	-1.3111831E-08	-3.5676447E-09
+3.2080000E+02	-1.2136109E-08	+3.5387040E-09
+3.2120000E+02	-1.0465482E-08	+1.2235424E-08
+3.2160000E+02	+3.1389807E-09	+2.0006964E-08
+3.2200000E+02	+1.8669966E-08	+8.8131472E-09
+3.2240000E+02	+1.4640986E-08	-7.3239675E-09
+3.2280000E+02	+6.3579725E-09	-9.3844360E-09
+3.2320000E+02	+4.0842795E-09	-1.3525573E-08
+3.2360000E+02	-1.0705698E-08	-1.7154757E-08
+3.2400000E+02	-2.1959626E-08	+2.1993509E-09
+3.2440000E+02	-3.5687558E-09	+1.7212325E-08
+3.2480000E+02	+8.8312452E-09	+8.5361808E-10
+3.2520000E+02	-8.8553368E-09	-4.9175940E-09
+3.2560000E+02	-9.1396291E-09	+1.8105121E-08
+3.2600000E+02	+1.9484767E-08	+1.7781791E-08
+3.2640000E+02	+2.2720590E-08	-1.1555886E-08
+3.2680000E+02	-7.2808194E-11	-1.7883962E-08
+3.2720000E+02	-4.1171928E-09	-6.3485676E-09
+3.2760000E+02	-2.6701962E-09	-1.1217053E-08
+3.2800000E+02	-1.9442991E-08	-8.9021626E-09
+3.2840000E+02	-2.0595491E-08	+1.6579764E-08
+3.2880000E+02	+5.8104823E-09	+2.4610677E-08
+3.2920000E+02	+1.8390871E-08	+5.1024455E-09
+3.2960000E+02	+9.3106851E-09	-5.9874238E-09
+3.3000000E+02	+5.1166390E-09	-5.3079582E-09
+3.3040000E+02	+2.6200729E-09	-9.2207038E-09
+3.3080000E+02	-5.9855804E-09	-7.9151346E-09
+3.3120000E+02	-6.5633428E-09	+7.5758083E-11
+3.3160000E+02	-2.6517057E-09	-1.6675935E-10
+3.3200000E+02	-6.8843929E-09	-3.8258731E-10
+3.3240000E+02	-6.5274720E-09	+8.2408719E-09
+3.3280000E+02	+3.1098371E-09	+9.8827105E-09
+3.3320000E+02	+5.8624739E-09	+4.2848292E-09
+3.3360000E+02	+7.2802750E-09	+4.9479415E-09
+3.3400000E+02	+1.6608411E-08	-1.7847443E-09
+3.3440000E+02	+1.0268293E-08	-2.1733783E-08
+3.3480000E+02	-1.6839438E-08	-2.1774815E-08
+3.3520000E+02	-2.5287648E-08	+5.1600155E-09
+3.3560000E+02	-5.3633506E-09	+1.8399391E-08
+3.3600000E+02	+5.6207917E-09	+7.6521231E-09
+3.3640000E+02	+5.3065702E-10	+4.8049951E-09
+3.3680000E+02	+6.8529031E-09	+1.0591356E-08
+3.3720000E+02	+1.7939424E-08	-9.3181674E-10
+3.3760000E+02	+6.8409122E-09	-1.7240821E-08
+3.3800000E+02	-1.0697075E-08	-9.6661766E-09
+3.3840000E+02	-5.3954543E-09	+4.8272493E-09
+3.3880000E+02	+5.0080209E-09	-2.0003389E-09
+3.3920000E+02	-5.8683359E-09	-1.1095087E-08
+3.3960000E+02	-1.7552386E-08	+2.3794039E-09
+3.4000000E+02	-6.2763599E-09	+1.7890743E-08
+3.4040000E+02	+9.8711980E-09	+1.3451754E-08
+3.4080000E+02	+1.3065156E-08	+2.5428976E-09
+3.4120000E+02	+1.1885680E-08	-4.2101919E-09
+3.4160000E+02	+8.0449139E-09	-1.2418275E-08
+3.4200000E+02	-4.0320106E-09	-1.6112031E-08
+3.4240000E+02	-1.4972130E-08	-7.8513779E-09
+3.4280000E+02	-1.6079604E-08	+5.3142386E-09
+3.4320000E+02	-7.2580133E-09	+1.6456735E-08
+3.4360000E+02	+1.0133694E-08	+1.6134377E-08
+3.4400000E+02	+1.7906408E-08	-2.3039244E-09
+3.4440000E+02	+1.6495842E-09	-1.4089295E-08
+3.4480000E+02	-9.4054283E-09	+1.8817852E-10
+3.4520000E+02	+5.2618678E-09	+8.0118688E-09
+3.4560000E+02	+1.0382559E-08	-8.7789217E-09
+3.4600000E+02	-7.5273183E-09	-1.3058851E-08
+3.4640000E+02	-1.1473232E-08	+2.4982889E-09
+3.4680000E+02	-1.6898099E-09	+3.8278560E-09
+3.4720000E+02	-6.8888580E-09	+3.0738913E-10
+3.4760000E+02	-7.5308317E-09	+1.4473219E-08
+3.4800000E+02	+1.3790529E-08	+1.7517030E-08
+3.4840000E+02	+2.2711641E-08	-4.7266695E-09
+3.4880000E+02	+7.2500463E-09	-1.8402381E-08
+3.4920000E+02	-5.7373447E-09	-1.4602700E-08
+3.4960000E+02	-1.2912628E-08	-8.6942802E-09
+3.5000000E+02	-1.7207328E-08	+3.9292081E-09
+3.5040000E+02	-5.8289634E-09	+1.6162746E-08
+3.5080000E+02	+8.1110366E-09	+9.8810088E-09
+3.5120000E+02	+6.3556187E-09	+5.8321755E-10
+3.5160000E+02	+4.6904088E-09	+1.0896080E-09
+3.5200000E+02	+6.5312621E-09	-3.7783887E-09
+3.5240000E+02	-1.8655053E-09	-6.5145906E-09
+3.5280000E+02	-2.5220220E-09	+3.5699549E-09
+3.5320000E+02	+9.9717461E-09	-6.3029744E-10
+3.5360000E+02	+9.8269341E-10	-1.7485628E-08
+3.5400000E+02	-2.0554841E-08	-6.9747961E-09
+3.5440000E+02	-1.2690201E-08	+1.5984727E-08
+3.5480000E+02	+5.5679123E-09	+1.2608582E-08
+3.5520000E+02	+4.4940516E-09	+4.9311356E-09
+3.5560000E+02	+9.6135638E-09	+8.7600546E-09
+3.5600000E+02	+2.0836940E-08	-6.3181144E-09
+3.5640000E+02	+2.1161320E-09	-2.5955571E-08
+3.5680000E+02	-2.2341990E-08	-9.8932436E-09
+3.5720000E+02	-1.2063458E-08	+1.2989108E-08
+3.5760000E+02	+3.4111237E-09	+7.5092658E-09
+3.5800000E+02	-7.4150076E-10	+1.9474824E-09
+3.5840000E+02	+2.2450157E-09	+7.8818808E-09
+3.5880000E+02	+1.0641409E-08	-1.4940036E-10
+3.5920000E+02	+6.4447289E-10	-9.2759083E-09
+3.5960000E+02	-6.9155986E-09	+1.5570575E-09
+3.6000000E+02	+5.0808033E-09	+6.8039367E-09
+3.6040000E+02	+9.4836895E-09	-6.2250680E-09
+3.6080000E+02	-2.3703328E-09	-1.2101502E-08
+3.6120000E+02	-1.0512875E-08	-5.4804188E-09
+3.6160000E+02	-1.2814777E-08	+2.7439690E-09
+3.6200000E+02	-8.8262051E-09	+1.4564272E-08
+3.6240000E+02	+8.8699979E-09	+1.8435368E-08
+3.6280000E+02	+2.0626097E-08	+1.1830228E-09
+3.6320000E+02	+9.3517682E-09	-1.4067764E-08
+3.6360000E+02	-2.6524074E-09	-1.0415604E-08
+3.6400000E+02	-3.7452116E-09	-7.0558496E-09
+3.6440000E+02	-1.0210143E-08	-6.3682129E-09
+3.6480000E+02	-1.3839811E-08	+6.7074372E-09
+3.6520000E+02	+7.0621368E-10	+1.5001654E-08
+3.6560000E+02	+1.0780780E-08	+2.8279852E-09
+3.6600000E+02	+1.8120583E-09	-5.3823932E-09
+3.6640000E+02	-2.7193755E-09	+1.7922974E-09
+3.6680000E+02	+4.0224795E-09	+3.4512401E-09
+3.6720000E+02	+4.8411851E-09	-2.3631851E-09
+3.6760000E+02	+2.1558511E-09	-3.3451807E-09
+3.6800000E+02	+2.2302205E-09	-5.7668322E-09
+3.6840000E+02	-4.9388603E-09	-9.4701937E-09
+3.6880000E+02	-1.3905925E-08	-8.0106162E-10
+3.6920000E+02	-8.2936402E-09	+1.2172670E-08
+3.6960000E+02	+4.4613198E-09	+1.2791092E-08
+3.7000000E+02	+1.1129444E-08	+5.4428843E-09
+3.7040000E+02	+1.2505255E-08	-3.8360843E-09
+3.7080000E+02	+5.2003343E-09	-1.3546175E-08
+3.7120000E+02	-9.0610552E-09	-1.1201134E-08
+3.7160000E+02	-1.1436534E-08	+2.6393163E-09
+3.7200000E+02	-1.5379248E-09	+6.7242774E-09
+3.7240000E+02	+5.7734218E-10	+1.4135080E-09
+3.7280000E+02	-1.8200242E-09	+3.3449591E-09
+3.7320000E+02	+3.7029648E-09	+4.8930735E-09
+3.7360000E+02	+5.0524577E-09	-2.1463017E-09
+3.7400000E+02	-1.7345345E-09	-2.1829175E-09
+3.7440000E+02	+1.1312795E-09	+4.2893444E-09
+3.7480000E+02	+8.6989294E-09	-1.7003249E-09
+3.7520000E+02	+1.5752264E-09	-1.1554011E-08
+3.7560000E+02	-9.7499764E-09	-6.5146770E-09
+3.7600000E+02	-9.0255628E-09	+3.1173480E-09
+3.7640000E+02	-5.0051145E-09	+6.1311076E-09
+3.7680000E+02	-1.6008767E-09	+9.8516058E-09
+3.7720000E+02	+8.5240447E-09	+1.0137497E-08
+3.7760000E+02	+1.4619481E-08	-2.0639642E-09
+3.7800000E+02	+5.2649463E-09	-1.2656104E-08
+3.7840000E+02	-5.8592250E-09	-8.9581274E-09
+3.7880000E+02	-7.3015461E-09	-1.4630998E-09
+3.7920000E+02	-5.3961224E-09	+2.2621417E-09
+3.7960000E+02	-2.2763626E-09	+4.9630029E-09
+3.8000000E+02	+2.3333942E-09	+3.4596848E-09
+3.8040000E+02	+1.3507805E-09	-7.5008158E-10
+3.8080000E+02	-1.9044487E-09	+1.5260301E-09
+3.8120000E+02	+2.4347713E-09	+4.7532016E-09
+3.8160000E+02	+6.5372215E-09	-6.4570996E-10
+3.8200000E+02	+2.0305098E-09	-5.0812474E-09
+3.8240000E+02	-5.8846229E-10	-2.6872715E-09
+3.8280000E+02	+4.0884223E-10	-4.3658574E-09
+3.8320000E+02	-6.5779440E-09	-6.3899439E-09
+3.8360000E+02	-1.2187467E-08	+4.4291466E-09
+3.8400000E+02	-9.5509464E-10	+1.4457616E-08
+3.8440000E+02	+1.1724912E-08	+6.3609455E-09
+3.8480000E+02	+8.5048706E-09	-5.3359692E-09
+3.8520000E+02	+1.3835972E-09	-6.0919573E-09
+3.8560000E+02	-5.8139721E-10	-5.2105662E-09
+3.8600000E+02	-4.9842710E-09	-4.8311038E-09
+3.8640000E+02	-7.3338618E-09	+2.1580518E-09
+3.8680000E+02	-4.1605387E-10	+6.2917191E-09
+3.8720000E+02	+3.4764686E-09	+6.1651481E-10
+3.8760000E+02	-1.4262557E-09	-1.5761415E-09
+3.8800000E+02	-2.0718368E-09	+3.5396232E-09
+3.8840000E+02	+3.3162891E-09	+4.0791426E-09
+3.8880000E+02	+5.0741468E-09	-1.5831104E-10
+3.8920000E+02	+4.0483556E-09	-2.9959623E-09
+3.8960000E+02	+1.8911745E-09	-6.2332265E-09
+3.9000000E+02	-4.4864070E-09	-6.8813179E-09
+3.9040000E+02	-8.6484904E-09	-3.4862719E-10
+3.9080000E+02	-5.1128582E-09	+5.6795235E-09
+3.9120000E+02	-5.2993846E-10	+6.5329402E-09
+3.9160000E+02	+3.5513438E-09	+6.4463583E-09
+3.9200000E+02	+8.9175685E-09	+1.9540163E-09
+3.9240000E+02	+6.5617999E-09	-7.2384513E-09
+3.9280000E+02	-3.3792046E-09	-7.7167685E-09
+3.9320000E+02	-5.3557475E-09	+3.2423768E-10
+3.9360000E+02	-1.3270667E-10	+1.6347519E-09
+3.9400000E+02	-8.8113763E-10	-1.5087287E-09
+3.9440000E+02	-3.1534099E-09	+1.1067731E-09
+3.9480000E+02	+2.0696041E-11	+2.9236587E-09
+3.9520000E+02	+6.4831790E-10	+3.5711912E-10
+3.9560000E+02	-1.3024096E-09	+2.0438039E-09
+3.9600000E+02	+2.9957190E-09	+4.5232482E-09
+3.9640000E+02	+7.3032505E-09	-1.1583818E-09
+3.9680000E+02	+2.5885063E-09	-7.5236864E-09
+3.9720000E+02	-4.4663918E-09	-5.9703161E-09
+3.9760000E+02	-6.8043920E-09	-5.9749120E-10
+3.9800000E+02	-5.1236694E-09	+4.4330921E-09
+3.9840000E+02	+1.6971937E-10	+6.8368472E-09
+3.9880000E+02	+5.1048279E-09	+3.5216760E-09
+3.9920000E+02	+4.5809088E-09	-1.2682863E-09
+3.9960000E+02	+2.2824635E-09	-2.6355656E-09
+4.0000000E+02	+8.2875329E-10	-3.6794098E-09
