+0.0000000E+00	-1.0918574E-12	+0.0000000E+00
+4.0000000E-01	-2.0096345E-13	+1.0192813E-12
+8.0000000E-01	+8.1554137E-13	+3.5457118E-13
+1.2000000E+00	+4.2064558E-13	-5.2372777E-13
+1.6000000E+00	-2.1309625E-13	-3.8042885E-13
+2.0000000E+00	-2.5214511E-13	-3.8514099E-14
+2.4000000E+00	-1.7588552E-13	+9.1749549E-14
+2.8000000E+00	-3.1012547E-14	+1.9327678E-13
+3.2000000E+00	+1.3519469E-13	+7.0820602E-14
+3.6000000E+00	+3.2961826E-14	-6.6150409E-14
+4.0000000E+00	-2.9137257E-14	+3.3548470E-14
+4.4000000E+00	+7.2437187E-14	+2.3123925E-14
+4.8000000E+00	+1.5615210E-14	-5.9222172E-14
+5.2000000E+00	-1.3717952E-14	+2.1516141E-14
+5.6000000E+00	+8.2762962E-14	-2.1699785E-14
+6.0000000E+00	-1.8922891E-14	-1.2954971E-13
+6.4000000E+00	-1.1916283E-13	-1.3374193E-14
+6.8000000E+00	-3.7657922E-14	+3.8696639E-14
+7.2000000E+00	-8.1543613E-14	+1.7847899E-14
+7.6000000E+00	-5.1437285E-14	+1.8396685E-13
+8.0000000E+00	+2.1705821E-13	+1.3690088E-13
+8.4000000E+00	+1.8393205E-13	-1.6473041E-13
+8.8000000E+00	-5.5370635E-14	-1.4780854E-13
+9.2000000E+00	-2.1161981E-14	-5.2934405E-14
+9.6000000E+00	-1.0289292E-13	-1.5648999E-13
+1.0000000E+01	-3.1302452E-13	+6.9534570E-14
+1.0400000E+01	-2.3299528E-14	+3.7752771E-13
+1.0800000E+01	+3.1895582E-13	+1.1291991E-13
+1.1200000E+01	+1.3348384E-13	-1.6835354E-13
+1.1600000E+01	-7.3750378E-15	-6.0141344E-14
+1.2000000E+01	+6.6302873E-14	-7.6487011E-14
+1.2400000E+01	-4.4333263E-14	-1.5550451E-13
+1.2800000E+01	-1.2101640E-13	-6.5515637E-14
+1.3200000E+01	-1.5781179E-13	-6.0232846E-14
+1.3600000E+01	-3.2291349E-13	+1.4083009E-13
+1.4000000E+01	-1.1248026E-14	+5.4347438E-13
+1.4400000E+01	+6.0946186E-13	+2.3627698E-13
+1.4800000E+01	+4.1852232E-13	-4.8461033E-13
+1.5200000E+01	-2.2889817E-13	-4.5779883E-13
+1.5600000E+01	-3.2967753E-13	-3.7181349E-14
+1.6000000E+01	-1.9994482E-13	+1.0119675E-13
+1.6400000E+01	-1.0394233E-13	+2.1137102E-13
+1.6800000E+01	+1.0961225E-13	+1.6817274E-13
+1.7200000E+01	+3.7771585E-14	+4.4899584E-15
+1.7600000E+01	+1.9870575E-14	+2.4973036E-13
+1.8000000E+01	+5.7826661E-13	+1.2709463E-13
+1.8400000E+01	+4.1336955E-13	-8.0191632E-13
+1.8800000E+01	-8.1328246E-13	-7.2778711E-13
+1.9200000E+01	-9.1630894E-13	+6.0341981E-13
+1.9600000E+01	+2.7923232E-13	+8.6232813E-13
+2.0000000E+01	+5.6421108E-13	-1.6329038E-14
+2.0400000E+01	+4.0193644E-14	-1.5931079E-13
+2.0800000E+01	+1.3657771E-13	+1.2610870E-13
+2.1200000E+01	+3.7430844E-13	-1.5393892E-13
+2.1600000E+01	+1.1443303E-13	-4.8230734E-13
+2.2000000E+01	-2.9413005E-13	-4.8991748E-13
+2.2400000E+01	-7.1027861E-13	-1.5538411E-13
+2.2800000E+01	-6.3302072E-13	+6.0453295E-13
+2.3200000E+01	+2.2559666E-13	+8.4083978E-13
+2.3600000E+01	+6.1544868E-13	+1.5994244E-13
+2.4000000E+01	+2.3511157E-13	-5.9704625E-14
+2.4400000E+01	+4.9356857E-13	+1.4949851E-13
+2.4800000E+01	+8.5004685E-13	-6.7765000E-13
+2.5200000E+01	-3.2740371E-13	-1.4907779E-12
+2.5600000E+01	-1.6844829E-12	-4.0162966E-13
+2.6000000E+01	-1.1155008E-12	+1.2740757E-12
+2.6400000E+01	+4.3747915E-13	+1.4184860E-12
+2.6800000E+01	+1.1537005E-12	+4.1514788E-13
+2.7200000E+01	+8.8729899E-13	-4.9370379E-13
+2.7600000E+01	+1.7425588E-13	-8.2823329E-13
+2.8000000E+01	-4.0664191E-13	-4.9043981E-13
+2.8400000E+01	-3.3596385E-13	-1.2939862E-14
+2.8800000E+01	-1.0372033E-13	-1.1312213E-13
+2.9200000E+01	-5.1383364E-13	-2.3008409E-13
+2.9600000E+01	-8.1441250E-13	+5.7478892E-13
+3.0000000E+01	+2.2603742E-13	+1.3308796E-12
+3.0400000E+01	+1.5164980E-12	+3.5667382E-13
+3.0800000E+01	+8.7386518E-13	-1.3127041E-12
+3.1200000E+01	-8.8186509E-13	-1.0861140E-12
+3.1600000E+01	-9.4941244E-13	+4.9377821E-13
+3.2000000E+01	+3.5620193E-13	+6.3015559E-13
+3.2400000E+01	+3.9866715E-13	-4.8636190E-13
+3.2800000E+01	-6.9224982E-13	-4.6261111E-13
+3.3200000E+01	-8.2917870E-13	+6.7501791E-13
+3.3600000E+01	+2.0411856E-13	+1.2714862E-12
+3.4000000E+01	+1.4276106E-12	+7.2279275E-13
+3.4400000E+01	+1.8264619E-12	-9.9552569E-13
+3.4800000E+01	+7.1569004E-14	-2.6483286E-12
+3.5200000E+01	-2.7781508E-12	-1.4848995E-12
+3.5600000E+01	-2.7257853E-12	+2.0941675E-12
+3.6000000E+01	+8.7047080E-13	+3.3068436E-12
+3.6400000E+01	+3.0512921E-12	+3.3814163E-13
+3.6800000E+01	+9.9407681E-13	-2.2148610E-12
+3.7200000E+01	-1.3505605E-12	-8.8918487E-13
+3.7600000E+01	-2.6878183E-13	+9.7614631E-13
+3.8000000E+01	+1.2470231E-12	-3.3153049E-13
+3.8400000E+01	-4.4699818E-13	-1.8559549E-12
+3.8800000E+01	-2.2435897E-12	+6.5938469E-15
+3.9200000E+01	-6.1112871E-13	+1.9916646E-12
+3.9600000E+01	+1.1312928E-12	+8.4473101E-13
+4.0000000E+01	+3.6683067E-13	-1.4102777E-13
+4.0400000E+01	+3.8234169E-13	+6.4137361E-13
+4.0800000E+01	+1.5679026E-12	-1.6259221E-13
+4.1200000E+01	+5.1815027E-13	-1.7708537E-12
+4.1600000E+01	-1.0403100E-12	-9.6954970E-13
+4.2000000E+01	-5.5493296E-13	-2.0109591E-13
+4.2400000E+01	-1.1194832E-12	-8.3473766E-13
+4.2800000E+01	-2.6217372E-12	+9.9327511E-13
+4.3200000E+01	-2.9152903E-13	+3.8306906E-12
+4.3600000E+01	+3.6691493E-12	+2.1035903E-12
+4.4000000E+01	+3.3985575E-12	-2.0450142E-12
+4.4400000E+01	+3.1043180E-13	-3.3387300E-12
+4.4800000E+01	-1.8290663E-12	-2.2128064E-12
+4.5200000E+01	-2.6878037E-12	-3.6491290E-13
+4.5600000E+01	-2.0104885E-12	+1.5418422E-12
+4.6000000E+01	-5.0374070E-13	+2.1014940E-12
+4.6400000E+01	+4.5367352E-13	+2.2114727E-12
+4.6800000E+01	+2.5429619E-12	+2.1553793E-12
+4.7200000E+01	+4.4036529E-12	-1.2766817E-12
+4.7600000E+01	+8.4550027E-13	-5.1734969E-12
+4.8000000E+01	-4.1956936E-12	-2.5499298E-12
+4.8400000E+01	-2.7998556E-12	+2.1950357E-12
+4.8800000E+01	+4.3108761E-13	+1.4384362E-12
+4.9200000E+01	-7.0360783E-13	+9.8974546E-14
+4.9600000E+01	-7.0087042E-13	+2.3277652E-12
+5.0000000E+01	+2.5068310E-12	+1.9665465E-12
+5.0400000E+01	+2.4597584E-12	-1.3075833E-12
+5.0800000E+01	+2.2784550E-13	-1.4384674E-12
+5.1200000E+01	+7.6221679E-13	-7.6366509E-13
+5.1600000E+01	+4.0864743E-13	-2.8537052E-12
+5.2000000E+01	-3.3851992E-12	-2.8215743E-12
+5.2400000E+01	-5.0495219E-12	+1.7099581E-12
+5.2800000E+01	-1.5129569E-12	+5.5902331E-12
+5.3200000E+01	+3.8533776E-12	+4.6409544E-12
+5.3600000E+01	+6.0179744E-12	-6.0458283E-13
+5.4000000E+01	+2.4456573E-12	-4.9807328E-12
+5.4400000E+01	-2.2536333E-12	-3.6606577E-12
+5.4800000E+01	-2.4556963E-12	-5.2012433E-13
+5.5200000E+01	-1.8013554E-12	-3.8404065E-13
+5.5600000E+01	-3.2290509E-12	+1.0704738E-12
+5.6000000E+01	-9.3446002E-13	+4.6120220E-12
+5.6400000E+01	+4.0631717E-12	+2.7680930E-12
+5.6800000E+01	+3.2190404E-12	-2.2700824E-12
+5.7200000E+01	-5.2136303E-13	-2.0249707E-12
+5.7600000E+01	+6.1704315E-14	-1.5221636E-13
+5.8000000E+01	+4.2383726E-13	-1.8330046E-12
+5.8400000E+01	-2.3975112E-12	-1.5686520E-12
+5.8800000E+01	-2.2723356E-12	+1.6699872E-12
+5.9200000E+01	+3.2017231E-13	+1.8595598E-12
+5.9600000E+01	+3.7273527E-13	+7.1371996E-13
+6.0000000E+01	+7.9823992E-13	+1.5122217E-12
+6.0400000E+01	+2.9206824E-12	+7.6409488E-14
+6.0800000E+01	+1.3673584E-12	-3.2692591E-12
+6.1200000E+01	-2.5412033E-12	-2.3362027E-12
+6.1600000E+01	-2.4609033E-12	+1.2432137E-12
+6.2000000E+01	+1.1606388E-13	+1.6938573E-12
+6.2400000E+01	+4.7124650E-13	+2.3457199E-13
+6.2800000E+01	-3.7821709E-13	+5.0180948E-13
+6.3200000E+01	+5.8764941E-13	+1.6334760E-12
+6.3600000E+01	+2.8427840E-12	+4.6396590E-13
+6.4000000E+01	+2.3512338E-12	-3.2739715E-12
+6.4400000E+01	-2.5293943E-12	-4.3071673E-12
+6.4800000E+01	-5.4347782E-12	+7.9670842E-13
+6.5200000E+01	-1.1836599E-12	+5.1542942E-12
+6.5600000E+01	+3.5314896E-12	+2.4615995E-12
+6.6000000E+01	+2.3767913E-12	-1.2815834E-12
+6.6400000E+01	+5.9209083E-13	-9.3788617E-13
+6.6800000E+01	+1.1582251E-12	-1.3433531E-12
+6.7200000E+01	-8.9623206E-13	-2.9054309E-12
+6.7600000E+01	-3.5544936E-12	-1.3117228E-13
+6.8000000E+01	-8.1486119E-13	+3.0244293E-12
+6.8400000E+01	+1.9057626E-12	+4.8566198E-13
+6.8800000E+01	-8.8908149E-13	-1.0614892E-12
+6.9200000E+01	-1.0901316E-12	+2.7344537E-12
+6.9600000E+01	+4.2658762E-12	+1.9962559E-12
+7.0000000E+01	+3.2622980E-12	-4.9753618E-12
+7.0400000E+01	-4.8843118E-12	-4.2395568E-12
+7.0800000E+01	-4.5695365E-12	+4.4200835E-12
+7.1200000E+01	+4.0400397E-12	+4.3496253E-12
+7.1600000E+01	+3.9573083E-12	-3.8910239E-12
+7.2000000E+01	-3.7445552E-12	-3.6940218E-12
+7.2400000E+01	-3.5268874E-12	+3.2337640E-12
+7.2800000E+01	+2.1979145E-12	+3.1184629E-12
+7.3200000E+01	+2.1150588E-12	-8.7036092E-13
+7.3600000E+01	+2.3268150E-13	-4.7529083E-13
+7.4000000E+01	+1.4064933E-12	-6.4721011E-13
+7.4400000E+01	-2.8671553E-13	-2.8815508E-12
+7.4800000E+01	-3.4218827E-12	-4.6933444E-13
+7.5200000E+01	-9.9179178E-13	+2.9469080E-12
+7.5600000E+01	+1.8893384E-12	+7.9107013E-13
+7.6000000E+01	-1.6388462E-13	-9.5208856E-13
+7.6400000E+01	-6.9871842E-13	+1.3984754E-12
+7.6800000E+01	+2.1956787E-12	+1.2218750E-12
+7.7200000E+01	+2.0913687E-12	-2.0225000E-12
+7.7600000E+01	-8.7015440E-13	-2.6228696E-12
+7.8000000E+01	-2.3189096E-12	-7.0287471E-13
+7.8400000E+01	-1.8722492E-12	+1.2206297E-12
+7.8800000E+01	-5.8731267E-14	+2.0361044E-12
+7.9200000E+01	+1.2013349E-12	+6.7246043E-13
+7.9600000E+01	+7.3569560E-14	-1.0705505E-14
+8.0000000E+01	+6.4491578E-13	+1.5855775E-12
+8.0400000E+01	+3.4717821E-12	-2.1599657E-13
+8.0800000E+01	+1.0939907E-12	-4.5479416E-12
+8.1200000E+01	-4.2367491E-12	-2.4023952E-12
+8.1600000E+01	-2.7125044E-12	+2.8305296E-12
+8.2000000E+01	+1.3289547E-12	+1.6227064E-12
+8.2400000E+01	-3.1943053E-13	-7.5952203E-13
+8.2800000E+01	-1.4219563E-12	+1.9216362E-12
+8.3200000E+01	+2.1634932E-12	+2.6086030E-12
+8.3600000E+01	+3.0642979E-12	-9.7732966E-13
+8.4000000E+01	+5.9553365E-13	-1.9248391E-12
+8.4400000E+01	+5.1928695E-13	-1.0647734E-12
+8.4800000E+01	+4.2974903E-13	-2.8336201E-12
+8.5200000E+01	-3.3141500E-12	-3.3732880E-12
+8.5600000E+01	-6.0514947E-12	+1.1835990E-12
+8.6000000E+01	-2.7232980E-12	+6.6138137E-12
+8.6400000E+01	+4.3468366E-12	+6.3239109E-12
+8.6800000E+01	+7.5329099E-12	-2.7798458E-13
+8.7200000E+01	+3.3524492E-12	-5.5910780E-12
+8.7600000E+01	-1.5866190E-12	-4.4479800E-12
+8.8000000E+01	-2.3616270E-12	-2.1952224E-12
+8.8400000E+01	-3.6720961E-12	-1.7053393E-12
+8.8800000E+01	-5.4571896E-12	+2.1969296E-12
+8.9200000E+01	-1.1569824E-12	+6.8898210E-12
+8.9600000E+01	+5.4005816E-12	+4.3803958E-12
+9.0000000E+01	+5.8002465E-12	-1.9527748E-12
+9.0400000E+01	+1.7068562E-12	-4.9907617E-12
+9.0800000E+01	-2.7947540E-12	-4.1690185E-12
+9.1200000E+01	-5.0678249E-12	+5.6507978E-13
+9.1600000E+01	-7.7056724E-13	+4.9902852E-12
+9.2000000E+01	+4.7860062E-12	+1.1878477E-12
+9.2400000E+01	+1.3487699E-12	-4.8419111E-12
+9.2800000E+01	-4.8245694E-12	-1.9491418E-12
+9.3200000E+01	-3.1412297E-12	+4.0035256E-12
+9.3600000E+01	+1.8625768E-12	+4.4166665E-12
+9.4000000E+01	+4.9759185E-12	+1.4460535E-12
+9.4400000E+01	+5.0912747E-12	-4.2919935E-12
+9.4800000E+01	-2.4929136E-12	-7.9706858E-12
+9.5200000E+01	-9.2658265E-12	+3.4531345E-13
+9.5600000E+01	-1.1230248E-12	+8.8277574E-12
+9.6000000E+01	+7.2077282E-12	+1.1350394E-12
+9.6400000E+01	-4.5655625E-13	-5.3480668E-12
+9.6800000E+01	-4.1067796E-12	+3.0996479E-12
+9.7200000E+01	+5.8049949E-12	+3.8499853E-12
+9.7600000E+01	+4.3047161E-12	-7.6128923E-12
+9.8000000E+01	-8.0423576E-12	-4.7433538E-12
+9.8400000E+01	-4.4116764E-12	+7.3004692E-12
+9.8800000E+01	+6.1376770E-12	+2.9805375E-12
+9.9200000E+01	+7.7154738E-13	-5.4172044E-12
+9.9600000E+01	-5.6315715E-12	+1.3820435E-12
+1.0000000E+02	+2.5713399E-12	+6.6407676E-12
+1.0040000E+02	+7.7807509E-12	-2.2954635E-12
+1.0080000E+02	-7.1152341E-13	-8.2650193E-12
+1.0120000E+02	-7.6229338E-12	-1.4817915E-12
+1.0160000E+02	-3.4265464E-12	+5.9106122E-12
+1.0200000E+02	+3.5985776E-12	+4.4974062E-12
+1.0240000E+02	+4.4747605E-12	-1.2609859E-12
+1.0280000E+02	+6.9662189E-13	-3.4526804E-12
+1.0320000E+02	-1.6265060E-12	-2.1044815E-12
+1.0360000E+02	-2.9087862E-12	-8.3829833E-13
+1.0400000E+02	-3.7633933E-12	+3.0295894E-12
+1.0440000E+02	+2.3565940E-12	+6.8223450E-12
+1.0480000E+02	+9.4867509E-12	-9.0126905E-13
+1.0520000E+02	+1.0317699E-12	-1.1164823E-11
+1.0560000E+02	-1.1480392E-11	-2.8313841E-12
+1.0600000E+02	-3.7944133E-12	+1.0509603E-11
+1.0640000E+02	+8.7973752E-12	+3.4672525E-12
+1.0680000E+02	+1.9087320E-12	-7.1122171E-12
+1.0720000E+02	-6.0666359E-12	+2.9641982E-13
+1.0760000E+02	+2.2978608E-12	+5.8162432E-12
+1.0800000E+02	+6.0044750E-12	-3.3799549E-12
+1.0840000E+02	-3.2937098E-12	-5.9805816E-12
+1.0880000E+02	-5.1732273E-12	+2.3532309E-12
+1.0920000E+02	+1.2524866E-12	+3.4259999E-12
+1.0960000E+02	+1.1227277E-12	-6.9567102E-13
+1.1000000E+02	-1.0249645E-12	+9.6771176E-13
+1.1040000E+02	+2.0606652E-12	+2.0359214E-12
+1.1080000E+02	+3.0860374E-12	-1.7586001E-12
+1.1120000E+02	-2.7255878E-13	-3.4545438E-12
+1.1160000E+02	-2.7667517E-12	-1.6752437E-12
+1.1200000E+02	-3.2360361E-12	+1.2379250E-12
+1.1240000E+02	-4.2613717E-13	+3.8986870E-12
+1.1280000E+02	+3.7550542E-12	+1.4370007E-12
+1.1320000E+02	+1.4031617E-12	-3.3885768E-12
+1.1360000E+02	-3.4389066E-12	-5.7498461E-13
+1.1400000E+02	+3.2183102E-13	+4.1153689E-12
+1.1440000E+02	+4.9875160E-12	-5.7866961E-13
+1.1480000E+02	-1.0060970E-14	-5.2167550E-12
+1.1520000E+02	-4.1041305E-12	-8.6948018E-13
+1.1560000E+02	-1.1401716E-12	+1.6063156E-12
+1.1600000E+02	-1.5288690E-12	+7.7679460E-14
+1.1640000E+02	-2.3175782E-12	+4.1239788E-12
+1.1680000E+02	+5.2293544E-12	+5.2113070E-12
+1.1720000E+02	+7.3398148E-12	-4.6787053E-12
+1.1760000E+02	-3.1976839E-12	-7.7020078E-12
+1.1800000E+02	-6.1313267E-12	+1.9882602E-12
+1.1840000E+02	+2.0265600E-12	+3.4074452E-12
+1.1880000E+02	+8.3771730E-13	-3.4814194E-12
+1.1920000E+02	-5.5886844E-12	+4.5515995E-13
+1.1960000E+02	+1.3973631E-13	+7.0530462E-12
+1.2000000E+02	+6.7533680E-12	+1.1556052E-12
+1.2040000E+02	+2.1955486E-12	-4.3665028E-12
+1.2080000E+02	-5.8019731E-13	-1.8125238E-12
+1.2120000E+02	+4.5789195E-13	-3.2052500E-12
+1.2160000E+02	-5.5191619E-12	-4.1027658E-12
+1.2200000E+02	-7.8376193E-12	+5.4780501E-12
+1.2240000E+02	+3.1504335E-12	+1.0166314E-11
+1.2280000E+02	+1.0014645E-11	+5.0921768E-13
+1.2320000E+02	+4.0843349E-12	-7.1589934E-12
+1.2360000E+02	-2.2997693E-12	-6.2650970E-12
+1.2400000E+02	-6.3311254E-12	-3.2066947E-12
+1.2440000E+02	-7.8287468E-12	+4.3911106E-12
+1.2480000E+02	+1.3230044E-12	+1.0383038E-11
+1.2520000E+02	+1.0439679E-11	+1.5587774E-12
+1.2560000E+02	+3.0151773E-12	-8.4731584E-12
+1.2600000E+02	-5.6731410E-12	-2.4090469E-12
+1.2640000E+02	-2.6634213E-14	+3.4348454E-12
+1.2680000E+02	+2.7079662E-12	-3.0022901E-12
+1.2720000E+02	-5.2256321E-12	-3.5172549E-12
+1.2760000E+02	-4.9542881E-12	+5.6198641E-12
+1.2800000E+02	+4.1615461E-12	+5.7168287E-12
+1.2840000E+02	+4.9303214E-12	-1.8402144E-12
+1.2880000E+02	-3.8936289E-14	-2.7491774E-12
+1.2920000E+02	-3.1027159E-13	-3.7031103E-13
+1.2960000E+02	+3.7380316E-13	-9.9210174E-13
+1.3000000E+02	-4.6289606E-13	-1.0676763E-12
+1.3040000E+02	-3.8377397E-13	-1.3631367E-12
+1.3080000E+02	-3.0251582E-12	-2.1485107E-12
+1.3120000E+02	-5.7197480E-12	+3.1092828E-12
+1.3160000E+02	+1.2300296E-12	+8.7112056E-12
+1.3200000E+02	+9.7628893E-12	+1.6815195E-12
+1.3240000E+02	+4.0110607E-12	-8.6954764E-12
+1.3280000E+02	-6.6245249E-12	-4.5845941E-12
+1.3320000E+02	-3.4892644E-12	+5.1738760E-12
+1.3360000E+02	+5.3400756E-12	+2.0094526E-12
+1.3400000E+02	+1.7286382E-12	-6.8060592E-12
+1.3440000E+02	-8.1717012E-12	-3.4356438E-12
+1.3480000E+02	-6.5897323E-12	+7.9139215E-12
+1.3520000E+02	+5.3960504E-12	+9.6761808E-12
+1.3560000E+02	+1.1156270E-11	-1.2609732E-12
+1.3600000E+02	+2.9830706E-12	-1.0347577E-11
+1.3640000E+02	-7.6995790E-12	-5.8231572E-12
+1.3680000E+02	-6.4600350E-12	+4.4049033E-12
+1.3720000E+02	+1.7190355E-12	+5.0069189E-12
+1.3760000E+02	+2.2142250E-12	-4.4724406E-13
+1.3800000E+02	-8.0338742E-13	+9.5316200E-13
+1.3840000E+02	+3.6017908E-12	+2.5218569E-12
+1.3880000E+02	+4.9893174E-12	-5.0262462E-12
+1.3920000E+02	-4.8116007E-12	-7.3074066E-12
+1.3960000E+02	-8.4066710E-12	+3.0258707E-12
+1.4000000E+02	+3.9227550E-13	+7.3664970E-12
+1.4040000E+02	+3.8997126E-12	+1.8053725E-12
+1.4080000E+02	+2.2146163E-12	+1.2860483E-12
+1.4120000E+02	+6.5836048E-12	-1.2639894E-13
+1.4160000E+02	+4.0157488E-12	-1.0124247E-11
+1.4200000E+02	-1.0666714E-11	-8.6868104E-12
+1.4240000E+02	-1.1968197E-11	+8.2270579E-12
+1.4280000E+02	+4.0631341E-12	+1.2487204E-11
+1.4320000E+02	+1.0070735E-11	-1.9198810E-14
+1.4360000E+02	+2.3767370E-12	-5.7559939E-12
+1.4400000E+02	-1.2001678E-12	-2.5489354E-12
+1.4440000E+02	-9.3569475E-13	-2.1262696E-12
+1.4480000E+02	-3.5053527E-12	-1.4613978E-12
+1.4520000E+02	-3.6977936E-12	+3.0475646E-12
+1.4560000E+02	+1.3491576E-12	+5.2986496E-12
+1.4600000E+02	+6.2783434E-12	+9.7558756E-13
+1.4640000E+02	+3.5809215E-12	-6.8470813E-12
+1.4680000E+02	-7.0604089E-12	-6.3550245E-12
+1.4720000E+02	-9.1477780E-12	+6.6706735E-12
+1.4760000E+02	+5.2913018E-12	+1.1497143E-11
+1.4800000E+02	+1.2596637E-11	-2.7752783E-12
+1.4840000E+02	+4.4932719E-13	-1.1603295E-11
+1.4880000E+02	-8.1610829E-12	-3.3590221E-12
+1.4920000E+02	-4.7422128E-12	+2.8300234E-12
+1.4960000E+02	-2.9071511E-12	+3.8763535E-12
+1.5000000E+02	+1.0905876E-12	+7.1876978E-12
+1.5040000E+02	+8.6505135E-12	+2.1849620E-12
+1.5080000E+02	+4.0236579E-12	-7.1783303E-12
+1.5120000E+02	-4.0286125E-12	-2.9945718E-12
+1.5160000E+02	+1.0160231E-12	+1.2090752E-12
+1.5200000E+02	+4.2025712E-13	-6.6654506E-12
+1.5240000E+02	-1.1814142E-11	-2.1811244E-12
+1.5280000E+02	-5.6536012E-12	+1.4602769E-11
+1.5320000E+02	+1.4307352E-11	+9.2368544E-12
+1.5360000E+02	+1.1514559E-11	-1.1498681E-11
+1.5400000E+02	-7.5042795E-12	-1.1948869E-11
+1.5440000E+02	-1.0945554E-11	+3.6080154E-12
+1.5480000E+02	+5.1874425E-13	+9.3762594E-12
+1.5520000E+02	+7.9854590E-12	+1.6428200E-12
+1.5560000E+02	+3.0019510E-12	-7.0951860E-12
+1.5600000E+02	-6.7062611E-12	-3.6113910E-12
+1.5640000E+02	-3.4149151E-12	+6.7657265E-12
+1.5680000E+02	+7.2936586E-12	+2.4400266E-12
+1.5720000E+02	+9.5415908E-13	-8.2682409E-12
+1.5760000E+02	-9.4399993E-12	+6.1729114E-13
+1.5800000E+02	+1.9539286E-12	+1.0326032E-11
+1.5840000E+02	+1.0454430E-11	-3.0296735E-12
+1.5880000E+02	-4.0302622E-12	-9.6661532E-12
+1.5920000E+02	-8.1945185E-12	+5.0625433E-12
+1.5960000E+02	+5.9387327E-12	+6.4285264E-12
+1.6000000E+02	+4.5651740E-12	-6.2761082E-12
+1.6040000E+02	-5.8638532E-12	-2.4870370E-12
+1.6080000E+02	-1.9460833E-14	+4.9668929E-12
+1.6120000E+02	+4.2341142E-12	-2.6371848E-12
+1.6160000E+02	-4.7235814E-12	-4.1969344E-12
+1.6200000E+02	-4.7338221E-12	+5.2625953E-12
+1.6240000E+02	+3.7689240E-12	+4.9909769E-12
+1.6280000E+02	+3.9440262E-12	-7.9603642E-13
+1.6320000E+02	+2.1888097E-12	-1.2643365E-12
+1.6360000E+02	+2.1694982E-12	-3.6519968E-12
+1.6400000E+02	-3.0400466E-12	-4.6028044E-12
+1.6440000E+02	-4.4772223E-12	+1.2641872E-12
+1.6480000E+02	+1.8747723E-13	+1.5565949E-12
+1.6520000E+02	-2.7088741E-12	-1.3719118E-12
+1.6560000E+02	-4.9088637E-12	+5.9262188E-12
+1.6600000E+02	+6.1963884E-12	+9.1639323E-12
+1.6640000E+02	+1.1677678E-11	-3.3165305E-12
+1.6680000E+02	+1.0631086E-12	-1.0674289E-11
+1.6720000E+02	-6.1959285E-12	-4.4542318E-12
+1.6760000E+02	-5.0600770E-12	+1.1453364E-13
+1.6800000E+02	-4.9808817E-12	+2.8226361E-12
+1.6840000E+02	-6.7111855E-13	+7.2803629E-12
+1.6880000E+02	+6.6616479E-12	+3.3068371E-12
+1.6920000E+02	+3.7936815E-12	-4.4705126E-12
+1.6960000E+02	-2.4100334E-12	-2.3446064E-12
+1.7000000E+02	-2.8765227E-13	+1.3577700E-12
+1.7040000E+02	+9.2350954E-13	-1.0363623E-12
+1.7080000E+02	-1.2627723E-12	+6.2305874E-15
+1.7120000E+02	+2.2010279E-12	+1.1786734E-12
+1.7160000E+02	+1.9989441E-12	-5.3125271E-12
+1.7200000E+02	-7.9681615E-12	-4.3073558E-12
+1.7240000E+02	-7.4541399E-12	+8.6636643E-12
+1.7280000E+02	+6.8089894E-12	+9.8561321E-12
+1.7320000E+02	+9.9909151E-12	-3.1812744E-12
+1.7360000E+02	+5.2894006E-13	-7.3875444E-12
+1.7400000E+02	-2.9364084E-12	-2.7505698E-12
+1.7440000E+02	-2.9300833E-12	-1.6627353E-12
+1.7480000E+02	-4.8961667E-12	+1.7147053E-12
+1.7520000E+02	+3.7301664E-13	+6.1877384E-12
+1.7560000E+02	+5.9545316E-12	+6.9144767E-14
+1.7600000E+02	-6.3892709E-13	-5.0496620E-12
+1.7640000E+02	-4.0944204E-12	+2.0675337E-12
+1.7680000E+02	+3.6209278E-12	+3.2010735E-12
+1.7720000E+02	+2.2026644E-12	-4.9795153E-12
+1.7760000E+02	-6.1189190E-12	-1.0716979E-12
+1.7800000E+02	-8.3415725E-14	+6.9761991E-12
+1.7840000E+02	+7.1657220E-12	-4.4738325E-13
+1.7880000E+02	-6.0060647E-13	-6.1031190E-12
+1.7920000E+02	-3.5103756E-12	+9.9884764E-13
+1.7960000E+02	+2.4258827E-12	-1.1971191E-13
+1.8000000E+02	-3.5705506E-12	-5.1402105E-12
+1.8040000E+02	-8.4360966E-12	+5.5579174E-12
+1.8080000E+02	+5.5797286E-12	+1.0890805E-11
+1.8120000E+02	+1.1231429E-11	-4.3148626E-12
+1.8160000E+02	-3.2023612E-12	-9.2409690E-12
+1.8200000E+02	-6.0214364E-12	+3.4344386E-12
+1.8240000E+02	+5.0684816E-12	+3.3585062E-12
+1.8280000E+02	+2.5886571E-12	-6.9228418E-12
+1.8320000E+02	-7.3702113E-12	-3.7591693E-12
+1.8360000E+02	-5.6822911E-12	+5.4809514E-12
+1.8400000E+02	+1.6971657E-12	+6.8415783E-12
+1.8440000E+02	+6.4863975E-12	+2.4483378E-12
+1.8480000E+02	+5.3573565E-12	-5.1178915E-12
+1.8520000E+02	-4.0284515E-12	-6.3845306E-12
+1.8560000E+02	-6.1167159E-12	+4.2629705E-12
+1.8600000E+02	+5.7941573E-12	+5.7431435E-12
+1.8640000E+02	+6.0246590E-12	-7.5316071E-12
+1.8680000E+02	-8.1511012E-12	-6.6582535E-12
+1.8720000E+02	-6.5215361E-12	+7.1153611E-12
+1.8760000E+02	+5.1178467E-12	+4.6125504E-12
+1.8800000E+02	+9.7663950E-13	-3.6128540E-12
+1.8840000E+02	-3.7689004E-12	+3.0814051E-12
+1.8880000E+02	+5.6806375E-12	+5.5987681E-12
+1.8920000E+02	+7.8822612E-12	-5.4805758E-12
+1.8960000E+02	-2.4729973E-12	-8.9241723E-12
+1.9000000E+02	-7.6095381E-12	-2.0597214E-12
+1.9040000E+02	-6.3377403E-12	+4.0454517E-12
+1.9080000E+02	-5.8808544E-13	+9.0538938E-12
+1.9120000E+02	+9.8935655E-12	+4.7889018E-12
+1.9160000E+02	+7.5177165E-12	-9.3645276E-12
+1.9200000E+02	-8.2052824E-12	-8.5152152E-12
+1.9240000E+02	-8.0652684E-12	+6.8867516E-12
+1.9280000E+02	+5.5498365E-12	+6.5403240E-12
+1.9320000E+02	+4.1689031E-12	-4.3040781E-12
+1.9360000E+02	-3.5024418E-12	-1.1964707E-12
+1.9400000E+02	+1.7862831E-12	+3.6523491E-12
+1.9440000E+02	+4.9754392E-12	-3.7599251E-12
+1.9480000E+02	-3.6628425E-12	-6.9878720E-12
+1.9520000E+02	-8.5292069E-12	+1.0589690E-12
+1.9560000E+02	-3.4040718E-12	+8.3518957E-12
+1.9600000E+02	+5.9295606E-12	+8.1621082E-12
+1.9640000E+02	+1.1517282E-11	-1.9114093E-12
+1.9680000E+02	+2.1526691E-12	-1.2561420E-11
+1.9720000E+02	-1.1620432E-11	-4.6874158E-12
+1.9760000E+02	-4.9954199E-12	+9.9101199E-12
+1.9800000E+02	+8.6474004E-12	+3.5738748E-12
+1.9840000E+02	+1.6400718E-12	-8.2519668E-12
+1.9880000E+02	-8.2027986E-12	-2.3017851E-13
+1.9920000E+02	+4.5810631E-13	+7.6226903E-12
+1.9960000E+02	+6.1135336E-12	-1.0022054E-12
+2.0000000E+02	-2.0509608E-12	-4.1723715E-12
+2.0040000E+02	-2.8394740E-12	+3.5640992E-12
+2.0080000E+02	+4.6387984E-12	+2.8325168E-12
+2.0120000E+02	+3.8488876E-12	-4.1228000E-12
+2.0160000E+02	-1.5878596E-12	-4.6315617E-12
+2.0200000E+02	-3.8342823E-12	-2.0926773E-12
+2.0240000E+02	-5.0808489E-12	+1.0951735E-12
+2.0280000E+02	-2.4885965E-12	+5.6878899E-12
+2.0320000E+02	+3.5264746E-12	+4.9099939E-12
+2.0360000E+02	+4.5226239E-12	+1.2626629E-13
+2.0400000E+02	+3.0665912E-12	-1.1821145E-12
+2.0440000E+02	+3.5473240E-12	-3.5456743E-12
+2.0480000E+02	-1.3684922E-12	-7.2987948E-12
+2.0520000E+02	-8.3257378E-12	-2.0358235E-12
+2.0560000E+02	-4.6046582E-12	+6.4848365E-12
+2.0600000E+02	+3.1374662E-12	+4.9878133E-12
+2.0640000E+02	+3.3130471E-12	-9.7679211E-14
+2.0680000E+02	+1.5807172E-12	-8.8052062E-13
+2.0720000E+02	+9.1384795E-13	-2.1101032E-12
+2.0760000E+02	-2.4646217E-12	-1.5755536E-12
+2.0800000E+02	-1.6778052E-12	+3.3399418E-12
+2.0840000E+02	+4.4530621E-12	+2.1176434E-12
+2.0880000E+02	+3.1138254E-12	-4.7721346E-12
+2.0920000E+02	-3.5051120E-12	-3.8196366E-12
+2.0960000E+02	-2.9452465E-12	+1.0264990E-12
+2.1000000E+02	-1.0937767E-12	-4.4023055E-14
+2.1040000E+02	-4.1228527E-12	+1.1261189E-12
+2.1080000E+02	-1.4194624E-12	+7.0566983E-12
+2.1120000E+02	+6.8239562E-12	+5.1225526E-12
+2.1160000E+02	+7.3635442E-12	-3.1525715E-12
+2.1200000E+02	+2.0023139E-12	-6.0692492E-12
+2.1240000E+02	-1.3061730E-12	-5.5433586E-12
+2.1280000E+02	-5.2594660E-12	-4.4829060E-12
+2.1320000E+02	-7.9142613E-12	+1.4161653E-12
+2.1360000E+02	-3.2721088E-12	+6.8850064E-12
+2.1400000E+02	+2.0565340E-12	+5.3806987E-12
+2.1440000E+02	+3.0897240E-12	+3.4913572E-12
+2.1480000E+02	+6.2740902E-12	+2.5315434E-12
+2.1520000E+02	+8.2087964E-12	-4.7255941E-12
+2.1560000E+02	-2.0926573E-13	-1.0679397E-11
+2.1600000E+02	-8.9015109E-12	-4.0078856E-12
+2.1640000E+02	-5.0991766E-12	+4.6940485E-12
+2.1680000E+02	+1.3523966E-12	+2.6687983E-12
+2.1720000E+02	-1.0394121E-12	-1.2385111E-12
+2.1760000E+02	-4.0903232E-12	+2.8598887E-12
+2.1800000E+02	+1.0933466E-12	+7.2785031E-12
+2.1840000E+02	+7.8211404E-12	+3.1869412E-12
+2.1880000E+02	+6.8792200E-12	-4.6783258E-12
+2.1920000E+02	+3.6512437E-13	-7.1184786E-12
+2.1960000E+02	-3.4151295E-12	-3.8959914E-12
+2.2000000E+02	-3.2980701E-12	-1.8981675E-12
+2.2040000E+02	-5.2514495E-12	-1.3431201E-12
+2.2080000E+02	-7.2313428E-12	+4.3220501E-12
+2.2120000E+02	-3.5728114E-13	+1.0750300E-11
+2.2160000E+02	+9.8959758E-12	+5.7965450E-12
+2.2200000E+02	+8.6307214E-12	-5.5291823E-12
+2.2240000E+02	-6.0925436E-13	-7.3721722E-12
+2.2280000E+02	-3.2462756E-12	-1.9664784E-12
+2.2320000E+02	-1.3228148E-12	-9.0548454E-13
+2.2360000E+02	-2.7643472E-12	-1.0148481E-12
+2.2400000E+02	-2.4996224E-12	+2.1151759E-12
+2.2440000E+02	+7.5166739E-13	+1.5891141E-12
+2.2480000E+02	-1.1169804E-12	-8.6935604E-13
+2.2520000E+02	-3.2239892E-12	+3.4423548E-12
+2.2560000E+02	+3.4181295E-12	+6.4649334E-12
+2.2600000E+02	+8.1345882E-12	-8.9898544E-13
+2.2640000E+02	+2.2234627E-12	-6.5625358E-12
+2.2680000E+02	-2.2192477E-12	-3.3771078E-12
+2.2720000E+02	-1.2276453E-12	-2.4935045E-12
+2.2760000E+02	-4.8751375E-12	-3.2625852E-12
+2.2800000E+02	-7.4184609E-12	+3.7964586E-12
+2.2840000E+02	+4.5905080E-13	+8.6595849E-12
+2.2880000E+02	+6.2340329E-12	+2.4851980E-12
+2.2920000E+02	+2.7981748E-12	-1.6574017E-12
+2.2960000E+02	+2.4114457E-12	-1.6286059E-13
+2.3000000E+02	+3.7097327E-12	-4.0099083E-12
+2.3040000E+02	-3.1065814E-12	-6.3844334E-12
+2.3080000E+02	-6.4262729E-12	+1.4014764E-12
+2.3120000E+02	+9.2353083E-13	+4.3055423E-12
+2.3160000E+02	+1.8944613E-12	-2.5031043E-12
+2.3200000E+02	-5.2250591E-12	-1.0083123E-12
+2.3240000E+02	-2.1045084E-12	+7.1951440E-12
+2.3280000E+02	+6.9786817E-12	+4.0698304E-12
+2.3320000E+02	+5.1735054E-12	-4.6176991E-12
+2.3360000E+02	-1.5088495E-12	-4.4012739E-12
+2.3400000E+02	-2.1523260E-12	-6.8807551E-13
+2.3440000E+02	-1.2281028E-12	-1.7815299E-13
+2.3480000E+02	-1.3341908E-12	+6.5234004E-13
+2.3520000E+02	+1.3111544E-13	+1.1256535E-12
+2.3560000E+02	+4.2853331E-13	-3.7165040E-13
+2.3600000E+02	-1.0044720E-12	-3.0506896E-13
+2.3640000E+02	-9.9986329E-13	+9.5057117E-13
+2.3680000E+02	-5.4061837E-13	+1.6642245E-12
+2.3720000E+02	+1.0670224E-12	+3.0572906E-12
+2.3760000E+02	+5.1329818E-12	+1.2656241E-12
+2.3800000E+02	+4.4272394E-12	-5.2884557E-12
+2.3840000E+02	-3.2260406E-12	-6.6041697E-12
+2.3880000E+02	-6.3680306E-12	+2.1047060E-13
+2.3920000E+02	-1.7488073E-12	+3.8231023E-12
+2.3960000E+02	+6.8075531E-13	+1.3734261E-12
+2.4000000E+02	-8.5084434E-13	+8.9527193E-13
+2.4040000E+02	-1.1684792E-13	+2.9215190E-12
+2.4080000E+02	+2.7560924E-12	+2.7492715E-12
+2.4120000E+02	+4.6410933E-12	+1.9015643E-13
+2.4160000E+02	+4.3377177E-12	-3.7294373E-12
+2.4200000E+02	+1.5713137E-13	-6.9407718E-12
+2.4240000E+02	-5.9821073E-12	-4.9890032E-12
+2.4280000E+02	-7.8090735E-12	+1.6744675E-12
+2.4320000E+02	-3.5360222E-12	+6.7443495E-12
+2.4360000E+02	+2.3432504E-12	+6.5265072E-12
+2.4400000E+02	+5.5576029E-12	+2.7306061E-12
+2.4440000E+02	+5.4621438E-12	-1.3997305E-12
+2.4480000E+02	+3.2636352E-12	-4.4790464E-12
+2.4520000E+02	-8.7942742E-13	-5.7229799E-12
+2.4560000E+02	-5.0707328E-12	-2.6708005E-12
+2.4600000E+02	-3.8951867E-12	+2.6756410E-12
+2.4640000E+02	+9.9793535E-13	+2.4944295E-12
+2.4680000E+02	+2.2640222E-13	-1.6451942E-12
+2.4720000E+02	-4.1129415E-12	+5.4789906E-13
+2.4760000E+02	-1.2459019E-12	+6.1402942E-12
+2.4800000E+02	+5.4164726E-12	+4.4834552E-12
+2.4840000E+02	+6.5954688E-12	-1.3752654E-12
+2.4880000E+02	+4.2546244E-12	-5.4438392E-12
+2.4920000E+02	-9.4451861E-13	-8.5639850E-12
+2.4960000E+02	-9.4417169E-12	-4.7579028E-12
+2.5000000E+02	-8.6990602E-12	+6.9858669E-12
+2.5040000E+02	+3.3381117E-12	+9.0658043E-12
+2.5080000E+02	+6.3087221E-12	-1.0941004E-12
+2.5120000E+02	-1.4795803E-12	-2.6252141E-12
+2.5160000E+02	-2.5255778E-13	+3.6272384E-12
+2.5200000E+02	+5.4402644E-12	-1.2337483E-13
+2.5240000E+02	+3.3864980E-13	-5.3285384E-12
+2.5280000E+02	-3.4579381E-12	+1.9077388E-13
+2.5320000E+02	+2.5325969E-12	+1.5493721E-12
+2.5360000E+02	+1.3988958E-12	-5.6635870E-12
+2.5400000E+02	-7.4146377E-12	-3.2958130E-12
+2.5440000E+02	-5.6156980E-12	+6.1900328E-12
+2.5480000E+02	+2.3685867E-12	+5.9697267E-12
+2.5520000E+02	+3.0754397E-12	+1.7532270E-12
+2.5560000E+02	+3.5218200E-12	+2.0884240E-12
+2.5600000E+02	+6.7873851E-12	-1.8691484E-12
+2.5640000E+02	+1.8273495E-12	-8.4022868E-12
+2.5680000E+02	-6.3157898E-12	-4.6654060E-12
+2.5720000E+02	-4.2953238E-12	+2.4029793E-12
+2.5760000E+02	-2.8071855E-13	+6.4383992E-13
+2.5800000E+02	-3.9974880E-12	-3.1325640E-13
+2.5840000E+02	-3.7580063E-12	+6.6094599E-12
+2.5880000E+02	+5.6219445E-12	+7.4834882E-12
+2.5920000E+02	+8.6718380E-12	-2.0363188E-12
+2.5960000E+02	+1.3292499E-12	-6.3262451E-12
+2.6000000E+02	-1.9973644E-12	-1.9132883E-12
+2.6040000E+02	+7.2249188E-13	-1.3559978E-12
+2.6080000E+02	-1.5212468E-12	-4.5975335E-12
+2.6120000E+02	-6.7859849E-12	-1.3862121E-12
+2.6160000E+02	-5.0620589E-12	+5.5577206E-12
+2.6200000E+02	+1.6111949E-12	+6.7421887E-12
+2.6240000E+02	+5.2260266E-12	+2.4858669E-12
+2.6280000E+02	+4.2008809E-12	-1.7047006E-12
+2.6320000E+02	+1.1892051E-12	-2.8590841E-12
+2.6360000E+02	-4.5370567E-14	-1.3731710E-12
+2.6400000E+02	+1.1448168E-12	-1.6808390E-12
+2.6440000E+02	-7.7215235E-13	-4.3121908E-12
+2.6480000E+02	-5.6105035E-12	-2.1102026E-12
+2.6520000E+02	-4.5802489E-12	+3.9796843E-12
+2.6560000E+02	+6.5413328E-13	+4.3316184E-12
+2.6600000E+02	+9.2795584E-13	+1.7136318E-12
+2.6640000E+02	+1.0060930E-12	+3.7442412E-12
+2.6680000E+02	+6.7076254E-12	+2.7515093E-12
+2.6720000E+02	+7.2985449E-12	-5.9371607E-12
+2.6760000E+02	-1.7612960E-12	-9.6364833E-12
+2.6800000E+02	-8.0554212E-12	-3.3622022E-12
+2.6840000E+02	-6.5149883E-12	+3.2672465E-12
+2.6880000E+02	-2.1199440E-12	+6.2384472E-12
+2.6920000E+02	+3.3713426E-12	+5.3676635E-12
+2.6960000E+02	+5.3412620E-12	-2.7912237E-13
+2.7000000E+02	+8.9591881E-13	-3.0179385E-12
+2.7040000E+02	-4.9919052E-13	+3.2994038E-13
+2.7080000E+02	+2.6651528E-12	-6.5863065E-13
+2.7120000E+02	-5.2874278E-13	-4.2430775E-12
+2.7160000E+02	-4.1658054E-12	+5.3596458E-13
+2.7200000E+02	+2.0904831E-12	+3.1938984E-12
+2.7240000E+02	+3.0600715E-12	-5.2333817E-12
+2.7280000E+02	-8.3809582E-12	-4.9485780E-12
+2.7320000E+02	-8.3358677E-12	+9.4143492E-12
+2.7360000E+02	+7.3205291E-12	+1.1137821E-11
+2.7400000E+02	+1.1131476E-11	-3.1321005E-12
+2.7440000E+02	+6.0651851E-13	-7.6373808E-12
+2.7480000E+02	-2.2009207E-12	-1.5384142E-12
+2.7520000E+02	+8.3632911E-13	-2.2975002E-12
+2.7560000E+02	-3.5328596E-12	-4.7431817E-12
+2.7600000E+02	-7.3137456E-12	+1.3012399E-12
+2.7640000E+02	-2.3655609E-12	+6.5566820E-12
+2.7680000E+02	+2.7238651E-12	+4.6364059E-12
+2.7720000E+02	+3.8525412E-12	+1.9033288E-12
+2.7760000E+02	+4.6491440E-12	-6.3034155E-13
+2.7800000E+02	+2.6797246E-12	-4.3171365E-12
+2.7840000E+02	-1.9546918E-12	-3.7596429E-12
+2.7880000E+02	-2.0132013E-12	-2.1657663E-14
+2.7920000E+02	+3.3047239E-13	-1.0518564E-12
+2.7960000E+02	-3.0046736E-12	-3.0384947E-12
+2.8000000E+02	-6.2339860E-12	+2.3361777E-12
+2.8040000E+02	-4.1301494E-13	+7.5977160E-12
+2.8080000E+02	+6.1380517E-12	+3.0790031E-12
+2.8120000E+02	+3.5309788E-12	-2.9684112E-12
+2.8160000E+02	-4.9921855E-13	-1.3177061E-12
+2.8200000E+02	+1.9279456E-12	+6.4034936E-13
+2.8240000E+02	+3.3448978E-12	-3.6379925E-12
+2.8280000E+02	-2.1762041E-12	-6.5737948E-12
+2.8320000E+02	-7.7160142E-12	-1.9392373E-12
+2.8360000E+02	-6.3438203E-12	+5.4365341E-12
+2.8400000E+02	+6.2303568E-13	+8.4351106E-12
+2.8440000E+02	+7.1186694E-12	+4.2287599E-12
+2.8480000E+02	+6.7178044E-12	-3.4569853E-12
+2.8520000E+02	+1.9121423E-13	-6.0922787E-12
+2.8560000E+02	-3.5724794E-12	-1.8593683E-12
+2.8600000E+02	-1.2444032E-12	+1.2891322E-12
+2.8640000E+02	+6.9006802E-13	-3.2129278E-13
+2.8680000E+02	-1.0865617E-12	-1.6111507E-12
+2.8720000E+02	-2.6564691E-12	+3.0260762E-13
+2.8760000E+02	-1.2475860E-12	+2.5215876E-12
+2.8800000E+02	+1.1856327E-12	+1.9936873E-12
+2.8840000E+02	+9.8788538E-13	-1.7023407E-14
+2.8880000E+02	-6.8502793E-13	+1.1480672E-12
+2.8920000E+02	+2.5257515E-12	+3.7043898E-12
+2.8960000E+02	+7.7582419E-12	-1.3802647E-12
+2.9000000E+02	+2.4665589E-12	-1.0397318E-11
+2.9040000E+02	-9.6935176E-12	-7.1967510E-12
+2.9080000E+02	-1.0038089E-11	+5.6814730E-12
+2.9120000E+02	+5.1215928E-13	+9.0988915E-12
+2.9160000E+02	+4.7210120E-12	+2.8729770E-12
+2.9200000E+02	+2.6805806E-12	+6.3742609E-13
+2.9240000E+02	+3.9692661E-12	+5.2163333E-13
+2.9280000E+02	+4.1852297E-12	-3.6889643E-12
+2.9320000E+02	-6.4958369E-13	-5.5226757E-12
+2.9360000E+02	-3.4180660E-12	-2.5085773E-12
+2.9400000E+02	-3.2343856E-12	-8.2138106E-13
+2.9440000E+02	-4.4031196E-12	+8.6161539E-13
+2.9480000E+02	-2.9339820E-12	+5.0249166E-12
+2.9520000E+02	+2.5031303E-12	+5.3392019E-12
+2.9560000E+02	+4.4223422E-12	+1.0936893E-12
+2.9600000E+02	+2.9034375E-12	-5.4080483E-13
+2.9640000E+02	+3.8612974E-12	-1.2951097E-12
+2.9680000E+02	+2.9681276E-12	-5.9284728E-12
+2.9720000E+02	-4.3641651E-12	-7.2464326E-12
+2.9760000E+02	-8.8520880E-12	+3.1157136E-13
+2.9800000E+02	-3.4649389E-12	+6.8972219E-12
+2.9840000E+02	+2.8659401E-12	+4.5055651E-12
+2.9880000E+02	+2.3240045E-12	+4.6846349E-13
+2.9920000E+02	+9.8815737E-13	+1.3397554E-12
+2.9960000E+02	+3.8189288E-12	+1.3460052E-12
+3.0000000E+02	+4.5715869E-12	-3.4098010E-12
+3.0040000E+02	-5.0415350E-13	-6.1905540E-12
+3.0080000E+02	-4.9342501E-12	-2.7973894E-12
+3.0120000E+02	-4.2425443E-12	+1.5713140E-12
+3.0160000E+02	-1.7567266E-12	+2.9896810E-12
+3.0200000E+02	+6.7981033E-14	+3.1078448E-12
+3.0240000E+02	+2.0359734E-12	+2.5142923E-12
+3.0280000E+02	+3.2669024E-12	+2.9689144E-13
+3.0320000E+02	+2.1722875E-12	-2.1796771E-12
+3.0360000E+02	-4.8445098E-13	-2.6468830E-12
+3.0400000E+02	-2.1287237E-12	-4.9733434E-13
+3.0440000E+02	-4.4985172E-13	+1.8089923E-12
+3.0480000E+02	+2.4801231E-12	+2.2488176E-13
+3.0520000E+02	+9.7423753E-13	-3.7440489E-12
+3.0560000E+02	-4.2799358E-12	-2.9960133E-12
+3.0600000E+02	-5.2757483E-12	+2.9719781E-12
+3.0640000E+02	-1.6621312E-14	+6.1525824E-12
+3.0680000E+02	+4.6321272E-12	+3.1299215E-12
+3.0720000E+02	+4.4376063E-12	-1.3162035E-12
+3.0760000E+02	+1.8319555E-12	-3.0591932E-12
+3.0800000E+02	+9.3609332E-14	-2.7935462E-12
+3.0840000E+02	-9.3933927E-13	-2.8719481E-12
+3.0880000E+02	-3.3921115E-12	-2.4705860E-12
+3.0920000E+02	-5.1477270E-12	+1.4012373E-12
+3.0960000E+02	-1.5148827E-12	+5.4060455E-12
+3.1000000E+02	+3.3802901E-12	+3.0715536E-12
+3.1040000E+02	+1.9669232E-12	-9.2398629E-13
+3.1080000E+02	-2.3379703E-13	+1.1206686E-12
+3.1120000E+02	+3.9703635E-12	+2.1863937E-12
+3.1160000E+02	+5.6059105E-12	-4.4057340E-12
+3.1200000E+02	-1.9000203E-12	-8.0243466E-12
+3.1240000E+02	-7.4213778E-12	-1.9664471E-12
+3.1280000E+02	-4.5536398E-12	+3.7108296E-12
+3.1320000E+02	-1.0983684E-12	+3.9950064E-12
+3.1360000E+02	+5.2653629E-13	+4.2078453E-12
+3.1400000E+02	+3.9043784E-12	+3.6328486E-12
+3.1440000E+02	+5.7767147E-12	-6.9931529E-13
+3.1480000E+02	+3.0569372E-12	-4.5425727E-12
+3.1520000E+02	-8.0726782E-13	-4.8065018E-12
+3.1560000E+02	-3.5167189E-12	-2.9634036E-12
+3.1600000E+02	-4.4366023E-12	+3.1336249E-13
+3.1640000E+02	-2.4003879E-12	+2.9922092E-12
+3.1680000E+02	+6.7223013E-14	+2.6888834E-12
+3.1720000E+02	+4.5006674E-13	+1.9440555E-12
+3.1760000E+02	+1.4268653E-12	+2.5502190E-12
+3.1800000E+02	+3.9732341E-12	+1.3186324E-12
+3.1840000E+02	+4.3337336E-12	-2.5911423E-12
+3.1880000E+02	+8.4056517E-13	-5.4412069E-12
+3.1920000E+02	-3.8250382E-12	-4.1298547E-12
+3.1960000E+02	-5.2079743E-12	+6.2140962E-13
+3.2000000E+02	-1.8911038E-12	+3.5833754E-12
+3.2040000E+02	+6.5999189E-13	+1.9141984E-12
+3.2080000E+02	-5.9377884E-13	+1.2918372E-12
+3.2120000E+02	+7.6547837E-13	+3.8893573E-12
+3.2160000E+02	+5.6710640E-12	+1.9139819E-12
+3.2200000E+02	+4.8332835E-12	-4.6813506E-12
+3.2240000E+02	-1.5500947E-12	-5.8554946E-12
+3.2280000E+02	-4.1231309E-12	-1.6988900E-12
+3.2320000E+02	-3.1003620E-12	+6.3522299E-13
+3.2360000E+02	-2.4904861E-12	+2.1091904E-12
+3.2400000E+02	-9.1905165E-14	+3.5176463E-12
+3.2440000E+02	+2.2701144E-12	+1.5287511E-12
+3.2480000E+02	+9.1192549E-13	-1.5868430E-13
+3.2520000E+02	+9.3155798E-13	+1.4251814E-12
+3.2560000E+02	+3.7962912E-12	-6.0889379E-14
+3.2600000E+02	+2.0771593E-12	-4.4249855E-12
+3.2640000E+02	-2.7677538E-12	-3.6912612E-12
+3.2680000E+02	-3.2467072E-12	-6.8941195E-14
+3.2720000E+02	-2.1174722E-12	+6.4152664E-13
+3.2760000E+02	-2.6570131E-12	+1.9664585E-12
+3.2800000E+02	-2.2201157E-13	+4.6178352E-12
+3.2840000E+02	+4.0685125E-12	+2.8279779E-12
+3.2880000E+02	+3.9323751E-12	-1.5127693E-12
+3.2920000E+02	+1.2369881E-12	-2.6798718E-12
+3.2960000E+02	+1.3057230E-13	-2.3378069E-12
+3.3000000E+02	-1.1840190E-12	-2.6376454E-12
+3.3040000E+02	-3.2497301E-12	-1.2330810E-12
+3.3080000E+02	-3.1053711E-12	+1.7529435E-12
+3.3120000E+02	-5.8992366E-13	+3.1394937E-12
+3.3160000E+02	+1.4698203E-12	+1.9953243E-12
+3.3200000E+02	+1.4573391E-12	+4.9393760E-13
+3.3240000E+02	+1.1482360E-12	+5.5478526E-13
+3.3280000E+02	+2.4898703E-12	+9.9942634E-14
+3.3320000E+02	+2.3875796E-12	-2.8897570E-12
+3.3360000E+02	-1.4748241E-12	-4.0263565E-12
+3.3400000E+02	-3.7402105E-12	-6.5360778E-13
+3.3440000E+02	-1.8353651E-12	+1.6029273E-12
+3.3480000E+02	-1.0065904E-12	+1.0911387E-12
+3.3520000E+02	-1.1287519E-12	+2.3966077E-12
+3.3560000E+02	+1.7805901E-12	+3.2359698E-12
+3.3600000E+02	+3.6300532E-12	+1.6173615E-13
+3.3640000E+02	+1.7853826E-12	-1.8486685E-12
+3.3680000E+02	+1.0852797E-12	-1.6805030E-12
+3.3720000E+02	+2.9359512E-13	-3.3690303E-12
+3.3760000E+02	-3.6723072E-12	-2.8846249E-12
+3.3800000E+02	-4.3214942E-12	+2.0427137E-12
+3.3840000E+02	-1.7503452E-13	+3.5585763E-12
+3.3880000E+02	+1.0009366E-12	+1.3344388E-12
+3.3920000E+02	+6.7174817E-13	+1.8006091E-12
+3.3960000E+02	+3.2538085E-12	+1.1733454E-12
+3.4000000E+02	+2.6671477E-12	-2.8271764E-12
+3.4040000E+02	-1.3583868E-12	-2.5404509E-12
+3.4080000E+02	-7.4649704E-13	+3.5734692E-13
+3.4120000E+02	+8.2277089E-13	-1.4839752E-12
+3.4160000E+02	-2.5374332E-12	-2.4445838E-12
+3.4200000E+02	-3.7865873E-12	+1.6178032E-12
+3.4240000E+02	-6.2054597E-13	+3.3343399E-12
+3.4280000E+02	+6.6193296E-13	+2.4805777E-12
+3.4320000E+02	+2.4020056E-12	+3.1280954E-12
+3.4360000E+02	+6.0320471E-12	-8.7436382E-14
+3.4400000E+02	+3.2224247E-12	-6.4281178E-12
+3.4440000E+02	-4.1385246E-12	-5.5310369E-12
+3.4480000E+02	-5.3957657E-12	+5.4296800E-13
+3.4520000E+02	-2.3290844E-12	+2.8713706E-12
+3.4560000E+02	-5.4673649E-13	+3.1011026E-12
+3.4600000E+02	+1.8656951E-12	+2.9200013E-12
+3.4640000E+02	+3.1081679E-12	+1.0778242E-14
+3.4680000E+02	+9.1422158E-13	-1.4165860E-12
+3.4720000E+02	+7.5058194E-13	-1.0169745E-13
+3.4760000E+02	+1.8519669E-12	-1.9364186E-12
+3.4800000E+02	-1.6208745E-12	-3.5443265E-12
+3.4840000E+02	-3.7772642E-12	+4.8093548E-13
+3.4880000E+02	-2.0747449E-13	+2.3832726E-12
+3.4920000E+02	+2.8440571E-13	-4.4973458E-13
+3.4960000E+02	-2.3158401E-12	+1.2099222E-12
+3.5000000E+02	+1.3279223E-12	+4.3448824E-12
+3.5040000E+02	+5.3432152E-12	-3.2108565E-13
+3.5080000E+02	+8.0112487E-13	-4.7954894E-12
+3.5120000E+02	-3.1680439E-12	-1.0484694E-12
+3.5160000E+02	-1.5184987E-13	+1.5095233E-12
+3.5200000E+02	+6.8025992E-13	-1.3050753E-12
+3.5240000E+02	-2.3776796E-12	-7.8564160E-13
+3.5280000E+02	-1.2034188E-12	+2.4748915E-12
+3.5320000E+02	+1.7597342E-12	+1.1382488E-12
+3.5360000E+02	+2.5584693E-13	-9.6307447E-13
+3.5400000E+02	-7.8757346E-13	+1.0810147E-12
+3.5440000E+02	+2.1270704E-12	+1.3737160E-12
+3.5480000E+02	+2.2281397E-12	-2.3493186E-12
+3.5520000E+02	-1.8313470E-12	-2.6453179E-12
+3.5560000E+02	-2.2754904E-12	+1.1810080E-12
+3.5600000E+02	+1.0283084E-12	+1.3906265E-12
+3.5640000E+02	+6.4573861E-13	-1.5174377E-12
+3.5680000E+02	-2.1970824E-12	-5.3097938E-13
+3.5720000E+02	-9.5373372E-13	+2.3997942E-12
+3.5760000E+02	+1.8158629E-12	+1.2925250E-12
+3.5800000E+02	+8.9932861E-13	-8.0577735E-13
+3.5840000E+02	-1.8458232E-13	+3.2875983E-13
+3.5880000E+02	+1.7608465E-12	+6.1288930E-13
+3.5920000E+02	+2.0420173E-12	-2.4069480E-12
+3.5960000E+02	-1.6154702E-12	-3.6453068E-12
+3.6000000E+02	-4.3256556E-12	-4.0525922E-13
+3.6040000E+02	-2.6377378E-12	+3.4656196E-12
+3.6080000E+02	+1.3917490E-12	+3.8763835E-12
+3.6120000E+02	+3.5061573E-12	+7.9164540E-13
+3.6160000E+02	+1.9061665E-12	-1.9004178E-12
+3.6200000E+02	-1.5593744E-13	-1.4653412E-12
+3.6240000E+02	+2.3666612E-14	-6.5638228E-13
+3.6280000E+02	-2.0733107E-13	-1.4296823E-12
+3.6320000E+02	-1.7787163E-12	-9.0238523E-13
+3.6360000E+02	-1.6047806E-12	+9.0242774E-13
+3.6400000E+02	-4.9214596E-13	+1.1452899E-12
+3.6440000E+02	-3.7063654E-13	+1.3673140E-12
+3.6480000E+02	+1.1183940E-12	+2.0467314E-12
+3.6520000E+02	+2.8253858E-12	-1.2491748E-14
+3.6560000E+02	+1.0051356E-12	-2.2283114E-12
+3.6600000E+02	-6.8593764E-13	-9.9435208E-13
+3.6640000E+02	+2.9455350E-13	-7.7207105E-13
+3.6680000E+02	-1.2414820E-12	-2.2190691E-12
+3.6720000E+02	-3.6683941E-12	+5.7073372E-13
+3.6760000E+02	-5.4805987E-13	+3.8159010E-12
+3.6800000E+02	+2.6760966E-12	+1.0835247E-12
+3.6840000E+02	+4.0829976E-13	-1.0828432E-12
+3.6880000E+02	-1.0995621E-13	+1.2373757E-12
+3.6920000E+02	+2.8809202E-12	+3.3814262E-13
+3.6960000E+02	+1.4698568E-12	-3.4551696E-12
+3.7000000E+02	-2.5015785E-12	-2.5458929E-12
+3.7040000E+02	-2.6036240E-12	+4.6722659E-13
+3.7080000E+02	-1.5902239E-12	+1.3243195E-12
+3.7120000E+02	-7.5954047E-13	+2.6746755E-12
+3.7160000E+02	+2.4459620E-12	+2.6150240E-12
+3.7200000E+02	+3.3600749E-12	-1.3572897E-12
+3.7240000E+02	-2.8127698E-13	-2.7743817E-12
+3.7280000E+02	-1.3507999E-12	-8.8712733E-14
+3.7320000E+02	+3.5119201E-13	-1.0409423E-13
+3.7360000E+02	-1.0128648E-12	-1.1461773E-12
+3.7400000E+02	-1.6873540E-12	+1.3369339E-12
+3.7440000E+02	+1.4692658E-12	+1.6727963E-12
+3.7480000E+02	+1.2946898E-12	-1.8309332E-12
+3.7520000E+02	-2.4912890E-12	-1.0404173E-12
+3.7560000E+02	-1.2786241E-12	+3.0922203E-12
+3.7600000E+02	+3.1207114E-12	+1.9472403E-12
+3.7640000E+02	+2.5731780E-12	-2.3175661E-12
+3.7680000E+02	-9.1626488E-13	-2.6053486E-12
+3.7720000E+02	-1.8163084E-12	-4.6524516E-13
+3.7760000E+02	-1.2049404E-12	+4.8315983E-13
+3.7800000E+02	-7.7895048E-13	+1.0620676E-12
+3.7840000E+02	+3.0228969E-13	+1.4091562E-12
+3.7880000E+02	+1.2422483E-12	+5.1319990E-13
+3.7920000E+02	+9.1348423E-13	-5.6755508E-13
+3.7960000E+02	+1.1855895E-13	-8.0250283E-13
+3.8000000E+02	-4.5145802E-13	-4.7294745E-13
+3.8040000E+02	-5.1369275E-13	+2.2695667E-13
+3.8080000E+02	+2.7429633E-13	+5.3346106E-13
+3.8120000E+02	+7.9946990E-13	-4.0101923E-13
+3.8160000E+02	-2.4934621E-13	-1.2811447E-12
+3.8200000E+02	-1.6252418E-12	-3.7618610E-13
+3.8240000E+02	-1.2831800E-12	+1.4111511E-12
+3.8280000E+02	+5.0324833E-13	+1.9572287E-12
+3.8320000E+02	+1.8955834E-12	+7.6782245E-13
+3.8360000E+02	+1.7509844E-12	-9.8103575E-13
+3.8400000E+02	+3.7638303E-13	-1.8712486E-12
+3.8440000E+02	-1.0136359E-12	-1.4502549E-12
+3.8480000E+02	-1.6368856E-12	-3.7343427E-13
+3.8520000E+02	-1.5376727E-12	+8.3413145E-13
+3.8560000E+02	-4.9409157E-13	+1.8801583E-12
+3.8600000E+02	+1.3094150E-12	+1.6102801E-12
+3.8640000E+02	+1.9547663E-12	-2.6341565E-13
+3.8680000E+02	+6.0101753E-13	-1.4564483E-12
+3.8720000E+02	-5.0976902E-13	-8.2863427E-13
+3.8760000E+02	-4.1106413E-13	-3.3929858E-13
+3.8800000E+02	-7.5975170E-13	-2.8976302E-13
+3.8840000E+02	-8.5274992E-13	+7.9755948E-13
+3.8880000E+02	+7.4177384E-13	+1.0966399E-12
+3.8920000E+02	+1.1480956E-12	-8.2655268E-13
+3.8960000E+02	-1.0161449E-12	-1.2483679E-12
+3.9000000E+02	-1.4724539E-12	+1.0444672E-12
+3.9040000E+02	+6.7505093E-13	+1.6009341E-12
+3.9080000E+02	+1.2634930E-12	+3.1691137E-14
+3.9120000E+02	+6.7174274E-13	-2.5642365E-13
+3.9160000E+02	+1.2109690E-12	-7.3600355E-13
+3.9200000E+02	+2.1952711E-14	-2.5495069E-12
+3.9240000E+02	-3.1125712E-12	-1.3569800E-12
+3.9280000E+02	-2.6256654E-12	+2.6010551E-12
+3.9320000E+02	+1.2706327E-12	+3.1602471E-12
+3.9360000E+02	+2.6782924E-12	+2.1073895E-13
+3.9400000E+02	+1.1661810E-12	-1.4507085E-12
+3.9440000E+02	-1.1522028E-13	-1.3038622E-12
+3.9480000E+02	-8.4034973E-13	-7.3249974E-13
+3.9520000E+02	-8.8769362E-13	+2.8494655E-13
+3.9560000E+02	+5.3944986E-14	+5.9430585E-13
+3.9600000E+02	+2.9387118E-13	-1.9514883E-13
+3.9640000E+02	-4.1097285E-13	-2.6691246E-13
+3.9680000E+02	-4.3546012E-13	+3.4372294E-13
+3.9720000E+02	-1.0481143E-13	+4.6531822E-13
+3.9760000E+02	+7.8603654E-14	+6.6664155E-13
+3.9800000E+02	+8.9709858E-13	+6.7015096E-13
+3.9840000E+02	+1.3729303E-12	-5.2003077E-13
+3.9880000E+02	+3.3058384E-13	-1.5301513E-12
+3.9920000E+02	-9.1170230E-13	-1.1591151E-12
+3.9960000E+02	-1.4235675E-12	-2.4457054E-13
+4.0000000E+02	-1.3465786E-12	+9.0089247E-13
