+0.0000000E+00	+1.5388624E-07	+0.0000000E+00
+4.0000000E-01	+1.6539463E-07	+0.0000000E+00
+8.0000000E-01	+1.8014210E-07	+0.0000000E+00
+1.2000000E+00	+1.6795619E-07	+0.0000000E+00
+1.6000000E+00	+1.5633793E-07	+0.0000000E+00
+2.0000000E+00	+1.7334631E-07	+0.0000000E+00
+2.4000000E+00	+1.9869186E-07	+0.0000000E+00
+2.8000000E+00	+1.9796751E-07	+0.0000000E+00
+3.2000000E+00	+1.8617055E-07	+0.0000000E+00
+3.6000000E+00	+1.9402087E-07	+0.0000000E+00
+4.0000000E+00	+2.2200777E-07	+0.0000000E+00
+4.4000000E+00	+2.6721723E-07	+0.0000000E+00
+4.8000000E+00	+2.5207176E-07	+0.0000000E+00
+5.2000000E+00	+2.1058020E-07	+0.0000000E+00
+5.6000000E+00	+2.4727992E-07	+0.0000000E+00
+6.0000000E+00	+2.7267406E-07	+0.0000000E+00
+6.4000000E+00	+2.6280289E-07	+0.0000000E+00
+6.8000000E+00	+3.0185205E-07	+0.0000000E+00
+7.2000000E+00	+3.0552568E-07	+0.0000000E+00
+7.6000000E+00	+2.8030009E-07	+0.0000000E+00
+8.0000000E+00	+2.2702023E-07	+0.0000000E+00
+8.4000000E+00	+1.4981842E-07	+0.0000000E+00
+8.8000000E+00	+7.5915012E-08	+0.0000000E+00
+9.2000000E+00	+5.2359395E-08	+0.0000000E+00
+9.6000000E+00	+1.1557474E-07	+0.0000000E+00
+1.0000000E+01	+1.9645587E-07	+0.0000000E+00
+1.0400000E+01	+2.4367633E-07	+0.0000000E+00
+1.0800000E+01	+2.4507945E-07	+0.0000000E+00
+1.1200000E+01	+2.0883049E-07	+0.0000000E+00
+1.1600000E+01	+1.6754133E-07	+0.0000000E+00
+1.2000000E+01	+1.7337205E-07	+0.0000000E+00
+1.2400000E+01	+2.4189995E-07	+0.0000000E+00
+1.2800000E+01	+3.2715299E-07	+0.0000000E+00
+1.3200000E+01	+3.9800531E-07	+0.0000000E+00
+1.3600000E+01	+4.3969486E-07	+0.0000000E+00
+1.4000000E+01	+4.4435672E-07	+0.0000000E+00
+1.4400000E+01	+4.1112086E-07	+0.0000000E+00
+1.4800000E+01	+3.5438328E-07	+0.0000000E+00
+1.5200000E+01	+3.3769176E-07	+0.0000000E+00
+1.5600000E+01	+3.5645533E-07	+0.0000000E+00
+1.6000000E+01	+3.5142210E-07	+0.0000000E+00
+1.6400000E+01	+3.1382683E-07	+0.0000000E+00
+1.6800000E+01	+2.5315052E-07	+0.0000000E+00
+1.7200000E+01	+1.9538547E-07	+0.0000000E+00
+1.7600000E+01	+1.6321803E-07	+0.0000000E+00
+1.8000000E+01	+1.6845680E-07	+0.0000000E+00
+1.8400000E+01	+2.3240149E-07	+0.0000000E+00
+1.8800000E+01	+2.8963253E-07	+0.0000000E+00
+1.9200000E+01	+3.1939595E-07	+0.0000000E+00
+1.9600000E+01	+3.2277355E-07	+0.0000000E+00
+2.0000000E+01	+3.2323924E-07	+0.0000000E+00
+2.0400000E+01	+3.6468638E-07	+0.0000000E+00
+2.0800000E+01	+4.4873704E-07	+0.0000000E+00
+2.1200000E+01	+5.1833267E-07	+0.0000000E+00
+2.1600000E+01	+5.2840113E-07	+0.0000000E+00
+2.2000000E+01	+4.6798079E-07	+0.0000000E+00
+2.2400000E+01	+3.5868752E-07	+0.0000000E+00
+2.2800000E+01	+2.4909292E-07	+0.0000000E+00
+2.3200000E+01	+2.0229998E-07	+0.0000000E+00
+2.3600000E+01	+2.3053736E-07	+0.0000000E+00
+2.4000000E+01	+2.7374886E-07	+0.0000000E+00
+2.4400000E+01	+3.1201742E-07	+0.0000000E+00
+2.4800000E+01	+3.5965435E-07	+0.0000000E+00
+2.5200000E+01	+4.2612022E-07	+0.0000000E+00
+2.5600000E+01	+4.9686552E-07	+0.0000000E+00
+2.6000000E+01	+5.4168475E-07	+0.0000000E+00
+2.6400000E+01	+5.3283906E-07	+0.0000000E+00
+2.6800000E+01	+4.6011992E-07	+0.0000000E+00
+2.7200000E+01	+3.3788621E-07	+0.0000000E+00
+2.7600000E+01	+2.0440814E-07	+0.0000000E+00
+2.8000000E+01	+1.5674249E-07	+0.0000000E+00
+2.8400000E+01	+2.2216217E-07	+0.0000000E+00
+2.8800000E+01	+3.4770706E-07	+0.0000000E+00
+2.9200000E+01	+4.5890728E-07	+0.0000000E+00
+2.9600000E+01	+5.2929097E-07	+0.0000000E+00
+3.0000000E+01	+5.6249205E-07	+0.0000000E+00
+3.0400000E+01	+5.6565012E-07	+0.0000000E+00
+3.0800000E+01	+5.1494424E-07	+0.0000000E+00
+3.1200000E+01	+4.1347403E-07	+0.0000000E+00
+3.1600000E+01	+2.9305540E-07	+0.0000000E+00
+3.2000000E+01	+2.8672691E-07	+0.0000000E+00
+3.2400000E+01	+3.1297394E-07	+0.0000000E+00
+3.2800000E+01	+2.8614439E-07	+0.0000000E+00
+3.3200000E+01	+2.5922297E-07	+0.0000000E+00
+3.3600000E+01	+2.6765798E-07	+0.0000000E+00
+3.4000000E+01	+2.8602316E-07	+0.0000000E+00
+3.4400000E+01	+2.7627513E-07	+0.0000000E+00
+3.4800000E+01	+2.2572819E-07	+0.0000000E+00
+3.5200000E+01	+1.8832183E-07	+0.0000000E+00
+3.5600000E+01	+2.5624319E-07	+0.0000000E+00
+3.6000000E+01	+3.7449800E-07	+0.0000000E+00
+3.6400000E+01	+4.6151213E-07	+0.0000000E+00
+3.6800000E+01	+4.7957047E-07	+0.0000000E+00
+3.7200000E+01	+4.2363007E-07	+0.0000000E+00
+3.7600000E+01	+3.1591471E-07	+0.0000000E+00
+3.8000000E+01	+2.2914728E-07	+0.0000000E+00
+3.8400000E+01	+2.4012454E-07	+0.0000000E+00
+3.8800000E+01	+2.5184546E-07	+0.0000000E+00
+3.9200000E+01	+2.5043868E-07	+0.0000000E+00
+3.9600000E+01	+2.5830833E-07	+0.0000000E+00
+4.0000000E+01	+2.5796119E-07	+0.0000000E+00
+4.0400000E+01	+2.0572918E-07	+0.0000000E+00
+4.0800000E+01	+1.0389342E-07	+0.0000000E+00
+4.1200000E+01	+1.4093887E-07	+0.0000000E+00
+4.1600000E+01	+2.9521140E-07	+0.0000000E+00
+4.2000000E+01	+4.1834613E-07	+0.0000000E+00
+4.2400000E+01	+4.5222402E-07	+0.0000000E+00
+4.2800000E+01	+3.7632335E-07	+0.0000000E+00
+4.3200000E+01	+2.0835138E-07	+0.0000000E+00
+4.3600000E+01	+8.9455086E-08	+0.0000000E+00
+4.4000000E+01	+2.5133075E-07	+0.0000000E+00
+4.4400000E+01	+3.9666302E-07	+0.0000000E+00
+4.4800000E+01	+4.5969424E-07	+0.0000000E+00
+4.5200000E+01	+4.4961312E-07	+0.0000000E+00
+4.5600000E+01	+4.0533387E-07	+0.0000000E+00
+4.6000000E+01	+3.5302723E-07	+0.0000000E+00
+4.6400000E+01	+2.9100648E-07	+0.0000000E+00
+4.6800000E+01	+2.1376068E-07	+0.0000000E+00
+4.7200000E+01	+1.3593592E-07	+0.0000000E+00
+4.7600000E+01	+2.0267140E-07	+0.0000000E+00
+4.8000000E+01	+2.6113541E-07	+0.0000000E+00
+4.8400000E+01	+2.8644772E-07	+0.0000000E+00
+4.8800000E+01	+2.6288593E-07	+0.0000000E+00
+4.9200000E+01	+1.9859120E-07	+0.0000000E+00
+4.9600000E+01	+1.4455086E-07	+0.0000000E+00
+5.0000000E+01	+1.6733635E-07	+0.0000000E+00
+5.0400000E+01	+2.0501594E-07	+0.0000000E+00
+5.0800000E+01	+2.0604328E-07	+0.0000000E+00
+5.1200000E+01	+1.8330705E-07	+0.0000000E+00
+5.1600000E+01	+2.4725478E-07	+0.0000000E+00
+5.2000000E+01	+3.5808479E-07	+0.0000000E+00
+5.2400000E+01	+4.2516296E-07	+0.0000000E+00
+5.2800000E+01	+4.1291239E-07	+0.0000000E+00
+5.3200000E+01	+3.2488149E-07	+0.0000000E+00
+5.3600000E+01	+2.8457765E-07	+0.0000000E+00
+5.4000000E+01	+2.7068248E-07	+0.0000000E+00
+5.4400000E+01	+2.8020838E-07	+0.0000000E+00
+5.4800000E+01	+3.5796431E-07	+0.0000000E+00
+5.5200000E+01	+3.4611686E-07	+0.0000000E+00
+5.5600000E+01	+2.4344235E-07	+0.0000000E+00
+5.6000000E+01	+9.6472161E-08	+0.0000000E+00
+5.6400000E+01	+1.0867902E-07	+0.0000000E+00
+5.6800000E+01	+2.1211371E-07	+0.0000000E+00
+5.7200000E+01	+2.4534961E-07	+0.0000000E+00
+5.7600000E+01	+2.0778749E-07	+0.0000000E+00
+5.8000000E+01	+1.5492264E-07	+0.0000000E+00
+5.8400000E+01	+1.7054213E-07	+0.0000000E+00
+5.8800000E+01	+2.1148834E-07	+0.0000000E+00
+5.9200000E+01	+2.3385023E-07	+0.0000000E+00
+5.9600000E+01	+2.3419108E-07	+0.0000000E+00
+6.0000000E+01	+2.3388136E-07	+0.0000000E+00
+6.0400000E+01	+2.3384348E-07	+0.0000000E+00
+6.0800000E+01	+2.0972425E-07	+0.0000000E+00
+6.1200000E+01	+1.4832942E-07	+0.0000000E+00
+6.1600000E+01	+7.3872450E-08	+0.0000000E+00
+6.2000000E+01	+5.7047878E-08	+0.0000000E+00
+6.2400000E+01	+1.4042445E-07	+0.0000000E+00
+6.2800000E+01	+1.9660515E-07	+0.0000000E+00
+6.3200000E+01	+2.0813893E-07	+0.0000000E+00
+6.3600000E+01	+1.7076798E-07	+0.0000000E+00
+6.4000000E+01	+9.1851569E-08	+0.0000000E+00
+6.4400000E+01	+2.9458888E-08	+0.0000000E+00
+6.4800000E+01	+1.3719470E-07	+0.0000000E+00
+6.5200000E+01	+2.3509366E-07	+0.0000000E+00
+6.5600000E+01	+3.0237274E-07	+0.0000000E+00
+6.6000000E+01	+3.2711465E-07	+0.0000000E+00
+6.6400000E+01	+2.9803922E-07	+0.0000000E+00
+6.6800000E+01	+2.1790371E-07	+0.0000000E+00
+6.7200000E+01	+1.2335931E-07	+0.0000000E+00
+6.7600000E+01	+1.6226729E-07	+0.0000000E+00
+6.8000000E+01	+2.4189535E-07	+0.0000000E+00
+6.8400000E+01	+2.8474853E-07	+0.0000000E+00
+6.8800000E+01	+2.6947151E-07	+0.0000000E+00
+6.9200000E+01	+2.2646367E-07	+0.0000000E+00
+6.9600000E+01	+2.2129965E-07	+0.0000000E+00
+7.0000000E+01	+1.8056596E-07	+0.0000000E+00
+7.0400000E+01	+1.3949139E-07	+0.0000000E+00
+7.0800000E+01	+1.8245465E-07	+0.0000000E+00
+7.1200000E+01	+1.9640972E-07	+0.0000000E+00
+7.1600000E+01	+1.9882149E-07	+0.0000000E+00
+7.2000000E+01	+1.8000211E-07	+0.0000000E+00
+7.2400000E+01	+1.4245679E-07	+0.0000000E+00
+7.2800000E+01	+1.8635718E-07	+0.0000000E+00
+7.3200000E+01	+2.3170474E-07	+0.0000000E+00
+7.3600000E+01	+2.5549209E-07	+0.0000000E+00
+7.4000000E+01	+2.6558188E-07	+0.0000000E+00
+7.4400000E+01	+2.7629788E-07	+0.0000000E+00
+7.4800000E+01	+2.9379327E-07	+0.0000000E+00
+7.5200000E+01	+3.0623602E-07	+0.0000000E+00
+7.5600000E+01	+2.9476924E-07	+0.0000000E+00
+7.6000000E+01	+2.5072056E-07	+0.0000000E+00
+7.6400000E+01	+1.8393239E-07	+0.0000000E+00
+7.6800000E+01	+1.2107535E-07	+0.0000000E+00
+7.7200000E+01	+1.2607379E-07	+0.0000000E+00
+7.7600000E+01	+1.7965131E-07	+0.0000000E+00
+7.8000000E+01	+2.0488417E-07	+0.0000000E+00
+7.8400000E+01	+1.9873236E-07	+0.0000000E+00
+7.8800000E+01	+1.7405947E-07	+0.0000000E+00
+7.9200000E+01	+1.6297195E-07	+0.0000000E+00
+7.9600000E+01	+2.1195424E-07	+0.0000000E+00
+8.0000000E+01	+2.9165214E-07	+0.0000000E+00
+8.0400000E+01	+3.6338594E-07	+0.0000000E+00
+8.0800000E+01	+4.0592967E-07	+0.0000000E+00
+8.1200000E+01	+4.0512653E-07	+0.0000000E+00
+8.1600000E+01	+3.5488073E-07	+0.0000000E+00
+8.2000000E+01	+2.6526243E-07	+0.0000000E+00
+8.2400000E+01	+1.7957776E-07	+0.0000000E+00
+8.2800000E+01	+1.8154549E-07	+0.0000000E+00
+8.3200000E+01	+2.4422500E-07	+0.0000000E+00
+8.3600000E+01	+2.7094739E-07	+0.0000000E+00
+8.4000000E+01	+2.3089742E-07	+0.0000000E+00
+8.4400000E+01	+2.4915700E-07	+0.0000000E+00
+8.4800000E+01	+2.3889974E-07	+0.0000000E+00
+8.5200000E+01	+2.1092056E-07	+0.0000000E+00
+8.5600000E+01	+2.4247723E-07	+0.0000000E+00
+8.6000000E+01	+2.4998692E-07	+0.0000000E+00
+8.6400000E+01	+2.0012183E-07	+0.0000000E+00
+8.6800000E+01	+1.1833891E-07	+0.0000000E+00
+8.7200000E+01	+1.3394053E-07	+0.0000000E+00
+8.7600000E+01	+2.1980547E-07	+0.0000000E+00
+8.8000000E+01	+2.8221752E-07	+0.0000000E+00
+8.8400000E+01	+3.0642608E-07	+0.0000000E+00
+8.8800000E+01	+2.9513202E-07	+0.0000000E+00
+8.9200000E+01	+2.6027839E-07	+0.0000000E+00
+8.9600000E+01	+2.1606119E-07	+0.0000000E+00
+9.0000000E+01	+1.7442099E-07	+0.0000000E+00
+9.0400000E+01	+1.4548168E-07	+0.0000000E+00
+9.0800000E+01	+1.4713046E-07	+0.0000000E+00
+9.1200000E+01	+1.6623799E-07	+0.0000000E+00
+9.1600000E+01	+1.7917509E-07	+0.0000000E+00
+9.2000000E+01	+1.9552108E-07	+0.0000000E+00
+9.2400000E+01	+2.1632142E-07	+0.0000000E+00
+9.2800000E+01	+2.2888643E-07	+0.0000000E+00
+9.3200000E+01	+2.2152145E-07	+0.0000000E+00
+9.3600000E+01	+1.9112697E-07	+0.0000000E+00
+9.4000000E+01	+1.4730082E-07	+0.0000000E+00
+9.4400000E+01	+1.2822854E-07	+0.0000000E+00
+9.4800000E+01	+1.4990848E-07	+0.0000000E+00
+9.5200000E+01	+1.9081261E-07	+0.0000000E+00
+9.5600000E+01	+2.2910103E-07	+0.0000000E+00
+9.6000000E+01	+2.5412524E-07	+0.0000000E+00
+9.6400000E+01	+2.6558981E-07	+0.0000000E+00
+9.6800000E+01	+2.6673608E-07	+0.0000000E+00
+9.7200000E+01	+2.6258858E-07	+0.0000000E+00
+9.7600000E+01	+2.6315296E-07	+0.0000000E+00
+9.8000000E+01	+2.7343709E-07	+0.0000000E+00
+9.8400000E+01	+2.8176176E-07	+0.0000000E+00
+9.8800000E+01	+2.7243641E-07	+0.0000000E+00
+9.9200000E+01	+2.3635333E-07	+0.0000000E+00
+9.9600000E+01	+1.7677353E-07	+0.0000000E+00
+1.0000000E+02	+1.1605777E-07	+0.0000000E+00
+1.0040000E+02	+9.2369637E-08	+0.0000000E+00
+1.0080000E+02	+1.0441384E-07	+0.0000000E+00
+1.0120000E+02	+1.4314282E-07	+0.0000000E+00
+1.0160000E+02	+1.7258914E-07	+0.0000000E+00
+1.0200000E+02	+1.9166657E-07	+0.0000000E+00
+1.0240000E+02	+2.0048240E-07	+0.0000000E+00
+1.0280000E+02	+2.1160148E-07	+0.0000000E+00
+1.0320000E+02	+2.4540282E-07	+0.0000000E+00
+1.0360000E+02	+2.9421086E-07	+0.0000000E+00
+1.0400000E+02	+3.3148687E-07	+0.0000000E+00
+1.0440000E+02	+3.3654271E-07	+0.0000000E+00
+1.0480000E+02	+3.0202877E-07	+0.0000000E+00
+1.0520000E+02	+2.3704847E-07	+0.0000000E+00
+1.0560000E+02	+1.6553395E-07	+0.0000000E+00
+1.0600000E+02	+1.2058191E-07	+0.0000000E+00
+1.0640000E+02	+1.1759727E-07	+0.0000000E+00
+1.0680000E+02	+1.4375794E-07	+0.0000000E+00
+1.0720000E+02	+2.0072285E-07	+0.0000000E+00
+1.0760000E+02	+2.5383148E-07	+0.0000000E+00
+1.0800000E+02	+2.8380430E-07	+0.0000000E+00
+1.0840000E+02	+2.8739977E-07	+0.0000000E+00
+1.0880000E+02	+2.7370095E-07	+0.0000000E+00
+1.0920000E+02	+2.5565329E-07	+0.0000000E+00
+1.0960000E+02	+2.4017038E-07	+0.0000000E+00
+1.1000000E+02	+2.2640643E-07	+0.0000000E+00
+1.1040000E+02	+2.0806139E-07	+0.0000000E+00
+1.1080000E+02	+1.8259099E-07	+0.0000000E+00
+1.1120000E+02	+1.6521756E-07	+0.0000000E+00
+1.1160000E+02	+1.8820915E-07	+0.0000000E+00
+1.1200000E+02	+2.3221565E-07	+0.0000000E+00
+1.1240000E+02	+2.6814051E-07	+0.0000000E+00
+1.1280000E+02	+2.9332714E-07	+0.0000000E+00
+1.1320000E+02	+2.9739014E-07	+0.0000000E+00
+1.1360000E+02	+2.7179652E-07	+0.0000000E+00
+1.1400000E+02	+2.2625639E-07	+0.0000000E+00
+1.1440000E+02	+1.9141213E-07	+0.0000000E+00
+1.1480000E+02	+1.7223996E-07	+0.0000000E+00
+1.1520000E+02	+1.5469412E-07	+0.0000000E+00
+1.1560000E+02	+1.6535841E-07	+0.0000000E+00
+1.1600000E+02	+2.0986929E-07	+0.0000000E+00
+1.1640000E+02	+2.5435616E-07	+0.0000000E+00
+1.1680000E+02	+2.7171325E-07	+0.0000000E+00
+1.1720000E+02	+2.5464555E-07	+0.0000000E+00
+1.1760000E+02	+2.1750858E-07	+0.0000000E+00
+1.1800000E+02	+1.9414823E-07	+0.0000000E+00
+1.1840000E+02	+2.0539140E-07	+0.0000000E+00
+1.1880000E+02	+2.4685503E-07	+0.0000000E+00
+1.1920000E+02	+2.8582932E-07	+0.0000000E+00
+1.1960000E+02	+2.9656111E-07	+0.0000000E+00
+1.2000000E+02	+2.7642107E-07	+0.0000000E+00
+1.2040000E+02	+2.3902660E-07	+0.0000000E+00
+1.2080000E+02	+2.0491046E-07	+0.0000000E+00
+1.2120000E+02	+1.8399326E-07	+0.0000000E+00
+1.2160000E+02	+1.6908074E-07	+0.0000000E+00
+1.2200000E+02	+1.5166096E-07	+0.0000000E+00
+1.2240000E+02	+1.4144341E-07	+0.0000000E+00
+1.2280000E+02	+1.6288427E-07	+0.0000000E+00
+1.2320000E+02	+1.9712053E-07	+0.0000000E+00
+1.2360000E+02	+2.2047939E-07	+0.0000000E+00
+1.2400000E+02	+2.2923224E-07	+0.0000000E+00
+1.2440000E+02	+2.2831810E-07	+0.0000000E+00
+1.2480000E+02	+2.2364671E-07	+0.0000000E+00
+1.2520000E+02	+2.1846396E-07	+0.0000000E+00
+1.2560000E+02	+2.1590658E-07	+0.0000000E+00
+1.2600000E+02	+2.1488052E-07	+0.0000000E+00
+1.2640000E+02	+2.0838862E-07	+0.0000000E+00
+1.2680000E+02	+1.9361504E-07	+0.0000000E+00
+1.2720000E+02	+1.7549893E-07	+0.0000000E+00
+1.2760000E+02	+1.5295227E-07	+0.0000000E+00
+1.2800000E+02	+1.3879991E-07	+0.0000000E+00
+1.2840000E+02	+1.5363879E-07	+0.0000000E+00
+1.2880000E+02	+1.8137842E-07	+0.0000000E+00
+1.2920000E+02	+1.8791299E-07	+0.0000000E+00
+1.2960000E+02	+1.6595588E-07	+0.0000000E+00
+1.3000000E+02	+1.3791365E-07	+0.0000000E+00
+1.3040000E+02	+1.4104449E-07	+0.0000000E+00
+1.3080000E+02	+1.7787854E-07	+0.0000000E+00
+1.3120000E+02	+2.2510509E-07	+0.0000000E+00
+1.3160000E+02	+2.6889907E-07	+0.0000000E+00
+1.3200000E+02	+2.9725827E-07	+0.0000000E+00
+1.3240000E+02	+2.9527336E-07	+0.0000000E+00
+1.3280000E+02	+2.5317663E-07	+0.0000000E+00
+1.3320000E+02	+1.7467937E-07	+0.0000000E+00
+1.3360000E+02	+9.0630993E-08	+0.0000000E+00
+1.3400000E+02	+1.0900445E-07	+0.0000000E+00
+1.3440000E+02	+1.9252825E-07	+0.0000000E+00
+1.3480000E+02	+2.5068672E-07	+0.0000000E+00
+1.3520000E+02	+2.6557142E-07	+0.0000000E+00
+1.3560000E+02	+2.4030207E-07	+0.0000000E+00
+1.3600000E+02	+1.9538135E-07	+0.0000000E+00
+1.3640000E+02	+1.5589207E-07	+0.0000000E+00
+1.3680000E+02	+1.3869493E-07	+0.0000000E+00
+1.3720000E+02	+1.7275523E-07	+0.0000000E+00
+1.3760000E+02	+2.0336200E-07	+0.0000000E+00
+1.3800000E+02	+2.0159414E-07	+0.0000000E+00
+1.3840000E+02	+1.7363793E-07	+0.0000000E+00
+1.3880000E+02	+1.4524529E-07	+0.0000000E+00
+1.3920000E+02	+1.3292318E-07	+0.0000000E+00
+1.3960000E+02	+1.2982789E-07	+0.0000000E+00
+1.4000000E+02	+1.5362103E-07	+0.0000000E+00
+1.4040000E+02	+2.1555703E-07	+0.0000000E+00
+1.4080000E+02	+2.6618677E-07	+0.0000000E+00
+1.4120000E+02	+2.8118846E-07	+0.0000000E+00
+1.4160000E+02	+2.5362202E-07	+0.0000000E+00
+1.4200000E+02	+1.9317933E-07	+0.0000000E+00
+1.4240000E+02	+1.2801630E-07	+0.0000000E+00
+1.4280000E+02	+1.0997354E-07	+0.0000000E+00
+1.4320000E+02	+1.3488776E-07	+0.0000000E+00
+1.4360000E+02	+1.5052597E-07	+0.0000000E+00
+1.4400000E+02	+1.4298651E-07	+0.0000000E+00
+1.4440000E+02	+1.1910029E-07	+0.0000000E+00
+1.4480000E+02	+9.5225941E-08	+0.0000000E+00
+1.4520000E+02	+8.9925841E-08	+0.0000000E+00
+1.4560000E+02	+1.0913662E-07	+0.0000000E+00
+1.4600000E+02	+1.4076002E-07	+0.0000000E+00
+1.4640000E+02	+1.8162014E-07	+0.0000000E+00
+1.4680000E+02	+2.2015308E-07	+0.0000000E+00
+1.4720000E+02	+2.4883941E-07	+0.0000000E+00
+1.4760000E+02	+2.6103679E-07	+0.0000000E+00
+1.4800000E+02	+2.4795751E-07	+0.0000000E+00
+1.4840000E+02	+2.0672574E-07	+0.0000000E+00
+1.4880000E+02	+1.5146692E-07	+0.0000000E+00
+1.4920000E+02	+1.1087074E-07	+0.0000000E+00
+1.4960000E+02	+1.0218923E-07	+0.0000000E+00
+1.5000000E+02	+1.5267855E-07	+0.0000000E+00
+1.5040000E+02	+1.7506113E-07	+0.0000000E+00
+1.5080000E+02	+1.6500578E-07	+0.0000000E+00
+1.5120000E+02	+1.4093914E-07	+0.0000000E+00
+1.5160000E+02	+1.5404349E-07	+0.0000000E+00
+1.5200000E+02	+1.8006460E-07	+0.0000000E+00
+1.5240000E+02	+1.8213159E-07	+0.0000000E+00
+1.5280000E+02	+1.5864628E-07	+0.0000000E+00
+1.5320000E+02	+1.2797418E-07	+0.0000000E+00
+1.5360000E+02	+1.1434789E-07	+0.0000000E+00
+1.5400000E+02	+1.2983672E-07	+0.0000000E+00
+1.5440000E+02	+1.7163890E-07	+0.0000000E+00
+1.5480000E+02	+2.1141022E-07	+0.0000000E+00
+1.5520000E+02	+2.2938218E-07	+0.0000000E+00
+1.5560000E+02	+2.1554869E-07	+0.0000000E+00
+1.5600000E+02	+1.7243231E-07	+0.0000000E+00
+1.5640000E+02	+1.2332985E-07	+0.0000000E+00
+1.5680000E+02	+1.1766542E-07	+0.0000000E+00
+1.5720000E+02	+1.5105498E-07	+0.0000000E+00
+1.5760000E+02	+1.8302349E-07	+0.0000000E+00
+1.5800000E+02	+1.9054086E-07	+0.0000000E+00
+1.5840000E+02	+1.7056197E-07	+0.0000000E+00
+1.5880000E+02	+1.3548151E-07	+0.0000000E+00
+1.5920000E+02	+1.0481354E-07	+0.0000000E+00
+1.5960000E+02	+1.0529238E-07	+0.0000000E+00
+1.6000000E+02	+1.3404293E-07	+0.0000000E+00
+1.6040000E+02	+1.4547002E-07	+0.0000000E+00
+1.6080000E+02	+1.4153390E-07	+0.0000000E+00
+1.6120000E+02	+1.3368390E-07	+0.0000000E+00
+1.6160000E+02	+1.1744241E-07	+0.0000000E+00
+1.6200000E+02	+1.1589854E-07	+0.0000000E+00
+1.6240000E+02	+1.6009227E-07	+0.0000000E+00
+1.6280000E+02	+2.2096573E-07	+0.0000000E+00
+1.6320000E+02	+2.6664467E-07	+0.0000000E+00
+1.6360000E+02	+2.7785493E-07	+0.0000000E+00
+1.6400000E+02	+2.4768482E-07	+0.0000000E+00
+1.6440000E+02	+1.8269154E-07	+0.0000000E+00
+1.6480000E+02	+1.0434092E-07	+0.0000000E+00
+1.6520000E+02	+8.5688945E-08	+0.0000000E+00
+1.6560000E+02	+1.1070819E-07	+0.0000000E+00
+1.6600000E+02	+1.2804248E-07	+0.0000000E+00
+1.6640000E+02	+1.3161775E-07	+0.0000000E+00
+1.6680000E+02	+1.4550544E-07	+0.0000000E+00
+1.6720000E+02	+1.4554924E-07	+0.0000000E+00
+1.6760000E+02	+1.2916143E-07	+0.0000000E+00
+1.6800000E+02	+1.0595605E-07	+0.0000000E+00
+1.6840000E+02	+8.7191077E-08	+0.0000000E+00
+1.6880000E+02	+1.0537001E-07	+0.0000000E+00
+1.6920000E+02	+1.6554497E-07	+0.0000000E+00
+1.6960000E+02	+2.2486328E-07	+0.0000000E+00
+1.7000000E+02	+2.5542476E-07	+0.0000000E+00
+1.7040000E+02	+2.4538193E-07	+0.0000000E+00
+1.7080000E+02	+1.9816614E-07	+0.0000000E+00
+1.7120000E+02	+1.3379522E-07	+0.0000000E+00
+1.7160000E+02	+9.1397673E-08	+0.0000000E+00
+1.7200000E+02	+9.4115566E-08	+0.0000000E+00
+1.7240000E+02	+1.2332023E-07	+0.0000000E+00
+1.7280000E+02	+1.2786041E-07	+0.0000000E+00
+1.7320000E+02	+1.1144407E-07	+0.0000000E+00
+1.7360000E+02	+8.8860251E-08	+0.0000000E+00
+1.7400000E+02	+6.7493640E-08	+0.0000000E+00
+1.7440000E+02	+5.0574864E-08	+0.0000000E+00
+1.7480000E+02	+4.3383005E-08	+0.0000000E+00
+1.7520000E+02	+7.4756123E-08	+0.0000000E+00
+1.7560000E+02	+1.0266937E-07	+0.0000000E+00
+1.7600000E+02	+1.3462954E-07	+0.0000000E+00
+1.7640000E+02	+1.5729736E-07	+0.0000000E+00
+1.7680000E+02	+1.4937967E-07	+0.0000000E+00
+1.7720000E+02	+1.1396044E-07	+0.0000000E+00
+1.7760000E+02	+7.9874238E-08	+0.0000000E+00
+1.7800000E+02	+9.8553517E-08	+0.0000000E+00
+1.7840000E+02	+1.3326872E-07	+0.0000000E+00
+1.7880000E+02	+1.5024722E-07	+0.0000000E+00
+1.7920000E+02	+1.4036430E-07	+0.0000000E+00
+1.7960000E+02	+1.1189882E-07	+0.0000000E+00
+1.8000000E+02	+9.9648166E-08	+0.0000000E+00
+1.8040000E+02	+9.8793950E-08	+0.0000000E+00
+1.8080000E+02	+9.1164720E-08	+0.0000000E+00
+1.8120000E+02	+8.4936676E-08	+0.0000000E+00
+1.8160000E+02	+9.4323401E-08	+0.0000000E+00
+1.8200000E+02	+1.0608182E-07	+0.0000000E+00
+1.8240000E+02	+1.0119683E-07	+0.0000000E+00
+1.8280000E+02	+8.2455622E-08	+0.0000000E+00
+1.8320000E+02	+7.3408425E-08	+0.0000000E+00
+1.8360000E+02	+7.3378374E-08	+0.0000000E+00
+1.8400000E+02	+8.0301829E-08	+0.0000000E+00
+1.8440000E+02	+9.1350992E-08	+0.0000000E+00
+1.8480000E+02	+1.0015477E-07	+0.0000000E+00
+1.8520000E+02	+1.0505336E-07	+0.0000000E+00
+1.8560000E+02	+1.0723511E-07	+0.0000000E+00
+1.8600000E+02	+1.1111046E-07	+0.0000000E+00
+1.8640000E+02	+1.1319944E-07	+0.0000000E+00
+1.8680000E+02	+1.0753598E-07	+0.0000000E+00
+1.8720000E+02	+9.1597824E-08	+0.0000000E+00
+1.8760000E+02	+6.2965235E-08	+0.0000000E+00
+1.8800000E+02	+7.3787281E-08	+0.0000000E+00
+1.8840000E+02	+8.8224570E-08	+0.0000000E+00
+1.8880000E+02	+9.4219701E-08	+0.0000000E+00
+1.8920000E+02	+1.1030531E-07	+0.0000000E+00
+1.8960000E+02	+1.1612802E-07	+0.0000000E+00
+1.9000000E+02	+9.7957057E-08	+0.0000000E+00
+1.9040000E+02	+6.2624376E-08	+0.0000000E+00
+1.9080000E+02	+5.0524449E-08	+0.0000000E+00
+1.9120000E+02	+6.4762669E-08	+0.0000000E+00
+1.9160000E+02	+1.0824356E-07	+0.0000000E+00
+1.9200000E+02	+1.3185591E-07	+0.0000000E+00
+1.9240000E+02	+1.3165399E-07	+0.0000000E+00
+1.9280000E+02	+1.1237352E-07	+0.0000000E+00
+1.9320000E+02	+8.6177540E-08	+0.0000000E+00
+1.9360000E+02	+7.1238847E-08	+0.0000000E+00
+1.9400000E+02	+8.0631425E-08	+0.0000000E+00
+1.9440000E+02	+9.0180529E-08	+0.0000000E+00
+1.9480000E+02	+8.9687709E-08	+0.0000000E+00
+1.9520000E+02	+8.8823267E-08	+0.0000000E+00
+1.9560000E+02	+1.0143368E-07	+0.0000000E+00
+1.9600000E+02	+1.0499792E-07	+0.0000000E+00
+1.9640000E+02	+8.6827628E-08	+0.0000000E+00
+1.9680000E+02	+6.9682151E-08	+0.0000000E+00
+1.9720000E+02	+6.0000224E-08	+0.0000000E+00
+1.9760000E+02	+8.4357101E-08	+0.0000000E+00
+1.9800000E+02	+1.3060212E-07	+0.0000000E+00
+1.9840000E+02	+1.5271171E-07	+0.0000000E+00
+1.9880000E+02	+1.4656826E-07	+0.0000000E+00
+1.9920000E+02	+1.1628119E-07	+0.0000000E+00
+1.9960000E+02	+7.4708094E-08	+0.0000000E+00
+2.0000000E+02	+5.1141122E-08	+0.0000000E+00
+2.0040000E+02	+6.9264826E-08	+0.0000000E+00
+2.0080000E+02	+9.3720820E-08	+0.0000000E+00
+2.0120000E+02	+1.0463301E-07	+0.0000000E+00
+2.0160000E+02	+9.9100508E-08	+0.0000000E+00
+2.0200000E+02	+7.9885468E-08	+0.0000000E+00
+2.0240000E+02	+5.3978085E-08	+0.0000000E+00
+2.0280000E+02	+3.9180373E-08	+0.0000000E+00
+2.0320000E+02	+4.9252675E-08	+0.0000000E+00
+2.0360000E+02	+6.4872637E-08	+0.0000000E+00
+2.0400000E+02	+7.2269476E-08	+0.0000000E+00
+2.0440000E+02	+7.4708289E-08	+0.0000000E+00
+2.0480000E+02	+8.9962726E-08	+0.0000000E+00
+2.0520000E+02	+9.6383335E-08	+0.0000000E+00
+2.0560000E+02	+9.0292008E-08	+0.0000000E+00
+2.0600000E+02	+7.4865034E-08	+0.0000000E+00
+2.0640000E+02	+6.2510391E-08	+0.0000000E+00
+2.0680000E+02	+7.7368387E-08	+0.0000000E+00
+2.0720000E+02	+1.0495937E-07	+0.0000000E+00
+2.0760000E+02	+1.1868318E-07	+0.0000000E+00
+2.0800000E+02	+1.0978998E-07	+0.0000000E+00
+2.0840000E+02	+8.1870202E-08	+0.0000000E+00
+2.0880000E+02	+6.9792485E-08	+0.0000000E+00
+2.0920000E+02	+6.6471490E-08	+0.0000000E+00
+2.0960000E+02	+7.1717354E-08	+0.0000000E+00
+2.1000000E+02	+7.3986514E-08	+0.0000000E+00
+2.1040000E+02	+6.8624452E-08	+0.0000000E+00
+2.1080000E+02	+6.4337205E-08	+0.0000000E+00
+2.1120000E+02	+7.1515051E-08	+0.0000000E+00
+2.1160000E+02	+8.4564541E-08	+0.0000000E+00
+2.1200000E+02	+8.2197898E-08	+0.0000000E+00
+2.1240000E+02	+6.4068630E-08	+0.0000000E+00
+2.1280000E+02	+5.7642375E-08	+0.0000000E+00
+2.1320000E+02	+8.4920082E-08	+0.0000000E+00
+2.1360000E+02	+1.1648445E-07	+0.0000000E+00
+2.1400000E+02	+1.3044714E-07	+0.0000000E+00
+2.1440000E+02	+1.2003476E-07	+0.0000000E+00
+2.1480000E+02	+9.0234285E-08	+0.0000000E+00
+2.1520000E+02	+5.6107576E-08	+0.0000000E+00
+2.1560000E+02	+4.8115866E-08	+0.0000000E+00
+2.1600000E+02	+6.5145848E-08	+0.0000000E+00
+2.1640000E+02	+6.5704502E-08	+0.0000000E+00
+2.1680000E+02	+4.9068778E-08	+0.0000000E+00
+2.1720000E+02	+4.6565379E-08	+0.0000000E+00
+2.1760000E+02	+6.0961921E-08	+0.0000000E+00
+2.1800000E+02	+7.1082634E-08	+0.0000000E+00
+2.1840000E+02	+6.7493379E-08	+0.0000000E+00
+2.1880000E+02	+5.1062106E-08	+0.0000000E+00
+2.1920000E+02	+5.3913526E-08	+0.0000000E+00
+2.1960000E+02	+7.4375599E-08	+0.0000000E+00
+2.2000000E+02	+8.8005315E-08	+0.0000000E+00
+2.2040000E+02	+8.4651165E-08	+0.0000000E+00
+2.2080000E+02	+7.0223496E-08	+0.0000000E+00
+2.2120000E+02	+6.5747179E-08	+0.0000000E+00
+2.2160000E+02	+8.0509517E-08	+0.0000000E+00
+2.2200000E+02	+9.8924773E-08	+0.0000000E+00
+2.2240000E+02	+1.0511442E-07	+0.0000000E+00
+2.2280000E+02	+9.8455609E-08	+0.0000000E+00
+2.2320000E+02	+8.8673616E-08	+0.0000000E+00
+2.2360000E+02	+8.5076193E-08	+0.0000000E+00
+2.2400000E+02	+7.9204704E-08	+0.0000000E+00
+2.2440000E+02	+6.4174684E-08	+0.0000000E+00
+2.2480000E+02	+4.9544895E-08	+0.0000000E+00
+2.2520000E+02	+4.5225976E-08	+0.0000000E+00
+2.2560000E+02	+5.6100759E-08	+0.0000000E+00
+2.2600000E+02	+6.5467446E-08	+0.0000000E+00
+2.2640000E+02	+6.8306168E-08	+0.0000000E+00
+2.2680000E+02	+8.9725557E-08	+0.0000000E+00
+2.2720000E+02	+1.0641336E-07	+0.0000000E+00
+2.2760000E+02	+1.0590618E-07	+0.0000000E+00
+2.2800000E+02	+9.2203236E-08	+0.0000000E+00
+2.2840000E+02	+7.6705319E-08	+0.0000000E+00
+2.2880000E+02	+7.1389556E-08	+0.0000000E+00
+2.2920000E+02	+8.7043037E-08	+0.0000000E+00
+2.2960000E+02	+9.5345686E-08	+0.0000000E+00
+2.3000000E+02	+8.6069252E-08	+0.0000000E+00
+2.3040000E+02	+6.5941220E-08	+0.0000000E+00
+2.3080000E+02	+5.2887344E-08	+0.0000000E+00
+2.3120000E+02	+4.8604373E-08	+0.0000000E+00
+2.3160000E+02	+5.6022490E-08	+0.0000000E+00
+2.3200000E+02	+8.0786517E-08	+0.0000000E+00
+2.3240000E+02	+1.0196718E-07	+0.0000000E+00
+2.3280000E+02	+1.0757532E-07	+0.0000000E+00
+2.3320000E+02	+9.7733868E-08	+0.0000000E+00
+2.3360000E+02	+8.5846085E-08	+0.0000000E+00
+2.3400000E+02	+7.6018953E-08	+0.0000000E+00
+2.3440000E+02	+6.4868420E-08	+0.0000000E+00
+2.3480000E+02	+5.5082753E-08	+0.0000000E+00
+2.3520000E+02	+7.8150706E-08	+0.0000000E+00
+2.3560000E+02	+1.0519326E-07	+0.0000000E+00
+2.3600000E+02	+1.1585050E-07	+0.0000000E+00
+2.3640000E+02	+1.0893179E-07	+0.0000000E+00
+2.3680000E+02	+9.1322840E-08	+0.0000000E+00
+2.3720000E+02	+7.6119500E-08	+0.0000000E+00
+2.3760000E+02	+7.4390825E-08	+0.0000000E+00
+2.3800000E+02	+8.2058681E-08	+0.0000000E+00
+2.3840000E+02	+8.6690529E-08	+0.0000000E+00
+2.3880000E+02	+8.1250251E-08	+0.0000000E+00
+2.3920000E+02	+6.6173433E-08	+0.0000000E+00
+2.3960000E+02	+4.8983455E-08	+0.0000000E+00
+2.4000000E+02	+4.5596703E-08	+0.0000000E+00
+2.4040000E+02	+5.1091629E-08	+0.0000000E+00
+2.4080000E+02	+5.5481535E-08	+0.0000000E+00
+2.4120000E+02	+6.5994046E-08	+0.0000000E+00
+2.4160000E+02	+8.4879083E-08	+0.0000000E+00
+2.4200000E+02	+1.0197096E-07	+0.0000000E+00
+2.4240000E+02	+1.0877873E-07	+0.0000000E+00
+2.4280000E+02	+1.0214055E-07	+0.0000000E+00
+2.4320000E+02	+8.5408583E-08	+0.0000000E+00
+2.4360000E+02	+6.9962408E-08	+0.0000000E+00
+2.4400000E+02	+6.8847151E-08	+0.0000000E+00
+2.4440000E+02	+7.8327487E-08	+0.0000000E+00
+2.4480000E+02	+8.4472136E-08	+0.0000000E+00
+2.4520000E+02	+8.0227084E-08	+0.0000000E+00
+2.4560000E+02	+6.8756844E-08	+0.0000000E+00
+2.4600000E+02	+6.0963527E-08	+0.0000000E+00
+2.4640000E+02	+6.2196262E-08	+0.0000000E+00
+2.4680000E+02	+6.5710490E-08	+0.0000000E+00
+2.4720000E+02	+6.7859030E-08	+0.0000000E+00
+2.4760000E+02	+6.9471076E-08	+0.0000000E+00
+2.4800000E+02	+6.8955346E-08	+0.0000000E+00
+2.4840000E+02	+6.4361380E-08	+0.0000000E+00
+2.4880000E+02	+5.7925947E-08	+0.0000000E+00
+2.4920000E+02	+5.2582481E-08	+0.0000000E+00
+2.4960000E+02	+5.6418458E-08	+0.0000000E+00
+2.5000000E+02	+7.5477765E-08	+0.0000000E+00
+2.5040000E+02	+9.9280706E-08	+0.0000000E+00
+2.5080000E+02	+1.1419272E-07	+0.0000000E+00
+2.5120000E+02	+1.1373240E-07	+0.0000000E+00
+2.5160000E+02	+9.8575237E-08	+0.0000000E+00
+2.5200000E+02	+7.4812343E-08	+0.0000000E+00
+2.5240000E+02	+5.2183316E-08	+0.0000000E+00
+2.5280000E+02	+4.0383494E-08	+0.0000000E+00
+2.5320000E+02	+4.3202229E-08	+0.0000000E+00
+2.5360000E+02	+5.3899871E-08	+0.0000000E+00
+2.5400000E+02	+5.9609429E-08	+0.0000000E+00
+2.5440000E+02	+5.9758232E-08	+0.0000000E+00
+2.5480000E+02	+5.6358091E-08	+0.0000000E+00
+2.5520000E+02	+5.3794066E-08	+0.0000000E+00
+2.5560000E+02	+5.7062013E-08	+0.0000000E+00
+2.5600000E+02	+6.6657877E-08	+0.0000000E+00
+2.5640000E+02	+7.8041955E-08	+0.0000000E+00
+2.5680000E+02	+8.6066264E-08	+0.0000000E+00
+2.5720000E+02	+8.7139163E-08	+0.0000000E+00
+2.5760000E+02	+8.0238359E-08	+0.0000000E+00
+2.5800000E+02	+6.8217568E-08	+0.0000000E+00
+2.5840000E+02	+5.9228778E-08	+0.0000000E+00
+2.5880000E+02	+6.0656251E-08	+0.0000000E+00
+2.5920000E+02	+6.6106374E-08	+0.0000000E+00
+2.5960000E+02	+6.9488844E-08	+0.0000000E+00
+2.6000000E+02	+6.8879238E-08	+0.0000000E+00
+2.6040000E+02	+6.6089238E-08	+0.0000000E+00
+2.6080000E+02	+6.3450085E-08	+0.0000000E+00
+2.6120000E+02	+5.7412469E-08	+0.0000000E+00
+2.6160000E+02	+4.8404955E-08	+0.0000000E+00
+2.6200000E+02	+4.4870717E-08	+0.0000000E+00
+2.6240000E+02	+4.8624197E-08	+0.0000000E+00
+2.6280000E+02	+5.1922542E-08	+0.0000000E+00
+2.6320000E+02	+5.4788979E-08	+0.0000000E+00
+2.6360000E+02	+6.2859085E-08	+0.0000000E+00
+2.6400000E+02	+7.4591324E-08	+0.0000000E+00
+2.6440000E+02	+8.0345960E-08	+0.0000000E+00
+2.6480000E+02	+7.6292531E-08	+0.0000000E+00
+2.6520000E+02	+6.6067056E-08	+0.0000000E+00
+2.6560000E+02	+5.8686066E-08	+0.0000000E+00
+2.6600000E+02	+5.9530801E-08	+0.0000000E+00
+2.6640000E+02	+6.3212924E-08	+0.0000000E+00
+2.6680000E+02	+6.1802374E-08	+0.0000000E+00
+2.6720000E+02	+5.2925438E-08	+0.0000000E+00
+2.6760000E+02	+4.0463658E-08	+0.0000000E+00
+2.6800000E+02	+3.2085821E-08	+0.0000000E+00
+2.6840000E+02	+3.0393702E-08	+0.0000000E+00
+2.6880000E+02	+2.9740132E-08	+0.0000000E+00
+2.6920000E+02	+3.2466397E-08	+0.0000000E+00
+2.6960000E+02	+3.9046840E-08	+0.0000000E+00
+2.7000000E+02	+4.6904185E-08	+0.0000000E+00
+2.7040000E+02	+5.1475233E-08	+0.0000000E+00
+2.7080000E+02	+4.7601679E-08	+0.0000000E+00
+2.7120000E+02	+3.5554199E-08	+0.0000000E+00
+2.7160000E+02	+3.8209036E-08	+0.0000000E+00
+2.7200000E+02	+5.1867260E-08	+0.0000000E+00
+2.7240000E+02	+7.0353055E-08	+0.0000000E+00
+2.7280000E+02	+8.3187012E-08	+0.0000000E+00
+2.7320000E+02	+8.4561983E-08	+0.0000000E+00
+2.7360000E+02	+7.4542142E-08	+0.0000000E+00
+2.7400000E+02	+5.7953578E-08	+0.0000000E+00
+2.7440000E+02	+4.3005278E-08	+0.0000000E+00
+2.7480000E+02	+3.7087896E-08	+0.0000000E+00
+2.7520000E+02	+3.7885728E-08	+0.0000000E+00
+2.7560000E+02	+4.0818420E-08	+0.0000000E+00
+2.7600000E+02	+4.3360760E-08	+0.0000000E+00
+2.7640000E+02	+4.3924833E-08	+0.0000000E+00
+2.7680000E+02	+4.0465024E-08	+0.0000000E+00
+2.7720000E+02	+3.2123610E-08	+0.0000000E+00
+2.7760000E+02	+2.8730653E-08	+0.0000000E+00
+2.7800000E+02	+3.9832404E-08	+0.0000000E+00
+2.7840000E+02	+5.8097089E-08	+0.0000000E+00
+2.7880000E+02	+7.0888834E-08	+0.0000000E+00
+2.7920000E+02	+7.2168709E-08	+0.0000000E+00
+2.7960000E+02	+6.1447916E-08	+0.0000000E+00
+2.8000000E+02	+4.2619703E-08	+0.0000000E+00
+2.8040000E+02	+2.4135836E-08	+0.0000000E+00
+2.8080000E+02	+2.6615211E-08	+0.0000000E+00
+2.8120000E+02	+4.0754885E-08	+0.0000000E+00
+2.8160000E+02	+4.9036850E-08	+0.0000000E+00
+2.8200000E+02	+4.9757770E-08	+0.0000000E+00
+2.8240000E+02	+4.5136888E-08	+0.0000000E+00
+2.8280000E+02	+3.8665870E-08	+0.0000000E+00
+2.8320000E+02	+3.1723803E-08	+0.0000000E+00
+2.8360000E+02	+2.5674178E-08	+0.0000000E+00
+2.8400000E+02	+2.5837737E-08	+0.0000000E+00
+2.8440000E+02	+3.2789599E-08	+0.0000000E+00
+2.8480000E+02	+4.0222487E-08	+0.0000000E+00
+2.8520000E+02	+4.2081889E-08	+0.0000000E+00
+2.8560000E+02	+3.5247232E-08	+0.0000000E+00
+2.8600000E+02	+2.0565713E-08	+0.0000000E+00
+2.8640000E+02	+1.8234916E-08	+0.0000000E+00
+2.8680000E+02	+3.5910463E-08	+0.0000000E+00
+2.8720000E+02	+5.4962791E-08	+0.0000000E+00
+2.8760000E+02	+6.6373899E-08	+0.0000000E+00
+2.8800000E+02	+6.7056375E-08	+0.0000000E+00
+2.8840000E+02	+5.7472325E-08	+0.0000000E+00
+2.8880000E+02	+4.1818334E-08	+0.0000000E+00
+2.8920000E+02	+3.0408610E-08	+0.0000000E+00
+2.8960000E+02	+2.4534083E-08	+0.0000000E+00
+2.9000000E+02	+2.4910583E-08	+0.0000000E+00
+2.9040000E+02	+2.8390501E-08	+0.0000000E+00
+2.9080000E+02	+3.2020642E-08	+0.0000000E+00
+2.9120000E+02	+3.3630301E-08	+0.0000000E+00
+2.9160000E+02	+3.0472275E-08	+0.0000000E+00
+2.9200000E+02	+2.7117612E-08	+0.0000000E+00
+2.9240000E+02	+3.0276887E-08	+0.0000000E+00
+2.9280000E+02	+3.1826348E-08	+0.0000000E+00
+2.9320000E+02	+3.0735613E-08	+0.0000000E+00
+2.9360000E+02	+2.8826025E-08	+0.0000000E+00
+2.9400000E+02	+2.9196423E-08	+0.0000000E+00
+2.9440000E+02	+3.1271367E-08	+0.0000000E+00
+2.9480000E+02	+3.2692714E-08	+0.0000000E+00
+2.9520000E+02	+3.4283080E-08	+0.0000000E+00
+2.9560000E+02	+3.6091177E-08	+0.0000000E+00
+2.9600000E+02	+3.6681440E-08	+0.0000000E+00
+2.9640000E+02	+3.5336110E-08	+0.0000000E+00
+2.9680000E+02	+3.2076556E-08	+0.0000000E+00
+2.9720000E+02	+2.9229713E-08	+0.0000000E+00
+2.9760000E+02	+2.8013358E-08	+0.0000000E+00
+2.9800000E+02	+2.5157107E-08	+0.0000000E+00
+2.9840000E+02	+1.9044991E-08	+0.0000000E+00
+2.9880000E+02	+1.7094625E-08	+0.0000000E+00
+2.9920000E+02	+1.6346646E-08	+0.0000000E+00
+2.9960000E+02	+1.8941523E-08	+0.0000000E+00
+3.0000000E+02	+2.4355410E-08	+0.0000000E+00
+3.0040000E+02	+3.3058472E-08	+0.0000000E+00
+3.0080000E+02	+3.8368783E-08	+0.0000000E+00
+3.0120000E+02	+3.9187249E-08	+0.0000000E+00
+3.0160000E+02	+3.6329242E-08	+0.0000000E+00
+3.0200000E+02	+3.0431088E-08	+0.0000000E+00
+3.0240000E+02	+2.2339045E-08	+0.0000000E+00
+3.0280000E+02	+1.7417167E-08	+0.0000000E+00
+3.0320000E+02	+1.9821811E-08	+0.0000000E+00
+3.0360000E+02	+2.8061468E-08	+0.0000000E+00
+3.0400000E+02	+3.1315007E-08	+0.0000000E+00
+3.0440000E+02	+2.9004713E-08	+0.0000000E+00
+3.0480000E+02	+2.3779050E-08	+0.0000000E+00
+3.0520000E+02	+1.6121118E-08	+0.0000000E+00
+3.0560000E+02	+2.1761877E-08	+0.0000000E+00
+3.0600000E+02	+2.3496745E-08	+0.0000000E+00
+3.0640000E+02	+2.9271853E-08	+0.0000000E+00
+3.0680000E+02	+3.9582004E-08	+0.0000000E+00
+3.0720000E+02	+4.2906857E-08	+0.0000000E+00
+3.0760000E+02	+3.6689689E-08	+0.0000000E+00
+3.0800000E+02	+2.1787705E-08	+0.0000000E+00
+3.0840000E+02	+2.3245638E-09	+0.0000000E+00
+3.0880000E+02	+1.8112991E-08	+0.0000000E+00
+3.0920000E+02	+3.2579599E-08	+0.0000000E+00
+3.0960000E+02	+3.8197904E-08	+0.0000000E+00
+3.1000000E+02	+3.4346574E-08	+0.0000000E+00
+3.1040000E+02	+2.3543059E-08	+0.0000000E+00
+3.1080000E+02	+1.1390399E-08	+0.0000000E+00
+3.1120000E+02	+1.0178164E-08	+0.0000000E+00
+3.1160000E+02	+1.5375691E-08	+0.0000000E+00
+3.1200000E+02	+1.7282101E-08	+0.0000000E+00
+3.1240000E+02	+1.6444057E-08	+0.0000000E+00
+3.1280000E+02	+1.9270864E-08	+0.0000000E+00
+3.1320000E+02	+2.5420436E-08	+0.0000000E+00
+3.1360000E+02	+2.5933867E-08	+0.0000000E+00
+3.1400000E+02	+1.9661409E-08	+0.0000000E+00
+3.1440000E+02	+1.3106886E-08	+0.0000000E+00
+3.1480000E+02	+2.0435424E-08	+0.0000000E+00
+3.1520000E+02	+3.4884895E-08	+0.0000000E+00
+3.1560000E+02	+4.2710316E-08	+0.0000000E+00
+3.1600000E+02	+4.0425147E-08	+0.0000000E+00
+3.1640000E+02	+2.8631038E-08	+0.0000000E+00
+3.1680000E+02	+1.7472492E-08	+0.0000000E+00
+3.1720000E+02	+1.6634823E-08	+0.0000000E+00
+3.1760000E+02	+2.5557300E-08	+0.0000000E+00
+3.1800000E+02	+3.0236601E-08	+0.0000000E+00
+3.1840000E+02	+2.6297447E-08	+0.0000000E+00
+3.1880000E+02	+1.7479028E-08	+0.0000000E+00
+3.1920000E+02	+1.2534937E-08	+0.0000000E+00
+3.1960000E+02	+1.7113078E-08	+0.0000000E+00
+3.2000000E+02	+2.0494131E-08	+0.0000000E+00
+3.2040000E+02	+1.8936885E-08	+0.0000000E+00
+3.2080000E+02	+1.5790858E-08	+0.0000000E+00
+3.2120000E+02	+1.7338139E-08	+0.0000000E+00
+3.2160000E+02	+2.1041636E-08	+0.0000000E+00
+3.2200000E+02	+2.1146677E-08	+0.0000000E+00
+3.2240000E+02	+1.6637502E-08	+0.0000000E+00
+3.2280000E+02	+1.2815137E-08	+0.0000000E+00
+3.2320000E+02	+1.7813392E-08	+0.0000000E+00
+3.2360000E+02	+2.3686781E-08	+0.0000000E+00
+3.2400000E+02	+2.4610985E-08	+0.0000000E+00
+3.2440000E+02	+1.8555792E-08	+0.0000000E+00
+3.2480000E+02	+1.1382792E-08	+0.0000000E+00
+3.2520000E+02	+1.2981606E-08	+0.0000000E+00
+3.2560000E+02	+2.2216494E-08	+0.0000000E+00
+3.2600000E+02	+2.9782780E-08	+0.0000000E+00
+3.2640000E+02	+2.9281924E-08	+0.0000000E+00
+3.2680000E+02	+2.1029970E-08	+0.0000000E+00
+3.2720000E+02	+9.4578613E-09	+0.0000000E+00
+3.2760000E+02	+1.2796265E-08	+0.0000000E+00
+3.2800000E+02	+2.3681344E-08	+0.0000000E+00
+3.2840000E+02	+2.8993445E-08	+0.0000000E+00
+3.2880000E+02	+2.7138923E-08	+0.0000000E+00
+3.2920000E+02	+1.9980199E-08	+0.0000000E+00
+3.2960000E+02	+1.3895088E-08	+0.0000000E+00
+3.3000000E+02	+1.8009183E-08	+0.0000000E+00
+3.3040000E+02	+1.9559905E-08	+0.0000000E+00
+3.3080000E+02	+1.7083270E-08	+0.0000000E+00
+3.3120000E+02	+1.4242752E-08	+0.0000000E+00
+3.3160000E+02	+1.7449836E-08	+0.0000000E+00
+3.3200000E+02	+2.0979426E-08	+0.0000000E+00
+3.3240000E+02	+2.0800610E-08	+0.0000000E+00
+3.3280000E+02	+1.6115935E-08	+0.0000000E+00
+3.3320000E+02	+9.8707265E-09	+0.0000000E+00
+3.3360000E+02	+1.1739024E-08	+0.0000000E+00
+3.3400000E+02	+1.9647330E-08	+0.0000000E+00
+3.3440000E+02	+2.5843893E-08	+0.0000000E+00
+3.3480000E+02	+2.8080943E-08	+0.0000000E+00
+3.3520000E+02	+2.5812329E-08	+0.0000000E+00
+3.3560000E+02	+1.9554403E-08	+0.0000000E+00
+3.3600000E+02	+1.1895448E-08	+0.0000000E+00
+3.3640000E+02	+1.1801486E-08	+0.0000000E+00
+3.3680000E+02	+1.5696774E-08	+0.0000000E+00
+3.3720000E+02	+1.9745383E-08	+0.0000000E+00
+3.3760000E+02	+2.0202622E-08	+0.0000000E+00
+3.3800000E+02	+1.6710228E-08	+0.0000000E+00
+3.3840000E+02	+1.3071751E-08	+0.0000000E+00
+3.3880000E+02	+1.1234731E-08	+0.0000000E+00
+3.3920000E+02	+1.2551836E-08	+0.0000000E+00
+3.3960000E+02	+1.9705582E-08	+0.0000000E+00
+3.4000000E+02	+2.3893387E-08	+0.0000000E+00
+3.4040000E+02	+2.3203666E-08	+0.0000000E+00
+3.4080000E+02	+1.7743698E-08	+0.0000000E+00
+3.4120000E+02	+1.2659344E-08	+0.0000000E+00
+3.4160000E+02	+1.5029347E-08	+0.0000000E+00
+3.4200000E+02	+1.8771961E-08	+0.0000000E+00
+3.4240000E+02	+2.1087863E-08	+0.0000000E+00
+3.4280000E+02	+2.0619730E-08	+0.0000000E+00
+3.4320000E+02	+1.9734729E-08	+0.0000000E+00
+3.4360000E+02	+1.9664484E-08	+0.0000000E+00
+3.4400000E+02	+1.8056069E-08	+0.0000000E+00
+3.4440000E+02	+1.8268789E-08	+0.0000000E+00
+3.4480000E+02	+1.8242460E-08	+0.0000000E+00
+3.4520000E+02	+1.4875669E-08	+0.0000000E+00
+3.4560000E+02	+1.7298368E-08	+0.0000000E+00
+3.4600000E+02	+2.1025748E-08	+0.0000000E+00
+3.4640000E+02	+1.8784496E-08	+0.0000000E+00
+3.4680000E+02	+1.2334320E-08	+0.0000000E+00
+3.4720000E+02	+7.6236753E-09	+0.0000000E+00
+3.4760000E+02	+1.6522746E-08	+0.0000000E+00
+3.4800000E+02	+2.3098058E-08	+0.0000000E+00
+3.4840000E+02	+2.4283712E-08	+0.0000000E+00
+3.4880000E+02	+2.0668697E-08	+0.0000000E+00
+3.4920000E+02	+1.5985549E-08	+0.0000000E+00
+3.4960000E+02	+1.5572040E-08	+0.0000000E+00
+3.5000000E+02	+1.7654231E-08	+0.0000000E+00
+3.5040000E+02	+1.7203292E-08	+0.0000000E+00
+3.5080000E+02	+1.2944856E-08	+0.0000000E+00
+3.5120000E+02	+1.0225732E-08	+0.0000000E+00
+3.5160000E+02	+1.1606202E-08	+0.0000000E+00
+3.5200000E+02	+1.3458829E-08	+0.0000000E+00
+3.5240000E+02	+1.2709087E-08	+0.0000000E+00
+3.5280000E+02	+1.1811617E-08	+0.0000000E+00
+3.5320000E+02	+1.4113364E-08	+0.0000000E+00
+3.5360000E+02	+1.7812234E-08	+0.0000000E+00
+3.5400000E+02	+2.2029809E-08	+0.0000000E+00
+3.5440000E+02	+2.1824927E-08	+0.0000000E+00
+3.5480000E+02	+1.6012982E-08	+0.0000000E+00
+3.5520000E+02	+8.0420291E-09	+0.0000000E+00
+3.5560000E+02	+1.3126135E-08	+0.0000000E+00
+3.5600000E+02	+2.2500735E-08	+0.0000000E+00
+3.5640000E+02	+2.7189954E-08	+0.0000000E+00
+3.5680000E+02	+2.5290610E-08	+0.0000000E+00
+3.5720000E+02	+1.7818094E-08	+0.0000000E+00
+3.5760000E+02	+1.0119212E-08	+0.0000000E+00
+3.5800000E+02	+1.0901949E-08	+0.0000000E+00
+3.5840000E+02	+1.5325019E-08	+0.0000000E+00
+3.5880000E+02	+1.6115230E-08	+0.0000000E+00
+3.5920000E+02	+1.3825902E-08	+0.0000000E+00
+3.5960000E+02	+1.3351080E-08	+0.0000000E+00
+3.6000000E+02	+1.1603851E-08	+0.0000000E+00
+3.6040000E+02	+1.1742768E-08	+0.0000000E+00
+3.6080000E+02	+1.3762549E-08	+0.0000000E+00
+3.6120000E+02	+1.3081279E-08	+0.0000000E+00
+3.6160000E+02	+1.3597486E-08	+0.0000000E+00
+3.6200000E+02	+1.7307541E-08	+0.0000000E+00
+3.6240000E+02	+2.0697206E-08	+0.0000000E+00
+3.6280000E+02	+2.0810715E-08	+0.0000000E+00
+3.6320000E+02	+1.6928407E-08	+0.0000000E+00
+3.6360000E+02	+1.0748578E-08	+0.0000000E+00
+3.6400000E+02	+8.7712776E-09	+0.0000000E+00
+3.6440000E+02	+1.3400450E-08	+0.0000000E+00
+3.6480000E+02	+1.6466473E-08	+0.0000000E+00
+3.6520000E+02	+1.5571599E-08	+0.0000000E+00
+3.6560000E+02	+1.1147685E-08	+0.0000000E+00
+3.6600000E+02	+8.8831667E-09	+0.0000000E+00
+3.6640000E+02	+9.2072807E-09	+0.0000000E+00
+3.6680000E+02	+9.9521381E-09	+0.0000000E+00
+3.6720000E+02	+1.0150546E-08	+0.0000000E+00
+3.6760000E+02	+8.8838907E-09	+0.0000000E+00
+3.6800000E+02	+8.3478167E-09	+0.0000000E+00
+3.6840000E+02	+1.0681985E-08	+0.0000000E+00
+3.6880000E+02	+1.4080944E-08	+0.0000000E+00
+3.6920000E+02	+1.4973996E-08	+0.0000000E+00
+3.6960000E+02	+1.3818332E-08	+0.0000000E+00
+3.7000000E+02	+1.2915736E-08	+0.0000000E+00
+3.7040000E+02	+1.4175203E-08	+0.0000000E+00
+3.7080000E+02	+1.5641893E-08	+0.0000000E+00
+3.7120000E+02	+1.4898915E-08	+0.0000000E+00
+3.7160000E+02	+1.1747497E-08	+0.0000000E+00
+3.7200000E+02	+9.7140585E-09	+0.0000000E+00
+3.7240000E+02	+1.0540021E-08	+0.0000000E+00
+3.7280000E+02	+1.1520275E-08	+0.0000000E+00
+3.7320000E+02	+1.1048006E-08	+0.0000000E+00
+3.7360000E+02	+8.1997333E-09	+0.0000000E+00
+3.7400000E+02	+7.2289635E-09	+0.0000000E+00
+3.7440000E+02	+7.7821916E-09	+0.0000000E+00
+3.7480000E+02	+9.6477534E-09	+0.0000000E+00
+3.7520000E+02	+1.2513544E-08	+0.0000000E+00
+3.7560000E+02	+1.2457175E-08	+0.0000000E+00
+3.7600000E+02	+1.0158922E-08	+0.0000000E+00
+3.7640000E+02	+8.3821688E-09	+0.0000000E+00
+3.7680000E+02	+1.0182757E-08	+0.0000000E+00
+3.7720000E+02	+1.3363207E-08	+0.0000000E+00
+3.7760000E+02	+1.4892509E-08	+0.0000000E+00
+3.7800000E+02	+1.3941616E-08	+0.0000000E+00
+3.7840000E+02	+1.1298269E-08	+0.0000000E+00
+3.7880000E+02	+8.7511705E-09	+0.0000000E+00
+3.7920000E+02	+7.1243138E-09	+0.0000000E+00
+3.7960000E+02	+6.2581452E-09	+0.0000000E+00
+3.8000000E+02	+6.3683973E-09	+0.0000000E+00
+3.8040000E+02	+8.4423014E-09	+0.0000000E+00
+3.8080000E+02	+9.1837712E-09	+0.0000000E+00
+3.8120000E+02	+8.0022227E-09	+0.0000000E+00
+3.8160000E+02	+7.3053884E-09	+0.0000000E+00
+3.8200000E+02	+6.9251957E-09	+0.0000000E+00
+3.8240000E+02	+5.8494292E-09	+0.0000000E+00
+3.8280000E+02	+5.6070989E-09	+0.0000000E+00
+3.8320000E+02	+9.2309760E-09	+0.0000000E+00
+3.8360000E+02	+1.3247322E-08	+0.0000000E+00
+3.8400000E+02	+1.5009123E-08	+0.0000000E+00
+3.8440000E+02	+1.3954687E-08	+0.0000000E+00
+3.8480000E+02	+1.0569813E-08	+0.0000000E+00
+3.8520000E+02	+6.7530065E-09	+0.0000000E+00
+3.8560000E+02	+6.2019014E-09	+0.0000000E+00
+3.8600000E+02	+7.9792422E-09	+0.0000000E+00
+3.8640000E+02	+8.5047176E-09	+0.0000000E+00
+3.8680000E+02	+8.0606997E-09	+0.0000000E+00
+3.8720000E+02	+7.2215916E-09	+0.0000000E+00
+3.8760000E+02	+5.4245906E-09	+0.0000000E+00
+3.8800000E+02	+5.4424958E-09	+0.0000000E+00
+3.8840000E+02	+6.9711698E-09	+0.0000000E+00
+3.8880000E+02	+6.9971257E-09	+0.0000000E+00
+3.8920000E+02	+6.5134825E-09	+0.0000000E+00
+3.8960000E+02	+7.1521686E-09	+0.0000000E+00
+3.9000000E+02	+8.5907231E-09	+0.0000000E+00
+3.9040000E+02	+8.9909600E-09	+0.0000000E+00
+3.9080000E+02	+7.9896892E-09	+0.0000000E+00
+3.9120000E+02	+6.9320817E-09	+0.0000000E+00
+3.9160000E+02	+7.7323448E-09	+0.0000000E+00
+3.9200000E+02	+9.5199715E-09	+0.0000000E+00
+3.9240000E+02	+1.0170852E-08	+0.0000000E+00
+3.9280000E+02	+8.7335377E-09	+0.0000000E+00
+3.9320000E+02	+5.4265681E-09	+0.0000000E+00
+3.9360000E+02	+4.0481358E-09	+0.0000000E+00
+3.9400000E+02	+4.6684210E-09	+0.0000000E+00
+3.9440000E+02	+6.3865666E-09	+0.0000000E+00
+3.9480000E+02	+6.9480174E-09	+0.0000000E+00
+3.9520000E+02	+6.4481717E-09	+0.0000000E+00
+3.9560000E+02	+5.8512574E-09	+0.0000000E+00
+3.9600000E+02	+5.6129684E-09	+0.0000000E+00
+3.9640000E+02	+7.6093169E-09	+0.0000000E+00
+3.9680000E+02	+8.7338159E-09	+0.0000000E+00
+3.9720000E+02	+8.6199378E-09	+0.0000000E+00
+3.9760000E+02	+7.8349214E-09	+0.0000000E+00
+3.9800000E+02	+7.2412508E-09	+0.0000000E+00
+3.9840000E+02	+6.9912157E-09	+0.0000000E+00
+3.9880000E+02	+6.2700582E-09	+0.0000000E+00
+3.9920000E+02	+5.6426075E-09	+0.0000000E+00
+3.9960000E+02	+5.8430618E-09	+0.0000000E+00
+4.0000000E+02	+5.5731467E-09	+0.0000000E+00
