+0.0000000E+00	-1.2499189E-12	+0.0000000E+00
+4.0000000E-01	+1.4300762E-13	+1.1898297E-12
+8.0000000E-01	+1.0223309E-12	-2.6780838E-13
+1.2000000E+00	-3.5512166E-13	-7.8134985E-13
+1.6000000E+00	-5.1099010E-13	+3.8666092E-13
+2.0000000E+00	+3.5095555E-13	+2.5312956E-13
+2.4000000E+00	+3.8811206E-14	-2.5022943E-13
+2.8000000E+00	-1.0388346E-13	+1.1419583E-13
+3.2000000E+00	+1.9905965E-13	-5.4710339E-14
+3.6000000E+00	-1.8786841E-13	-2.1647510E-13
+4.0000000E+00	-1.7337336E-13	+2.6572047E-13
+4.4000000E+00	+2.7520333E-13	+8.4191448E-14
+4.8000000E+00	-2.7793981E-14	-2.2193595E-13
+5.2000000E+00	-1.2487402E-13	+1.3251044E-13
+5.6000000E+00	+2.0010016E-13	+7.4388489E-15
+6.0000000E+00	-1.0977705E-13	-2.1095256E-13
+6.4000000E+00	-1.6394902E-13	+2.1138725E-13
+6.8000000E+00	+2.8503596E-13	+7.7978575E-14
+7.2000000E+00	-1.5206714E-14	-3.1824065E-13
+7.6000000E+00	-2.9843011E-13	+8.4154832E-14
+8.0000000E+00	+1.1076956E-13	+2.1793460E-13
+8.4000000E+00	+8.1761913E-14	-9.6860069E-14
+8.8000000E+00	-6.1017234E-14	+8.6896606E-14
+9.2000000E+00	+2.4836944E-13	+2.7654720E-14
+9.6000000E+00	+1.4078032E-14	-3.5703967E-13
+1.0000000E+01	-3.7754928E-13	-2.2304075E-14
+1.0400000E+01	-3.9649738E-14	+2.9991682E-13
+1.0800000E+01	+1.4646404E-13	+4.7393981E-14
+1.1200000E+01	+3.2657658E-14	+3.3341681E-14
+1.1600000E+01	+1.7881525E-13	+2.8296776E-15
+1.2000000E+01	+4.1604136E-14	-2.3877706E-13
+1.2400000E+01	-1.8913925E-13	-5.7563515E-14
+1.2800000E+01	-2.7884422E-14	+4.0899549E-14
+1.3200000E+01	-1.6392187E-13	-5.5740691E-14
+1.3600000E+01	-1.8148075E-13	+3.6629384E-13
+1.4000000E+01	+5.0878208E-13	+3.1962618E-13
+1.4400000E+01	+4.3167982E-13	-5.5252276E-13
+1.4800000E+01	-4.8769260E-13	-4.8274178E-13
+1.5200000E+01	-4.5284983E-13	+3.3523924E-13
+1.5600000E+01	+1.4035214E-13	+3.4378294E-13
+1.6000000E+01	+1.7963898E-13	+3.9895614E-14
+1.6400000E+01	+1.5139450E-13	-1.3930628E-15
+1.6800000E+01	+1.4297983E-13	-1.5693112E-13
+1.7200000E+01	-4.6228369E-14	-2.1054269E-13
+1.7600000E+01	-1.7512456E-13	-1.6020551E-13
+1.8000000E+01	-4.1477794E-13	+3.6286337E-14
+1.8400000E+01	-1.7681623E-13	+6.5406495E-13
+1.8800000E+01	+8.1577055E-13	+4.0863267E-13
+1.9200000E+01	+5.8842488E-13	-8.5746732E-13
+1.9600000E+01	-7.7156823E-13	-6.4849498E-13
+2.0000000E+01	-5.4577517E-13	+5.9075879E-13
+2.0400000E+01	+3.8007469E-13	+2.8052766E-13
+2.0800000E+01	-9.5275666E-14	-2.1597551E-13
+2.1200000E+01	-1.5806015E-13	+4.8580109E-13
+2.1600000E+01	+7.7666922E-13	+2.2341058E-13
+2.2000000E+01	+3.7460666E-13	-8.7220533E-13
+2.2400000E+01	-7.3272567E-13	-5.2881180E-13
+2.2800000E+01	-5.8752876E-13	+3.9715393E-13
+2.3200000E+01	-2.0706144E-14	+4.7743016E-13
+2.3600000E+01	+1.8617279E-13	+3.6507196E-13
+2.4000000E+01	+4.9132859E-13	+2.2309553E-13
+2.4400000E+01	+6.2758420E-13	-3.2072237E-13
+2.4800000E+01	+1.2506599E-13	-8.8775272E-13
+2.5200000E+01	-9.0162709E-13	-7.2502380E-13
+2.5600000E+01	-1.2976818E-12	+6.4843634E-13
+2.6000000E+01	+2.0238989E-13	+1.6644440E-12
+2.6400000E+01	+1.7134399E-12	+2.9087592E-13
+2.6800000E+01	+6.6701158E-13	-1.4391250E-12
+2.7200000E+01	-9.4245770E-13	-8.0404747E-13
+2.7600000E+01	-6.6729216E-13	+3.9244063E-13
+2.8000000E+01	-3.4895748E-14	+3.2026392E-13
+2.8400000E+01	-1.0184301E-13	+2.1596598E-13
+2.8800000E+01	+1.1579691E-13	+4.4440313E-13
+2.9200000E+01	+5.9001592E-13	+2.0991076E-13
+2.9600000E+01	+6.4351492E-13	-4.9814657E-13
+3.0000000E+01	-2.1479475E-13	-1.0507130E-12
+3.0400000E+01	-1.3244861E-12	-1.4825962E-13
+3.0800000E+01	-4.5428906E-13	+1.4136913E-12
+3.1200000E+01	+1.3304697E-12	+5.8713900E-13
+3.1600000E+01	+4.8743926E-13	-1.1386654E-12
+3.2000000E+01	-9.3011802E-13	-1.7100291E-13
+3.2400000E+01	+2.7297097E-13	+7.9643806E-13
+3.2800000E+01	+8.0241660E-13	-7.0196060E-13
+3.3200000E+01	-9.5427558E-13	-9.6585182E-13
+3.3600000E+01	-1.2483000E-12	+8.9154570E-13
+3.4000000E+01	+4.4147893E-13	+1.5611123E-12
+3.4400000E+01	+1.7890435E-12	+3.7001551E-13
+3.4800000E+01	+1.4094669E-12	-1.8284445E-12
+3.5200000E+01	-1.6297140E-12	-2.4581944E-12
+3.5600000E+01	-3.2664933E-12	+1.2278462E-12
+3.6000000E+01	+7.4490522E-13	+3.6272880E-12
+3.6400000E+01	+3.4458442E-12	-3.5638699E-13
+3.6800000E+01	-2.2798051E-13	-2.7786027E-12
+3.7200000E+01	-1.8219228E-12	+4.4436606E-13
+3.7600000E+01	+9.5983077E-13	+8.4927274E-13
+3.8000000E+01	+1.1666953E-13	-1.5961445E-12
+3.8400000E+01	-2.0961787E-12	+2.2840125E-13
+3.8800000E+01	+1.9760884E-13	+2.2182755E-12
+3.9200000E+01	+1.8364962E-12	+5.0778544E-14
+3.9600000E+01	+2.8505048E-13	-1.0052054E-12
+4.0000000E+01	+4.2643688E-14	-3.0533856E-13
+4.0400000E+01	-3.7505695E-14	-9.6898521E-13
+4.0800000E+01	-1.4519462E-12	-4.2492013E-13
+4.1200000E+01	-8.5092240E-13	+1.3098700E-12
+4.1600000E+01	+5.7935846E-13	+9.6483807E-13
+4.2000000E+01	+5.6600256E-13	+4.8531851E-13
+4.2400000E+01	+1.4946016E-12	+3.7282596E-13
+4.2800000E+01	+1.6691686E-12	-2.0597756E-12
+4.3200000E+01	-1.9341769E-12	-2.9741592E-12
+4.3600000E+01	-3.8827777E-12	+1.1084272E-12
+4.4000000E+01	-1.7506170E-13	+4.0729183E-12
+4.4400000E+01	+3.4240452E-12	+1.4946883E-12
+4.4800000E+01	+2.3857626E-12	-2.0726786E-12
+4.5200000E+01	-3.8315015E-13	-2.4951534E-12
+4.5600000E+01	-1.7033721E-12	-1.1596649E-12
+4.6000000E+01	-2.1029021E-12	+1.7329412E-13
+4.6400000E+01	-1.6921875E-12	+2.1750128E-12
+4.6800000E+01	+1.3823997E-12	+3.3724604E-12
+4.7200000E+01	+4.3941947E-12	-1.8521287E-14
+4.7600000E+01	+1.4229943E-12	-4.4861689E-12
+4.8000000E+01	-3.6713548E-12	-2.4085188E-12
+4.8400000E+01	-2.5485328E-12	+2.2613603E-12
+4.8800000E+01	+7.4956119E-13	+1.7435267E-12
+4.9200000E+01	+2.3694636E-13	+3.6497286E-13
+4.9600000E+01	+7.6261294E-13	+1.4516069E-12
+5.0000000E+01	+2.6984775E-12	-4.2856179E-13
+5.0400000E+01	+3.3352084E-13	-2.9982493E-12
+5.0800000E+01	-2.1570358E-12	-1.0127033E-12
+5.1200000E+01	-1.0916455E-12	+3.8183808E-13
+5.1600000E+01	-1.7747132E-12	+2.6337490E-13
+5.2000000E+01	-1.4217923E-12	+3.6014961E-12
+5.2400000E+01	+4.4827998E-12	+3.5427230E-12
+5.2800000E+01	+5.4408445E-12	-4.1243128E-12
+5.3200000E+01	-2.6636264E-12	-6.4551866E-12
+5.3600000E+01	-6.1706377E-12	+6.2055244E-13
+5.4000000E+01	-1.2951298E-12	+4.5823559E-12
+5.4400000E+01	+2.1102680E-12	+2.4445047E-12
+5.4800000E+01	+2.4881033E-12	+5.4374395E-13
+5.5200000E+01	+2.6411809E-12	-1.4955060E-12
+5.5600000E+01	+1.0182035E-13	-3.6602452E-12
+5.6000000E+01	-3.4616267E-12	-1.6893643E-12
+5.6400000E+01	-2.7046748E-12	+2.3086459E-12
+5.6800000E+01	+7.4270710E-13	+2.8358529E-12
+5.7200000E+01	+2.1114310E-12	+6.2955693E-13
+5.7600000E+01	+1.3517299E-12	-8.5773791E-13
+5.8000000E+01	+4.4676333E-13	-1.2567478E-12
+5.8400000E+01	-4.8785867E-13	-1.3544303E-12
+5.8800000E+01	-1.5969385E-12	-5.9130856E-13
+5.9200000E+01	-1.5502944E-12	+1.1506379E-12
+5.9600000E+01	+2.0885241E-13	+2.0457534E-12
+6.0000000E+01	+1.9233560E-12	+9.1263006E-13
+6.0400000E+01	+1.8914927E-12	-1.2437160E-12
+6.0800000E+01	-2.3963456E-13	-2.4933694E-12
+6.1200000E+01	-2.6204037E-12	-7.6733895E-13
+6.1600000E+01	-1.4585239E-12	+2.3120630E-12
+6.2000000E+01	+1.7123275E-12	+1.5940318E-12
+6.2400000E+01	+1.0624334E-12	-1.0216397E-12
+6.2800000E+01	-4.4695540E-13	+9.6681744E-14
+6.3200000E+01	+1.6955216E-12	+1.5572558E-13
+6.3600000E+01	+2.3610962E-13	-3.4266777E-12
+6.4000000E+01	-4.9189484E-12	-6.6814936E-13
+6.4400000E+01	-1.3156182E-12	+5.8171917E-12
+6.4800000E+01	+5.8726054E-12	+1.9496076E-12
+6.5200000E+01	+2.3080707E-12	-5.0189494E-12
+6.5600000E+01	-3.4064879E-12	-2.1811377E-12
+6.6000000E+01	-1.4963571E-12	+1.3741030E-12
+6.6400000E+01	-6.3969624E-13	+3.7005491E-13
+6.6800000E+01	-9.0263737E-13	+2.2218298E-12
+6.7200000E+01	+3.1034420E-12	+1.9258101E-12
+6.7600000E+01	+2.3279958E-12	-3.2290463E-12
+6.8000000E+01	-2.7500748E-12	-1.8913866E-12
+6.8400000E+01	-6.3578097E-13	+1.9464904E-12
+6.8800000E+01	+1.1093009E-12	-1.1774886E-12
+6.9200000E+01	-3.1262234E-12	-4.3254754E-13
+6.9600000E+01	+4.1724438E-14	+4.7637945E-12
+7.0000000E+01	+5.7602691E-12	-4.0585693E-13
+7.0400000E+01	-8.0873149E-13	-5.9957850E-12
+7.0800000E+01	-5.5738604E-12	+1.3560404E-12
+7.1200000E+01	+2.0354644E-12	+4.7550817E-12
+7.1600000E+01	+3.8428275E-12	-2.7011173E-12
+7.2000000E+01	-3.1244290E-12	-3.0693114E-12
+7.2400000E+01	-2.5260964E-12	+3.0891406E-12
+7.2800000E+01	+2.4892363E-12	+2.1614570E-12
+7.3200000E+01	+1.8379520E-12	-1.3880320E-12
+7.3600000E+01	-1.3529202E-14	-1.4199455E-12
+7.4000000E+01	-8.5172403E-13	-1.3086504E-12
+7.4400000E+01	-2.2592747E-12	+1.9440397E-13
+7.4800000E+01	-3.9098017E-13	+2.6282263E-12
+7.5200000E+01	+2.3800584E-12	+7.0493517E-13
+7.5600000E+01	+5.9027577E-13	-1.6612979E-12
+7.6000000E+01	-7.4885673E-13	-1.7094345E-15
+7.6400000E+01	+9.6076920E-13	-4.2447406E-14
+7.6800000E+01	-4.6369488E-13	-2.0669831E-12
+7.7200000E+01	-3.0172436E-12	+4.1492661E-13
+7.7600000E+01	-1.8621011E-14	+3.5318444E-12
+7.8000000E+01	+3.4430031E-12	+5.9058205E-13
+7.8400000E+01	+9.7440299E-13	-2.7594461E-12
+7.8800000E+01	-1.6783462E-12	-8.7967341E-13
+7.9200000E+01	-1.6765546E-13	+5.3271768E-13
+7.9600000E+01	-3.1687223E-13	-1.0758290E-12
+8.0000000E+01	-2.5436636E-12	+6.1459441E-13
+8.0400000E+01	+3.1787232E-13	+3.7970408E-12
+8.0800000E+01	+4.4187771E-12	+3.6582219E-13
+8.1200000E+01	+1.0412575E-12	-4.1773297E-12
+8.1600000E+01	-3.1349144E-12	-1.2767448E-12
+8.2000000E+01	-7.9342595E-13	+1.6464216E-12
+8.2400000E+01	+2.3545102E-13	-3.8445474E-13
+8.2800000E+01	-1.8908770E-12	+6.1379380E-13
+8.3200000E+01	+6.6719674E-13	+3.1250506E-12
+8.3600000E+01	+3.4778526E-12	-6.0932351E-14
+8.4000000E+01	+7.3214025E-13	-2.5942327E-12
+8.4400000E+01	-5.6127766E-13	-1.0907169E-12
+8.4800000E+01	-5.1889935E-13	-2.0684028E-12
+8.5200000E+01	-4.4453774E-12	-1.1086706E-12
+8.5600000E+01	-3.4419745E-12	+5.7302927E-12
+8.6000000E+01	+5.4209933E-12	+5.7489658E-12
+8.6400000E+01	+7.1812747E-12	-3.5654345E-12
+8.6800000E+01	-7.6752758E-13	-7.1091594E-12
+8.7200000E+01	-5.3873270E-12	-2.0231390E-12
+8.7600000E+01	-3.8565972E-12	+2.4377399E-12
+8.8000000E+01	-8.8938060E-13	+4.1250178E-12
+8.8400000E+01	+2.7667995E-12	+3.6220374E-12
+8.8800000E+01	+5.0161902E-12	-2.5643510E-13
+8.9200000E+01	+2.6051608E-12	-4.8084957E-12
+8.9600000E+01	-3.2758206E-12	-5.0044583E-12
+9.0000000E+01	-6.4016188E-12	+1.0883569E-12
+9.0400000E+01	-9.7236322E-13	+6.6793292E-12
+9.0800000E+01	+6.1105567E-12	+2.3098739E-12
+9.1200000E+01	+2.7074028E-12	-5.1804525E-12
+9.1600000E+01	-4.3536265E-12	-2.3565048E-12
+9.2000000E+01	-1.7283380E-12	+3.8891893E-12
+9.2400000E+01	+3.7724978E-12	+1.3568186E-12
+9.2800000E+01	+1.6273550E-12	-3.7744438E-12
+9.3200000E+01	-3.5948248E-12	-2.6481468E-12
+9.3600000E+01	-4.2367874E-12	+3.0185604E-12
+9.4000000E+01	+2.0197406E-12	+6.0063811E-12
+9.4400000E+01	+7.5033197E-12	-7.7987735E-13
+9.4800000E+01	+3.7489184E-13	-8.3424064E-12
+9.5200000E+01	-8.2999870E-12	-1.0848074E-12
+9.5600000E+01	-1.0735636E-12	+7.3496943E-12
+9.6000000E+01	+5.6458214E-12	+2.3672945E-13
+9.6400000E+01	-1.3177978E-12	-3.4698564E-12
+9.6800000E+01	-1.1575183E-12	+3.2819602E-12
+9.7200000E+01	+5.2071375E-12	-9.7802940E-13
+9.7600000E+01	-2.7119906E-12	-6.5997266E-12
+9.8000000E+01	-7.0353360E-12	+3.9480688E-12
+9.8400000E+01	+4.7210126E-12	+6.2675689E-12
+9.8800000E+01	+4.3029248E-12	-5.1585173E-12
+9.9200000E+01	-5.4136275E-12	-1.4164118E-12
+9.9600000E+01	+1.9036729E-12	+5.5925728E-12
+1.0000000E+02	+5.7083314E-12	-5.0709967E-12
+1.0040000E+02	-7.5432336E-12	-5.6818964E-12
+1.0080000E+02	-5.3928740E-12	+8.9457753E-12
+1.0120000E+02	+9.1377877E-12	+4.7574587E-12
+1.0160000E+02	+3.7968612E-12	-8.2037439E-12
+1.0200000E+02	-6.3831775E-12	-2.6614310E-12
+1.0240000E+02	-1.5951683E-12	+3.9745775E-12
+1.0280000E+02	+1.2553379E-12	+8.5319981E-13
+1.0320000E+02	+6.0750611E-13	+1.5537870E-12
+1.0360000E+02	+4.2767891E-12	-8.8244693E-13
+1.0400000E+02	-1.5483232E-12	-6.7445535E-12
+1.0440000E+02	-8.7638076E-12	+2.3749797E-12
+1.0480000E+02	+3.1211065E-12	+1.0119048E-11
+1.0520000E+02	+1.0613700E-11	-3.6207544E-12
+1.0560000E+02	-3.8323644E-12	-1.0134463E-11
+1.0600000E+02	-8.7093839E-12	+3.8340925E-12
+1.0640000E+02	+3.7726267E-12	+6.5315908E-12
+1.0680000E+02	+3.9348741E-12	-3.7901936E-12
+1.0720000E+02	-3.9595098E-12	-1.3265827E-12
+1.0760000E+02	+9.0139887E-13	+4.2492330E-12
+1.0800000E+02	+4.5285591E-12	-2.4571746E-12
+1.0840000E+02	-3.2065786E-12	-4.6059799E-12
+1.0880000E+02	-4.2885185E-12	+3.1917304E-12
+1.0920000E+02	+2.6086373E-12	+3.4447604E-12
+1.0960000E+02	+2.0557507E-12	-1.7504527E-12
+1.1000000E+02	-9.2889611E-13	-2.4026901E-13
+1.1040000E+02	+1.7551687E-12	+3.9087563E-13
+1.1080000E+02	+2.5067571E-13	-3.6046560E-12
+1.1120000E+02	-4.9824405E-12	-4.5824117E-13
+1.1160000E+02	-8.1807414E-13	+5.6543461E-12
+1.1200000E+02	+5.5524840E-12	+1.0596868E-12
+1.1240000E+02	+9.4208519E-13	-4.8042584E-12
+1.1280000E+02	-3.6985127E-12	-3.5829531E-13
+1.1320000E+02	+6.0014297E-13	+2.5935846E-12
+1.1360000E+02	+1.7959989E-12	-1.6491076E-12
+1.1400000E+02	-2.3944915E-12	-1.4537855E-12
+1.1440000E+02	-1.5067411E-12	+2.4676243E-12
+1.1480000E+02	+1.6661998E-12	+1.7161406E-12
+1.1520000E+02	+1.7656417E-12	-4.7333266E-14
+1.1560000E+02	+2.0654754E-12	-1.3960639E-12
+1.1600000E+02	-5.2188556E-13	-4.1686513E-12
+1.1640000E+02	-5.7306716E-12	-7.1676883E-13
+1.1680000E+02	-1.9884956E-12	+6.3581316E-12
+1.1720000E+02	+5.9190308E-12	+2.8803633E-12
+1.1760000E+02	+3.0439628E-12	-4.5824751E-12
+1.1800000E+02	-2.7636896E-12	-2.3258216E-12
+1.1840000E+02	-8.3664689E-13	+9.9511738E-13
+1.1880000E+02	-2.3290025E-13	-1.0640692E-12
+1.1920000E+02	-2.8626716E-12	+6.1165266E-13
+1.1960000E+02	+9.3456307E-14	+4.0344255E-12
+1.2000000E+02	+4.1904404E-12	+1.1079148E-12
+1.2040000E+02	+2.5894574E-12	-3.1848622E-12
+1.2080000E+02	-1.1531003E-12	-3.8768515E-12
+1.2120000E+02	-4.5507138E-12	-1.5259911E-12
+1.2160000E+02	-4.3284718E-12	+4.3459008E-12
+1.2200000E+02	+3.2011597E-12	+6.7127446E-12
+1.2240000E+02	+8.2398145E-12	-1.2543696E-12
+1.2280000E+02	+1.2048113E-12	-8.6572203E-12
+1.2320000E+02	-7.9327735E-12	-3.8037400E-12
+1.2360000E+02	-6.1563694E-12	+6.2411068E-12
+1.2400000E+02	+3.9175473E-12	+7.9213340E-12
+1.2440000E+02	+8.8467637E-12	-1.3960485E-12
+1.2480000E+02	+8.5806256E-13	-8.8060134E-12
+1.2520000E+02	-7.8261597E-12	-2.4181320E-12
+1.2560000E+02	-2.9701315E-12	+6.1022460E-12
+1.2600000E+02	+3.9818835E-12	+2.3860882E-12
+1.2640000E+02	+7.8025909E-13	-1.9053864E-12
+1.2680000E+02	-3.0061349E-13	+1.4792167E-12
+1.2720000E+02	+3.8288523E-12	-5.4460361E-13
+1.2760000E+02	-5.8776807E-13	-5.6448110E-12
+1.2800000E+02	-6.4277810E-12	+6.4484106E-14
+1.2840000E+02	-5.8223216E-13	+5.9790699E-12
+1.2880000E+02	+4.4962575E-12	+8.6614869E-13
+1.2920000E+02	+4.5969322E-13	-2.5352043E-12
+1.2960000E+02	-8.3330501E-13	+6.5027647E-13
+1.3000000E+02	+2.1287530E-12	+4.8560650E-14
+1.3040000E+02	+5.1293974E-13	-3.4110260E-12
+1.3080000E+02	-3.9367324E-12	-2.1028937E-12
+1.3120000E+02	-4.2876775E-12	+3.4055736E-12
+1.3160000E+02	+1.9417622E-12	+6.3425262E-12
+1.3200000E+02	+7.6409258E-12	-8.6555105E-14
+1.3240000E+02	+1.3895397E-12	-7.9025928E-12
+1.3280000E+02	-7.2908758E-12	-1.7829235E-12
+1.3320000E+02	-7.3861453E-13	+6.3191410E-12
+1.3360000E+02	+5.6105678E-12	-1.6016592E-12
+1.3400000E+02	-4.6465009E-12	-5.6200690E-12
+1.3440000E+02	-6.4406662E-12	+7.5734560E-12
+1.3480000E+02	+9.6229233E-12	+7.7739458E-12
+1.3520000E+02	+9.0668453E-12	-1.0344306E-11
+1.3560000E+02	-9.7012251E-12	-9.7428684E-12
+1.3600000E+02	-9.4199914E-12	+8.0122223E-12
+1.3640000E+02	+5.7772939E-12	+8.0247609E-12
+1.3680000E+02	+5.7702447E-12	-3.4832133E-12
+1.3720000E+02	-1.4741293E-12	-3.0327412E-12
+1.3760000E+02	-2.0419494E-13	-7.3597550E-14
+1.3800000E+02	-1.0936223E-12	-2.4048790E-12
+1.3840000E+02	-4.5781389E-12	+1.5505028E-12
+1.3880000E+02	+1.4015820E-12	+6.1423613E-12
+1.3920000E+02	+6.9099395E-12	-6.2647017E-13
+1.3960000E+02	+6.9860794E-13	-6.6721117E-12
+1.4000000E+02	-5.2648564E-12	-2.3381352E-12
+1.4040000E+02	-3.9018663E-12	+2.6803775E-12
+1.4080000E+02	-8.3746403E-13	+4.9372815E-12
+1.4120000E+02	+5.0813353E-12	+4.7759925E-12
+1.4160000E+02	+8.4430269E-12	-4.2064633E-12
+1.4200000E+02	-2.4919303E-12	-1.1140141E-11
+1.4240000E+02	-1.2356179E-11	+3.8243217E-13
+1.4280000E+02	-1.5543994E-12	+1.1906115E-11
+1.4320000E+02	+9.9635360E-12	+2.8159512E-12
+1.4360000E+02	+3.1246252E-12	-6.9799822E-12
+1.4400000E+02	-3.5290595E-12	-2.5012786E-12
+1.4440000E+02	-1.2314804E-12	+1.3788549E-13
+1.4480000E+02	-2.8349782E-12	-2.5380442E-13
+1.4520000E+02	-1.5330518E-12	+5.2418115E-12
+1.4560000E+02	+7.1087772E-12	+2.3288249E-12
+1.4600000E+02	+2.5812187E-12	-8.5473075E-12
+1.4640000E+02	-9.6534529E-12	-2.4441981E-12
+1.4680000E+02	-2.2135333E-12	+1.0431908E-11
+1.4720000E+02	+1.0769081E-11	+2.2124338E-12
+1.4760000E+02	+2.6696707E-12	-1.0463744E-11
+1.4800000E+02	-9.3078776E-12	-3.6261523E-12
+1.4840000E+02	-4.9002318E-12	+7.1954539E-12
+1.4880000E+02	+4.2246255E-12	+6.1286515E-12
+1.4920000E+02	+6.8786750E-12	-7.5322629E-13
+1.4960000E+02	+2.6258117E-12	-6.8012709E-12
+1.5000000E+02	-5.7740000E-12	-5.2004212E-12
+1.5040000E+02	-6.3244511E-12	+3.9767678E-12
+1.5080000E+02	+1.8612597E-12	+5.6164525E-12
+1.5120000E+02	+3.1003236E-12	-1.3236386E-14
+1.5160000E+02	+1.0479859E-12	+7.7216237E-13
+1.5200000E+02	+5.2367040E-12	-1.0570659E-12
+1.5240000E+02	-1.0060312E-13	-9.4354762E-12
+1.5280000E+02	-1.2661537E-11	-1.4171802E-12
+1.5320000E+02	-2.9283686E-12	+1.4537889E-11
+1.5360000E+02	+1.5067451E-11	+3.9103542E-12
+1.5400000E+02	+4.0620558E-12	-1.4545712E-11
+1.5440000E+02	-1.3386231E-11	-3.3767133E-12
+1.5480000E+02	-2.0904019E-12	+1.1942666E-11
+1.5520000E+02	+1.0403951E-11	+5.4327322E-13
+1.5560000E+02	-9.7226351E-13	-8.7962507E-12
+1.5600000E+02	-7.0693004E-12	+2.3036819E-12
+1.5640000E+02	+3.4360399E-12	+5.2048058E-12
+1.5680000E+02	+3.2806238E-12	-4.4137003E-12
+1.5720000E+02	-5.2441171E-12	-1.4568213E-12
+1.5760000E+02	+1.0103999E-13	+5.8467635E-12
+1.5800000E+02	+6.0791067E-12	-1.3081082E-12
+1.5840000E+02	-2.1975245E-12	-5.8225892E-12
+1.5880000E+02	-5.0731452E-12	+2.8808377E-12
+1.5920000E+02	+3.4520998E-12	+3.9752822E-12
+1.5960000E+02	+2.7701304E-12	-3.8944564E-12
+1.6000000E+02	-4.0528750E-12	-1.6790495E-12
+1.6040000E+02	-7.8641036E-13	+3.7031193E-12
+1.6080000E+02	+2.6919520E-12	-6.9798481E-15
+1.6120000E+02	-9.2163703E-13	-1.0768207E-12
+1.6160000E+02	+8.1784782E-13	+2.1489456E-12
+1.6200000E+02	+3.6866164E-12	-2.4767321E-12
+1.6240000E+02	-3.3865116E-12	-5.2526065E-12
+1.6280000E+02	-6.3403958E-12	+3.2664042E-12
+1.6320000E+02	+2.2276991E-12	+6.4123072E-12
+1.6360000E+02	+5.1559746E-12	-7.7595443E-13
+1.6400000E+02	+3.6377801E-13	-2.6878490E-12
+1.6440000E+02	+4.0062297E-13	-5.3698388E-13
+1.6480000E+02	+5.5463067E-13	-3.1960131E-12
+1.6520000E+02	-4.7703443E-12	-2.6975003E-12
+1.6560000E+02	-5.2157208E-12	+4.5263415E-12
+1.6600000E+02	+2.4401293E-12	+7.2147689E-12
+1.6640000E+02	+7.9245732E-12	+9.0258072E-13
+1.6680000E+02	+4.4987459E-12	-7.0024548E-12
+1.6720000E+02	-4.6709439E-12	-7.2777425E-12
+1.6760000E+02	-8.4734210E-12	+1.6330768E-12
+1.6800000E+02	-1.2004036E-12	+7.8746631E-12
+1.6840000E+02	+5.8607975E-12	+3.0604386E-12
+1.6880000E+02	+3.6039286E-12	-3.2156019E-12
+1.6920000E+02	-8.0160838E-13	-3.0197988E-12
+1.6960000E+02	-1.9183968E-12	-7.7095719E-13
+1.7000000E+02	-1.3495605E-12	+1.0547932E-12
+1.7040000E+02	+1.0031210E-12	+1.2442763E-12
+1.7080000E+02	+1.0421060E-12	-1.9163062E-12
+1.7120000E+02	-3.4673695E-12	-1.3181084E-12
+1.7160000E+02	-2.3695014E-12	+4.9917285E-12
+1.7200000E+02	+5.7669922E-12	+4.0839364E-12
+1.7240000E+02	+5.9921966E-12	-5.3119816E-12
+1.7280000E+02	-3.5822776E-12	-7.4754156E-12
+1.7320000E+02	-8.0319562E-12	+9.8624135E-13
+1.7360000E+02	-1.7775481E-12	+7.4867567E-12
+1.7400000E+02	+6.0549566E-12	+3.9865057E-12
+1.7440000E+02	+5.1495438E-12	-4.2382913E-12
+1.7480000E+02	-2.6069747E-12	-5.1487632E-12
+1.7520000E+02	-4.2197282E-12	+1.5683720E-12
+1.7560000E+02	+1.2252771E-12	+2.7964074E-12
+1.7600000E+02	+1.3048570E-12	-1.3812087E-12
+1.7640000E+02	-1.6796199E-12	-5.8505891E-15
+1.7680000E+02	+1.0453465E-12	+1.8016762E-12
+1.7720000E+02	+1.6227083E-12	-1.9173987E-12
+1.7760000E+02	-2.6582356E-12	-1.2519278E-12
+1.7800000E+02	-9.4117057E-13	+3.1777460E-12
+1.7840000E+02	+3.2324026E-12	+9.1600161E-13
+1.7880000E+02	+1.2227718E-12	-2.5306624E-12
+1.7920000E+02	-9.1036402E-13	-1.6776639E-12
+1.7960000E+02	-1.9514685E-12	-1.5054985E-12
+1.8000000E+02	-4.2661953E-12	+1.7524062E-12
+1.8040000E+02	+1.0146303E-12	+6.7053167E-12
+1.8080000E+02	+8.1737836E-12	+9.4654501E-15
+1.8120000E+02	+8.1274163E-13	-8.2965655E-12
+1.8160000E+02	-7.1360844E-12	-8.3727077E-13
+1.8200000E+02	+2.6817933E-13	+5.1811682E-12
+1.8240000E+02	+3.1569481E-12	-2.4567670E-12
+1.8280000E+02	-5.2541219E-12	-1.7330920E-12
+1.8320000E+02	-1.2564173E-12	+7.9157044E-12
+1.8360000E+02	+9.7102128E-12	+1.6254894E-12
+1.8400000E+02	+2.3621601E-12	-1.0208050E-11
+1.8440000E+02	-9.4479476E-12	-2.8465693E-12
+1.8480000E+02	-2.6086233E-12	+7.9069143E-12
+1.8520000E+02	+6.2854336E-12	+1.5442073E-12
+1.8560000E+02	-4.0411699E-14	-5.2017364E-12
+1.8600000E+02	-4.9288472E-12	+1.5739029E-12
+1.8640000E+02	+2.4870209E-12	+5.2881395E-12
+1.8680000E+02	+5.7429816E-12	-2.4797431E-12
+1.8720000E+02	-1.6682648E-12	-5.6478626E-12
+1.8760000E+02	-4.5417655E-12	+5.4718183E-13
+1.8800000E+02	-2.1476649E-13	+2.3584587E-12
+1.8840000E+02	-5.3364028E-13	+5.4214802E-14
+1.8880000E+02	-1.2536837E-12	+3.4728861E-12
+1.8920000E+02	+5.7600105E-12	+3.5061417E-12
+1.8960000E+02	+6.1594956E-12	-6.9156579E-12
+1.9000000E+02	-6.8334976E-12	-8.5467634E-12
+1.9040000E+02	-1.0127328E-11	+5.7743206E-12
+1.9080000E+02	+4.2188676E-12	+1.0662368E-11
+1.9120000E+02	+1.0249047E-11	-2.6568563E-12
+1.9160000E+02	-1.4108674E-12	-9.2131533E-12
+1.9200000E+02	-7.9226405E-12	+5.6902528E-13
+1.9240000E+02	+4.3447540E-14	+6.6154163E-12
+1.9280000E+02	+5.3211268E-12	+2.9000802E-13
+1.9320000E+02	+4.5238574E-13	-3.9068006E-12
+1.9360000E+02	-2.2143914E-12	-3.0067839E-13
+1.9400000E+02	+4.1853204E-13	+2.1370062E-13
+1.9440000E+02	-1.9125502E-12	-1.9241755E-12
+1.9480000E+02	-4.2365546E-12	+3.8008779E-12
+1.9520000E+02	+5.0475877E-12	+7.0803871E-12
+1.9560000E+02	+9.9140501E-12	-5.3938358E-12
+1.9600000E+02	-4.8657329E-12	-1.2086795E-11
+1.9640000E+02	-1.3064726E-11	+3.7966974E-12
+1.9680000E+02	+2.7115360E-12	+1.2630121E-11
+1.9720000E+02	+1.0965042E-11	-2.1161450E-12
+1.9760000E+02	-2.2835210E-12	-8.5777721E-12
+1.9800000E+02	-6.0991176E-12	+3.1334269E-12
+1.9840000E+02	+4.2648753E-12	+4.0344041E-12
+1.9880000E+02	+2.5789546E-12	-5.1333863E-12
+1.9920000E+02	-5.2984759E-12	-1.5787281E-12
+1.9960000E+02	-6.5391833E-13	+4.6315687E-12
+2.0000000E+02	+3.3878587E-12	-5.7051093E-13
+2.0040000E+02	-2.2339277E-12	-2.1034369E-12
+2.0080000E+02	-1.3567546E-12	+4.1188971E-12
+2.0120000E+02	+5.7033230E-12	+1.4967660E-12
+2.0160000E+02	+2.4597716E-12	-6.3720331E-12
+2.0200000E+02	-5.6998513E-12	-3.7625998E-12
+2.0240000E+02	-4.6847674E-12	+3.6808724E-12
+2.0280000E+02	+7.9621250E-13	+4.5687377E-12
+2.0320000E+02	+3.1122301E-12	+2.1209990E-12
+2.0360000E+02	+4.1771902E-12	-5.2507643E-13
+2.0400000E+02	+2.5223699E-12	-4.7500432E-12
+2.0440000E+02	-3.7223981E-12	-5.1442349E-12
+2.0480000E+02	-6.5787407E-12	+1.5185424E-12
+2.0520000E+02	-1.0744538E-12	+6.4809612E-12
+2.0560000E+02	+5.0452269E-12	+3.2259673E-12
+2.0600000E+02	+4.3862535E-12	-2.9056842E-12
+2.0640000E+02	-8.5900501E-13	-4.4779101E-12
+2.0680000E+02	-3.8739569E-12	-4.6928398E-13
+2.0720000E+02	-8.6840272E-13	+3.1761868E-12
+2.0760000E+02	+2.8969234E-12	+5.8901228E-13
+2.0800000E+02	+1.7416800E-13	-3.1922485E-12
+2.0840000E+02	-3.7737914E-12	-1.5394163E-13
+2.0880000E+02	-7.4772992E-13	+4.0466564E-12
+2.0920000E+02	+3.4168113E-12	+1.7189100E-12
+2.0960000E+02	+2.4604321E-12	-1.6285042E-12
+2.1000000E+02	+1.0303518E-12	-2.2843437E-12
+2.1040000E+02	-7.8943689E-13	-3.7660311E-12
+2.1080000E+02	-5.5660042E-12	-1.8652127E-12
+2.1120000E+02	-4.9227272E-12	+5.6259845E-12
+2.1160000E+02	+3.7346961E-12	+7.2707937E-12
+2.1200000E+02	+7.8822350E-12	-4.3846833E-13
+2.1240000E+02	+3.1072366E-12	-6.2742109E-12
+2.1280000E+02	-2.7824105E-12	-5.5597656E-12
+2.1320000E+02	-5.9214912E-12	-1.4878260E-12
+2.1360000E+02	-5.0397367E-12	+3.9601450E-12
+2.1400000E+02	+3.3078713E-13	+6.5555665E-12
+2.1440000E+02	+5.4298878E-12	+3.6673481E-12
+2.1480000E+02	+6.6107673E-12	-2.0392738E-12
+2.1520000E+02	+2.3767918E-12	-7.5363695E-12
+2.1560000E+02	-6.3426298E-12	-6.1886010E-12
+2.1600000E+02	-8.0158344E-12	+3.8300256E-12
+2.1640000E+02	+1.3543035E-12	+7.2712358E-12
+2.1680000E+02	+4.3803408E-12	-2.3341973E-13
+2.1720000E+02	-1.1595394E-12	-5.8312167E-13
+2.1760000E+02	+2.5996769E-12	+3.8711789E-12
+2.1800000E+02	+7.2331435E-12	-4.0090524E-12
+2.1840000E+02	-3.3253536E-12	-9.6980637E-12
+2.1880000E+02	-9.9580024E-12	+1.1780889E-12
+2.1920000E+02	-1.1558981E-12	+7.5101913E-12
+2.1960000E+02	+2.8951918E-12	+2.3315190E-12
+2.2000000E+02	+1.5379648E-12	+2.4954038E-12
+2.2040000E+02	+6.9612480E-12	+1.1376365E-12
+2.2080000E+02	+4.7418191E-12	-9.1567713E-12
+2.2120000E+02	-8.5982767E-12	-7.8646816E-12
+2.2160000E+02	-9.2467405E-12	+5.8075924E-12
+2.2200000E+02	+2.0435622E-12	+8.3177714E-12
+2.2240000E+02	+5.4354956E-12	+1.2513707E-12
+2.2280000E+02	+3.0451098E-12	-1.7253239E-12
+2.2320000E+02	+1.4034840E-12	-3.0972130E-12
+2.2360000E+02	-1.9751122E-12	-2.8515569E-12
+2.2400000E+02	-2.2763691E-12	+7.1639444E-13
+2.2440000E+02	+3.0185643E-13	+2.0478069E-13
+2.2480000E+02	-2.2279496E-12	-1.1809392E-12
+2.2520000E+02	-3.0600400E-12	+3.7901167E-12
+2.2560000E+02	+3.6894627E-12	+5.0417734E-12
+2.2600000E+02	+6.0455909E-12	-1.9023534E-12
+2.2640000E+02	+8.3855858E-13	-5.3171112E-12
+2.2680000E+02	-2.7978357E-12	-3.3819716E-12
+2.2720000E+02	-4.6653284E-12	-8.0814309E-13
+2.2760000E+02	-4.2991104E-12	+4.1684463E-12
+2.2800000E+02	+2.1202356E-12	+6.4567627E-12
+2.2840000E+02	+6.5364673E-12	+6.2219976E-13
+2.2880000E+02	+2.9593384E-12	-4.5596804E-12
+2.2920000E+02	-1.2898742E-12	-4.0254345E-12
+2.2960000E+02	-3.5476760E-12	-2.0899924E-12
+2.3000000E+02	-4.4553658E-12	+1.9381858E-12
+2.3040000E+02	+8.8755055E-14	+5.1699059E-12
+2.3080000E+02	+4.2918494E-12	+1.0328639E-12
+2.3120000E+02	+8.0429549E-13	-2.4831622E-12
+2.3160000E+02	-6.7681385E-13	+7.9441519E-13
+2.3200000E+02	+3.1923048E-12	-3.4227977E-13
+2.3240000E+02	-2.5796018E-13	-5.4915061E-12
+2.3280000E+02	-6.8585137E-12	-6.8744929E-13
+2.3320000E+02	-1.8592135E-12	+6.8667046E-12
+2.3360000E+02	+5.6424946E-12	+2.5624175E-12
+2.3400000E+02	+2.3803668E-12	-3.7603361E-12
+2.3440000E+02	-1.9462144E-12	-1.3629270E-12
+2.3480000E+02	+1.7096318E-14	+7.3373275E-13
+2.3520000E+02	+2.3393134E-13	-1.1115891E-12
+2.3560000E+02	-1.4259800E-12	-1.2302110E-13
+2.3600000E+02	+1.5190087E-13	+8.6986302E-13
+2.3640000E+02	-1.9210296E-13	-1.0522879E-12
+2.3680000E+02	-2.6706144E-12	+1.1156363E-12
+2.3720000E+02	+1.2972398E-12	+4.6346207E-12
+2.3760000E+02	+6.2473547E-12	-4.8717003E-13
+2.3800000E+02	+1.0579660E-12	-6.8052457E-12
+2.3840000E+02	-5.9490544E-12	-2.6644396E-12
+2.3880000E+02	-3.5420624E-12	+3.8805987E-12
+2.3920000E+02	+1.3334564E-12	+3.1644996E-12
+2.3960000E+02	+1.5536653E-12	+7.0495369E-13
+2.4000000E+02	+1.4079030E-12	+6.7162653E-13
+2.4040000E+02	+2.5211004E-12	-4.8059917E-13
+2.4080000E+02	+1.6806853E-12	-3.0476636E-12
+2.4120000E+02	-1.7763868E-12	-4.1229698E-12
+2.4160000E+02	-5.7188443E-12	-1.0422486E-12
+2.4200000E+02	-4.4761417E-12	+5.6401420E-12
+2.4240000E+02	+3.7211012E-12	+7.2488847E-12
+2.4280000E+02	+8.2395592E-12	-5.5100130E-13
+2.4320000E+02	+2.7509061E-12	-6.9395249E-12
+2.4360000E+02	-3.6730063E-12	-4.9893549E-12
+2.4400000E+02	-5.3866946E-12	-5.1614822E-13
+2.4440000E+02	-4.2699770E-12	+3.9064285E-12
+2.4480000E+02	+1.2664162E-12	+6.4489891E-12
+2.4520000E+02	+6.5717291E-12	+1.3675483E-12
+2.4560000E+02	+2.8803198E-12	-4.9793394E-12
+2.4600000E+02	-2.6587693E-12	-2.6869342E-12
+2.4640000E+02	-9.8780635E-13	+8.0252126E-13
+2.4680000E+02	+2.9411152E-13	-1.3116544E-12
+2.4720000E+02	-2.9856298E-12	-1.3389297E-12
+2.4760000E+02	-3.3965286E-12	+3.0149134E-12
+2.4800000E+02	+1.0326010E-12	+5.4396907E-12
+2.4840000E+02	+6.4241197E-12	+2.5017418E-12
+2.4880000E+02	+6.4742892E-12	-5.7615385E-12
+2.4920000E+02	-3.5880868E-12	-9.5625213E-12
+2.4960000E+02	-1.0764407E-11	+7.0997416E-13
+2.5000000E+02	-1.7495795E-12	+9.7865350E-12
+2.5040000E+02	+7.1287966E-12	+2.8460315E-12
+2.5080000E+02	+2.2319247E-12	-3.8358054E-12
+2.5120000E+02	-1.0302829E-12	-3.1124294E-13
+2.5160000E+02	+1.9407738E-12	-5.6254823E-13
+2.5200000E+02	-8.8945665E-13	-3.4142104E-12
+2.5240000E+02	-3.3641222E-12	+5.2485127E-13
+2.5280000E+02	+3.3480054E-13	+1.7499112E-12
+2.5320000E+02	-7.3931759E-13	-1.0094011E-12
+2.5360000E+02	-2.6841436E-12	+2.9879255E-12
+2.5400000E+02	+3.9525869E-12	+4.8313636E-12
+2.5440000E+02	+6.4798523E-12	-3.1345404E-12
+2.5480000E+02	-8.1240805E-13	-6.6690334E-12
+2.5520000E+02	-4.9324016E-12	-2.0719479E-12
+2.5560000E+02	-4.3270687E-12	+1.5848047E-12
+2.5600000E+02	-2.3294395E-12	+5.0421057E-12
+2.5640000E+02	+3.9959746E-12	+5.4209888E-12
+2.5680000E+02	+6.5154607E-12	-1.7595504E-12
+2.5720000E+02	+5.5897699E-13	-5.1485344E-12
+2.5760000E+02	-1.7780685E-12	-1.8154664E-12
+2.5800000E+02	-1.3555287E-12	-2.3851527E-12
+2.5840000E+02	-5.8614115E-12	-6.7143398E-13
+2.5880000E+02	-3.3539196E-12	+7.4966999E-12
+2.5920000E+02	+6.9151183E-12	+5.4027159E-12
+2.5960000E+02	+5.7124796E-12	-4.6378884E-12
+2.6000000E+02	-1.8229812E-12	-3.8551046E-12
+2.6040000E+02	-2.8782801E-13	-2.5618762E-13
+2.6080000E+02	-7.6318356E-13	-3.8168953E-12
+2.6120000E+02	-7.0478495E-12	-3.5752705E-13
+2.6160000E+02	-2.3898300E-12	+8.3330302E-12
+2.6200000E+02	+7.3714404E-12	+4.1962853E-12
+2.6240000E+02	+4.7484164E-12	-4.7361200E-12
+2.6280000E+02	-1.6092824E-12	-3.5997638E-12
+2.6320000E+02	-1.0933619E-12	-7.3120403E-13
+2.6360000E+02	-1.4503627E-12	-1.7853012E-12
+2.6400000E+02	-3.8425054E-12	+4.8977203E-13
+2.6440000E+02	-1.4410196E-12	+4.2058383E-12
+2.6480000E+02	+2.7177447E-12	+3.2032832E-12
+2.6520000E+02	+3.7452000E-12	-2.2803655E-14
+2.6560000E+02	+2.6883207E-12	-2.5700934E-12
+2.6600000E+02	+4.2896130E-14	-4.1684118E-12
+2.6640000E+02	-3.6292127E-12	-3.1555895E-12
+2.6680000E+02	-5.5695462E-12	+1.0673226E-12
+2.6720000E+02	-2.7322721E-12	+6.3329710E-12
+2.6760000E+02	+5.1396942E-12	+6.5110456E-12
+2.6800000E+02	+9.0341933E-12	-2.4540179E-12
+2.6840000E+02	+6.8616057E-13	-9.5621919E-12
+2.6880000E+02	-8.1048330E-12	-3.0995966E-12
+2.6920000E+02	-3.9410491E-12	+5.3616074E-12
+2.6960000E+02	+2.3855872E-12	+3.0288179E-12
+2.7000000E+02	+8.8748088E-13	-1.2230654E-13
+2.7040000E+02	+9.7681293E-13	+1.5047268E-12
+2.7080000E+02	+3.1497653E-12	-1.1040243E-12
+2.7120000E+02	-9.5051907E-13	-3.4562039E-12
+2.7160000E+02	-2.4758705E-12	+1.3380640E-12
+2.7200000E+02	+2.7940011E-12	+8.5217508E-13
+2.7240000E+02	-4.9327576E-13	-5.2605190E-12
+2.7280000E+02	-8.0705726E-12	+7.9594861E-13
+2.7320000E+02	-1.8720099E-13	+1.0206762E-11
+2.7360000E+02	+1.0735372E-11	+2.0466684E-12
+2.7400000E+02	+3.8842853E-12	-9.2289457E-12
+2.7440000E+02	-5.9916843E-12	-4.7049139E-12
+2.7480000E+02	-3.8675899E-12	+1.9833481E-12
+2.7520000E+02	-1.5347788E-12	+1.3982579E-12
+2.7560000E+02	-1.9776040E-12	+3.4883117E-12
+2.7600000E+02	+3.4089401E-12	+5.1052890E-12
+2.7640000E+02	+6.8658374E-12	-1.6073519E-12
+2.7680000E+02	+9.7399376E-13	-6.6408401E-12
+2.7720000E+02	-4.5784667E-12	-3.1661576E-12
+2.7760000E+02	-4.0645874E-12	+1.5441073E-12
+2.7800000E+02	-1.2275719E-12	+3.3963158E-12
+2.7840000E+02	+1.6076795E-12	+2.6346936E-12
+2.7880000E+02	+2.1532973E-12	+3.6225567E-13
+2.7920000E+02	+1.5210958E-12	-3.8226654E-14
+2.7960000E+02	+2.8032674E-12	-1.2816052E-12
+2.8000000E+02	+2.6240565E-13	-5.2083896E-12
+2.8040000E+02	-6.2543663E-12	-2.3645060E-12
+2.8080000E+02	-3.9471045E-12	+5.6405715E-12
+2.8120000E+02	+3.7963384E-12	+4.0766884E-12
+2.8160000E+02	+2.3864125E-12	-1.6736063E-12
+2.8200000E+02	-3.1967039E-13	+7.3776648E-13
+2.8240000E+02	+4.2890721E-12	+4.1835652E-13
+2.8280000E+02	+1.9981489E-12	-7.0348816E-12
+2.8320000E+02	-8.0076000E-12	-4.4299703E-12
+2.8360000E+02	-6.7097127E-12	+6.8852469E-12
+2.8400000E+02	+4.1051424E-12	+7.8974828E-12
+2.8440000E+02	+7.5201730E-12	-6.6955555E-13
+2.8480000E+02	+2.2672213E-12	-5.7636572E-12
+2.8520000E+02	-3.3754671E-12	-3.8514735E-12
+2.8560000E+02	-3.8324933E-12	+1.3258585E-12
+2.8600000E+02	+3.7913106E-13	+2.5952714E-12
+2.8640000E+02	+9.2318780E-13	-7.6346174E-13
+2.8680000E+02	-2.0819055E-12	+3.9365195E-13
+2.8720000E+02	+9.2591365E-13	+3.5007017E-12
+2.8760000E+02	+4.1303810E-12	-7.8570860E-13
+2.8800000E+02	-5.4380974E-13	-3.4323256E-12
+2.8840000E+02	-1.4732533E-12	+9.2458687E-13
+2.8880000E+02	+2.4182982E-12	-1.0839786E-12
+2.8920000E+02	-3.2516382E-12	-4.9874712E-12
+2.8960000E+02	-8.0044760E-12	+4.1366275E-12
+2.9000000E+02	+3.3304922E-12	+1.0458291E-11
+2.9040000E+02	+1.1352009E-11	-1.1031639E-12
+2.9080000E+02	+1.6852369E-12	-1.0128024E-11
+2.9120000E+02	-6.9407818E-12	-3.9228078E-12
+2.9160000E+02	-4.6976930E-12	+2.6552901E-12
+2.9200000E+02	-1.4402086E-12	+3.6773500E-12
+2.9240000E+02	+1.2565321E-12	+4.1016624E-12
+2.9280000E+02	+4.5946607E-12	+1.5916304E-12
+2.9320000E+02	+3.7057292E-12	-2.9723229E-12
+2.9360000E+02	-5.1846103E-14	-4.2114902E-12
+2.9400000E+02	-2.8889487E-12	-2.9050055E-12
+2.9440000E+02	-4.6834987E-12	+2.7890513E-13
+2.9480000E+02	-2.5196674E-12	+4.5854925E-12
+2.9520000E+02	+2.6903273E-12	+4.2840315E-12
+2.9560000E+02	+4.1608155E-12	+1.9652761E-13
+2.9600000E+02	+2.8849447E-12	-2.0183798E-12
+2.9640000E+02	+1.4861225E-12	-4.2921485E-12
+2.9680000E+02	-3.8846526E-12	-5.1547300E-12
+2.9720000E+02	-7.7133192E-12	+1.8904291E-12
+2.9760000E+02	-8.0358048E-13	+8.3058597E-12
+2.9800000E+02	+6.8190460E-12	+3.0236893E-12
+2.9840000E+02	+3.7955151E-12	-3.9079525E-12
+2.9880000E+02	-7.1654468E-13	-2.7421372E-12
+2.9920000E+02	-2.3120045E-13	-1.5879690E-12
+2.9960000E+02	-2.2732817E-12	-2.7856583E-12
+3.0000000E+02	-5.1684614E-12	+1.3059380E-12
+3.0040000E+02	-6.8051492E-13	+6.0500248E-12
+3.0080000E+02	+5.1692359E-12	+2.6884459E-12
+3.0120000E+02	+3.7921976E-12	-2.9419750E-12
+3.0160000E+02	-2.5023209E-13	-3.5175979E-12
+3.0200000E+02	-2.0061995E-12	-1.9492611E-12
+3.0240000E+02	-3.0215898E-12	-9.5745386E-14
+3.0280000E+02	-1.9614362E-12	+2.8843162E-12
+3.0320000E+02	+1.9801965E-12	+2.9671945E-12
+3.0360000E+02	+2.9610029E-12	-1.0174488E-12
+3.0400000E+02	-6.0617422E-13	-2.2986027E-12
+3.0440000E+02	-1.6385345E-12	+9.6245734E-13
+3.0480000E+02	+1.8161639E-12	+1.5978935E-12
+3.0520000E+02	+2.4329039E-12	-2.5616849E-12
+3.0560000E+02	-2.5774003E-12	-3.8950920E-12
+3.0600000E+02	-5.3316447E-12	+1.5611159E-12
+3.0640000E+02	-2.7935942E-13	+5.9852871E-12
+3.0680000E+02	+5.3562388E-12	+2.2755154E-12
+3.0720000E+02	+3.5725501E-12	-3.4585723E-12
+3.0760000E+02	-8.4927762E-13	-3.5099587E-12
+3.0800000E+02	-1.9378961E-12	-1.5900370E-12
+3.0840000E+02	-3.0271120E-12	-6.7649276E-13
+3.0880000E+02	-3.4083863E-12	+3.0450300E-12
+3.0920000E+02	+1.8367217E-12	+5.2396593E-12
+3.0960000E+02	+5.4765764E-12	-1.3703632E-13
+3.1000000E+02	+1.0850648E-12	-4.0429920E-12
+3.1040000E+02	-1.5218627E-12	-1.0465572E-12
+3.1080000E+02	+4.9597423E-13	-1.0764548E-12
+3.1120000E+02	-2.7251613E-12	-3.1123588E-12
+3.1160000E+02	-5.8468852E-12	+2.8012069E-12
+3.1200000E+02	+1.3401557E-12	+7.5925628E-12
+3.1240000E+02	+7.5403722E-12	+9.8020270E-13
+3.1280000E+02	+3.1207799E-12	-5.5195435E-12
+3.1320000E+02	-2.0883072E-12	-4.1105382E-12
+3.1360000E+02	-3.4473507E-12	-1.6641739E-12
+3.1400000E+02	-4.5268731E-12	+1.3059478E-12
+3.1440000E+02	-1.5315662E-12	+5.6242020E-12
+3.1480000E+02	+4.7402738E-12	+3.9932633E-12
+3.1520000E+02	+5.1526872E-12	-2.3835356E-12
+3.1560000E+02	+4.2993198E-13	-4.6044916E-12
+3.1600000E+02	-2.6283500E-12	-2.5839749E-12
+3.1640000E+02	-3.2960126E-12	+7.5735443E-14
+3.1680000E+02	-1.9734941E-12	+2.4047806E-12
+3.1720000E+02	+4.0185291E-13	+2.6453420E-12
+3.1760000E+02	+1.6218579E-12	+1.7986553E-12
+3.1800000E+02	+3.2527423E-12	+7.3256927E-13
+3.1840000E+02	+3.5177766E-12	-3.3788362E-12
+3.1880000E+02	-2.1904557E-12	-5.6565792E-12
+3.1920000E+02	-6.3207720E-12	+2.7753835E-13
+3.1960000E+02	-1.4515048E-12	+5.2541035E-12
+3.2000000E+02	+2.8650891E-12	+2.1575274E-12
+3.2040000E+02	+1.4269846E-12	-5.6129650E-14
+3.2080000E+02	+2.1387031E-12	+5.4980651E-13
+3.2120000E+02	+3.0509201E-12	-2.9594111E-12
+3.2160000E+02	-2.2066223E-12	-5.1148113E-12
+3.2200000E+02	-5.9313836E-12	+2.9713596E-13
+3.2240000E+02	-1.9280404E-12	+5.1715558E-12
+3.2280000E+02	+3.1207877E-12	+3.5591915E-12
+3.2320000E+02	+3.9883005E-12	-5.6296003E-13
+3.2360000E+02	+1.5366481E-12	-3.1428023E-12
+3.2400000E+02	-1.4903226E-12	-2.4188480E-12
+3.2440000E+02	-1.8303842E-12	-1.8176172E-13
+3.2480000E+02	-1.1149961E-12	+1.1529245E-13
+3.2520000E+02	-1.9366583E-12	+9.0820741E-13
+3.2560000E+02	-3.1223637E-13	+3.4192819E-12
+3.2600000E+02	+3.6801618E-12	+1.9500994E-12
+3.2640000E+02	+3.1984391E-12	-2.5801597E-12
+3.2680000E+02	-5.3844610E-13	-3.3895534E-12
+3.2720000E+02	-2.2877436E-12	-1.6510529E-12
+3.2760000E+02	-3.1518367E-12	+2.0172451E-13
+3.2800000E+02	-2.1305281E-12	+3.4261237E-12
+3.2840000E+02	+2.4447698E-12	+3.8366664E-12
+3.2880000E+02	+4.2623646E-12	-6.8238895E-13
+3.2920000E+02	+1.0952405E-12	-3.2359044E-12
+3.2960000E+02	-1.1369160E-12	-2.1585231E-12
+3.3000000E+02	-2.1174789E-12	-1.2572577E-12
+3.3040000E+02	-3.0826269E-12	+1.0753115E-12
+3.3080000E+02	-4.2899666E-13	+3.7285603E-12
+3.3120000E+02	+3.0684313E-12	+1.6610660E-12
+3.3160000E+02	+2.0105573E-12	-1.4897249E-12
+3.3200000E+02	+2.8388619E-13	-1.2543152E-12
+3.3240000E+02	+3.4672918E-13	-1.5007977E-12
+3.3280000E+02	-1.6907217E-12	-2.1560762E-12
+3.3320000E+02	-3.4286833E-12	+8.4807483E-13
+3.3360000E+02	-5.8281514E-13	+3.6240532E-12
+3.3400000E+02	+2.6347721E-12	+1.9098498E-12
+3.3440000E+02	+2.4947612E-12	-8.3592464E-13
+3.3480000E+02	+1.0645243E-12	-2.0268650E-12
+3.3520000E+02	-6.5537133E-13	-2.3122048E-12
+3.3560000E+02	-2.4117704E-12	-1.0730703E-12
+3.3600000E+02	-2.4435958E-12	+1.3264996E-12
+3.3640000E+02	-5.0851927E-13	+2.8724615E-12
+3.3680000E+02	+2.1517979E-12	+2.3635877E-12
+3.3720000E+02	+3.5084893E-12	-5.3864935E-13
+3.3760000E+02	+1.3479423E-12	-3.5032173E-12
+3.3800000E+02	-2.3676726E-12	-2.7788176E-12
+3.3840000E+02	-3.2115188E-12	+5.6305494E-13
+3.3880000E+02	-1.2051019E-12	+2.5099787E-12
+3.3920000E+02	+9.9703286E-13	+2.2798404E-12
+3.3960000E+02	+2.3209219E-12	+6.8156622E-13
+3.4000000E+02	+1.8257345E-12	-1.4386317E-12
+3.4040000E+02	-1.3937296E-13	-1.9721343E-12
+3.4080000E+02	-1.0884523E-12	-8.9350028E-13
+3.4120000E+02	-1.0927905E-12	-4.0896267E-13
+3.4160000E+02	-1.8220142E-12	+2.5361957E-13
+3.4200000E+02	-1.3689278E-12	+2.4551392E-12
+3.4240000E+02	+1.9020118E-12	+3.1516219E-12
+3.4280000E+02	+4.3481638E-12	-2.1862741E-13
+3.4320000E+02	+2.0874297E-12	-4.3890606E-12
+3.4360000E+02	-3.1156634E-12	-4.2476664E-12
+3.4400000E+02	-5.5272736E-12	+8.5439404E-13
+3.4440000E+02	-1.6984360E-12	+5.5064491E-12
+3.4480000E+02	+4.2374883E-12	+3.7350582E-12
+3.4520000E+02	+4.6353369E-12	-2.2172668E-12
+3.4560000E+02	-1.8877936E-13	-4.1893001E-12
+3.4600000E+02	-2.6583305E-12	-1.1472288E-12
+3.4640000E+02	-1.3957447E-12	+6.5584211E-13
+3.4680000E+02	-1.1000485E-12	+6.0401766E-13
+3.4720000E+02	-7.7790879E-13	+2.0605501E-12
+3.4760000E+02	+2.0387521E-12	+2.0907096E-12
+3.4800000E+02	+2.7314265E-12	-1.2491518E-12
+3.4840000E+02	-1.8656999E-13	-2.3841521E-12
+3.4880000E+02	-1.1271487E-12	-5.9856506E-13
+3.4920000E+02	-7.3257522E-13	-6.1908030E-13
+3.4960000E+02	-2.2732965E-12	+1.6397104E-13
+3.5000000E+02	-8.3285241E-13	+3.3251053E-12
+3.5040000E+02	+3.5215927E-12	+1.7901325E-12
+3.5080000E+02	+2.2544419E-12	-2.9377660E-12
+3.5120000E+02	-1.9110207E-12	-1.9804294E-12
+3.5160000E+02	-1.0311246E-12	+8.7663876E-13
+3.5200000E+02	+1.7975193E-13	-2.5272650E-13
+3.5240000E+02	-1.3962161E-12	+5.5765480E-14
+3.5280000E+02	-5.0078336E-14	+1.9828878E-12
+3.5320000E+02	+1.8152047E-12	+2.2156471E-13
+3.5360000E+02	+1.8059478E-13	-9.7873490E-13
+3.5400000E+02	+2.1107180E-13	+2.0686669E-13
+3.5440000E+02	+8.5764528E-13	-1.3506797E-12
+3.5480000E+02	-2.1143026E-12	-1.5036420E-12
+3.5520000E+02	-1.8142124E-12	+2.3723292E-12
+3.5560000E+02	+2.2146690E-12	+1.5533304E-12
+3.5600000E+02	+7.0081819E-13	-1.8747110E-12
+3.5640000E+02	-1.5934075E-12	+5.1760337E-13
+3.5680000E+02	+1.7072771E-12	+1.4884093E-12
+3.5720000E+02	+1.4895517E-12	-2.4580899E-12
+3.5760000E+02	-2.5105796E-12	-1.3713231E-12
+3.5800000E+02	-8.6879968E-13	+1.8645042E-12
+3.5840000E+02	+7.8323475E-13	-1.7483893E-13
+3.5880000E+02	-1.6969813E-12	+3.0930517E-13
+3.5920000E+02	+9.9748328E-13	+3.3945555E-12
+3.5960000E+02	+4.8097696E-12	-1.0392809E-12
+3.6000000E+02	-4.6004393E-13	-5.4932788E-12
+3.6040000E+02	-5.1808464E-12	-4.6377979E-13
+3.6080000E+02	-1.3237751E-12	+3.9110287E-12
+3.6120000E+02	+2.0329248E-12	+1.7518470E-12
+3.6160000E+02	+1.5740564E-12	-9.6114758E-14
+3.6200000E+02	+1.3379481E-12	-8.8220628E-13
+3.6240000E+02	+6.4342826E-15	-1.8918699E-12
+3.6280000E+02	-1.5006692E-12	-6.8454349E-13
+3.6320000E+02	-8.2922253E-13	+4.2379056E-13
+3.6360000E+02	-8.6255848E-13	+3.4325189E-13
+3.6400000E+02	-5.9567264E-13	+1.8496451E-12
+3.6440000E+02	+2.1849785E-12	+1.5990135E-12
+3.6480000E+02	+2.2199327E-12	-1.7933713E-12
+3.6520000E+02	-8.8621244E-13	-2.1334803E-12
+3.6560000E+02	-1.2722509E-12	-1.4033773E-13
+3.6600000E+02	-8.7418605E-13	-1.3705261E-13
+3.6640000E+02	-1.6514337E-12	+1.0543354E-12
+3.6680000E+02	+6.7029649E-13	+2.7740474E-12
+3.6720000E+02	+3.1386295E-12	+4.3063029E-14
+3.6760000E+02	+7.0966336E-13	-2.6452615E-12
+3.6800000E+02	-1.4963842E-12	-9.7082618E-13
+3.6840000E+02	-6.3367957E-13	+1.2086194E-13
+3.6880000E+02	-9.8342673E-13	-2.4934588E-13
+3.6920000E+02	-1.3997517E-12	+1.4281308E-12
+3.6960000E+02	+1.0677494E-12	+2.4211058E-12
+3.7000000E+02	+2.9517351E-12	-4.0694357E-14
+3.7040000E+02	+1.2926804E-12	-2.8015804E-12
+3.7080000E+02	-2.0208132E-12	-2.4871651E-12
+3.7120000E+02	-3.1706692E-12	+8.7585163E-13
+3.7160000E+02	-2.5514598E-13	+3.1643117E-12
+3.7200000E+02	+2.5236589E-12	+1.0248099E-12
+3.7240000E+02	+1.2416999E-12	-1.4922977E-12
+3.7280000E+02	-3.9240824E-13	-9.3148823E-13
+3.7320000E+02	-3.1388723E-13	-5.0106425E-13
+3.7360000E+02	-1.0533315E-12	-2.9209101E-13
+3.7400000E+02	-5.9533080E-13	+1.2968929E-12
+3.7440000E+02	+1.3880799E-12	+4.4257137E-13
+3.7480000E+02	-1.2963880E-13	-1.5164203E-12
+3.7520000E+02	-1.8075578E-12	+9.1772505E-13
+3.7560000E+02	+1.6360741E-12	+2.2607084E-12
+3.7600000E+02	+2.7455219E-12	-2.0286193E-12
+3.7640000E+02	-1.9630848E-12	-3.0578374E-12
+3.7680000E+02	-3.0095820E-12	+1.4728889E-12
+3.7720000E+02	+7.3370743E-13	+2.5145611E-12
+3.7760000E+02	+1.6341720E-12	+1.2302836E-14
+3.7800000E+02	+5.5189703E-13	-5.6383578E-13
+3.7840000E+02	+4.3479659E-13	-7.7702203E-13
+3.7880000E+02	-7.1282696E-13	-1.1288660E-12
+3.7920000E+02	-1.3986494E-12	+4.8907485E-13
+3.7960000E+02	+2.7006470E-13	+1.2776856E-12
+3.8000000E+02	+9.3291846E-13	-1.7474744E-13
+3.8040000E+02	-2.2187775E-13	-5.9310082E-13
+3.8080000E+02	-4.5433623E-13	+3.2372770E-13
+3.8120000E+02	+3.3089200E-13	+6.0066620E-13
+3.8160000E+02	+9.7144885E-13	-1.0872918E-13
+3.8200000E+02	+3.8792028E-13	-1.3884090E-12
+3.8240000E+02	-1.6312308E-12	-1.0751320E-12
+3.8280000E+02	-1.7548273E-12	+1.5310420E-12
+3.8320000E+02	+1.0439548E-12	+2.1812507E-12
+3.8360000E+02	+2.1542982E-12	-2.7486720E-13
+3.8400000E+02	+5.5822050E-13	-1.6029034E-12
+3.8440000E+02	-6.2435283E-13	-1.2051614E-12
+3.8480000E+02	-1.4774875E-12	-5.3799866E-13
+3.8520000E+02	-1.5721126E-12	+1.3176629E-12
+3.8560000E+02	+8.1646941E-13	+2.2014128E-12
+3.8600000E+02	+2.2765558E-12	-1.7241422E-13
+3.8640000E+02	+3.8939338E-13	-1.8203809E-12
+3.8680000E+02	-1.0099771E-12	-7.0519159E-13
+3.8720000E+02	-7.3134414E-13	+1.0449365E-13
+3.8760000E+02	-6.5166517E-13	+5.5054201E-13
+3.8800000E+02	+3.2424786E-13	+1.1117659E-12
+3.8840000E+02	+1.2641189E-12	-2.1278439E-13
+3.8880000E+02	-2.9796759E-13	-1.2117752E-12
+3.8920000E+02	-1.1065161E-12	+5.4193809E-13
+3.8960000E+02	+8.0035679E-13	+1.0677161E-12
+3.9000000E+02	+1.1220995E-12	-8.8490308E-13
+3.9040000E+02	-6.4882131E-13	-1.1905497E-12
+3.9080000E+02	-1.1272783E-12	+5.9055307E-14
+3.9120000E+02	-7.7636318E-13	+7.9372375E-13
+3.9160000E+02	+1.3428237E-13	+1.6386448E-12
+3.9200000E+02	+2.2753313E-12	+7.8017115E-13
+3.9240000E+02	+1.7615822E-12	-2.4936767E-12
+3.9280000E+02	-2.2329000E-12	-2.5651342E-12
+3.9320000E+02	-2.9773354E-12	+1.5863504E-12
+3.9360000E+02	+7.6492613E-13	+2.8962763E-12
+3.9400000E+02	+2.3712526E-12	-1.6788233E-14
+3.9440000E+02	+4.6425405E-13	-1.5852312E-12
+3.9480000E+02	-7.8671881E-13	-6.0534352E-13
+3.9520000E+02	-4.7063535E-13	+1.9795057E-13
+3.9560000E+02	-6.4359285E-14	+2.2222445E-13
+3.9600000E+02	+4.3692408E-14	+2.4840763E-14
+3.9640000E+02	-1.7128195E-13	-5.8687386E-14
+3.9680000E+02	-2.7814731E-13	+3.2593712E-13
+3.9720000E+02	+2.7485381E-13	+5.9731697E-13
+3.9760000E+02	+8.4292401E-13	+4.1953444E-14
+3.9800000E+02	+5.5379156E-13	-8.5033661E-13
+3.9840000E+02	-5.3850957E-13	-1.0868014E-12
+3.9880000E+02	-1.4335393E-12	-4.8285472E-14
+3.9920000E+02	-7.4926493E-13	+1.4362844E-12
+3.9960000E+02	+1.0508097E-12	+1.3433091E-12
+4.0000000E+02	+1.6303680E-12	-3.6572755E-13
