+0.0000000E+00	+1.0645661E-08	+0.0000000E+00
+4.0000000E-01	-1.1381959E-08	-1.2310688E-08
+8.0000000E-01	-1.4744795E-08	+1.7543397E-08
+1.2000000E+00	+1.8236568E-08	+1.3133870E-08
+1.6000000E+00	+6.2453068E-09	-1.8071499E-08
+2.0000000E+00	-2.0875500E-08	+6.8377998E-10
+2.4000000E+00	-2.0276974E-10	+2.3486689E-08
+2.8000000E+00	+1.5383594E-08	+1.0906026E-08
+3.2000000E+00	+2.1502636E-08	+1.3637998E-08
+3.6000000E+00	+6.2448859E-08	-1.3042044E-08
+4.0000000E+00	+3.0264162E-08	-1.1310407E-07
+4.4000000E+00	-1.3730147E-07	-1.0696747E-07
+4.8000000E+00	-1.9305852E-07	+1.1304535E-07
+5.2000000E+00	+4.1490734E-08	+2.5154158E-07
+5.6000000E+00	+2.5316023E-07	+4.8175080E-08
+6.0000000E+00	+1.1148191E-07	-1.9586635E-07
+6.4000000E+00	-1.0964982E-07	-1.1329148E-07
+6.8000000E+00	-4.9692502E-08	+4.1608862E-08
+7.2000000E+00	+2.8788370E-08	-4.7208176E-08
+7.6000000E+00	-1.2612673E-07	-7.5054240E-08
+8.0000000E+00	-1.4692879E-07	+1.4602562E-07
+8.4000000E+00	+1.0054878E-07	+1.9216603E-07
+8.8000000E+00	+1.7072299E-07	-2.2241214E-08
+9.2000000E+00	+3.6615265E-08	-7.9698704E-08
+9.6000000E+00	+4.2945515E-08	-3.5426035E-08
+1.0000000E+01	+2.9695100E-08	-1.3843653E-07
+1.0400000E+01	-1.5942896E-07	-1.2209237E-07
+1.0800000E+01	-1.8400531E-07	+9.5923634E-08
+1.1200000E+01	-1.9409294E-08	+1.6784073E-07
+1.1600000E+01	+6.1657102E-08	+1.2846808E-07
+1.2000000E+01	+1.7692298E-07	+1.0443132E-07
+1.2400000E+01	+2.7279918E-07	-1.3933432E-07
+1.2800000E+01	-2.8158207E-08	-3.8449317E-07
+1.3200000E+01	-4.0313511E-07	-1.1542783E-07
+1.3600000E+01	-2.4160487E-07	+3.2613338E-07
+1.4000000E+01	+1.8091849E-07	+3.1197764E-07
+1.4400000E+01	+3.1145488E-07	-1.1149800E-08
+1.4800000E+01	+1.3950381E-07	-2.4965595E-07
+1.5200000E+01	-1.5431177E-07	-2.4021290E-07
+1.5600000E+01	-2.8006334E-07	+6.0614506E-08
+1.6000000E+01	-4.0778919E-10	+2.6911414E-07
+1.6400000E+01	+2.3355381E-07	+1.2287052E-08
+1.6800000E+01	-2.0357225E-08	-2.0526092E-07
+1.7200000E+01	-2.0783039E-07	+7.2524444E-08
+1.7600000E+01	+1.0890775E-07	+2.4416204E-07
+1.8000000E+01	+2.9247720E-07	-1.0125424E-07
+1.8400000E+01	-4.5570624E-08	-3.1535705E-07
+1.8800000E+01	-2.7982330E-07	-3.0815167E-08
+1.9200000E+01	-7.8924924E-08	+1.7895593E-07
+1.9600000E+01	+4.2265882E-08	+5.2326635E-08
+2.0000000E+01	-6.5787599E-08	+7.3590728E-08
+2.0400000E+01	+1.1150959E-07	+2.4809990E-07
+2.0800000E+01	+4.3138216E-07	-4.4822209E-08
+2.1200000E+01	+1.0505924E-07	-5.4525410E-07
+2.1600000E+01	-5.4701226E-07	-2.7560578E-07
+2.2000000E+01	-3.9263220E-07	+4.4347563E-07
+2.2400000E+01	+2.8729147E-07	+4.0703562E-07
+2.2800000E+01	+3.1887736E-07	-1.4930694E-07
+2.3200000E+01	-8.2139669E-08	-1.7566518E-07
+2.3600000E+01	-4.6107487E-08	+9.4900159E-08
+2.4000000E+01	+1.5233907E-07	-1.5872847E-08
+2.4400000E+01	+2.6809599E-09	-1.9768258E-07
+2.4800000E+01	-1.8548807E-07	-7.0539194E-08
+2.5200000E+01	-1.3194243E-07	+1.0635616E-07
+2.5600000E+01	-8.8102534E-09	+1.3698266E-07
+2.6000000E+01	+6.6290068E-08	+1.0536752E-07
+2.6400000E+01	+1.3197228E-07	+6.1425561E-08
+2.6800000E+01	+2.0025410E-07	-6.3963333E-08
+2.7200000E+01	+8.7046658E-08	-2.9862744E-07
+2.7600000E+01	-3.2041389E-07	-2.7933799E-07
+2.8000000E+01	-4.5783449E-07	+2.5715560E-07
+2.8400000E+01	+1.2870391E-07	+5.7341357E-07
+2.8800000E+01	+5.9807043E-07	+2.5645577E-08
+2.9200000E+01	+1.6126448E-07	-5.3230568E-07
+2.9600000E+01	-4.0366411E-07	-2.4322061E-07
+3.0000000E+01	-2.5825261E-07	+2.5692768E-07
+3.0400000E+01	+1.3808914E-07	+2.1982328E-07
+3.0800000E+01	+1.6319432E-07	-7.6673114E-08
+3.1200000E+01	-7.3291012E-08	-1.3038754E-07
+3.1600000E+01	-1.4982738E-07	+9.9185740E-08
+3.2000000E+01	+1.1024348E-07	+2.1991133E-07
+3.2400000E+01	+3.0616664E-07	-7.0540069E-08
+3.2800000E+01	+2.6077523E-08	-3.5613839E-07
+3.3200000E+01	-3.2662607E-07	-1.4891193E-07
+3.3600000E+01	-2.4387026E-07	+2.0964504E-07
+3.4000000E+01	+4.2133620E-08	+2.6216484E-07
+3.4400000E+01	+1.8927736E-07	+1.0803136E-07
+3.4800000E+01	+1.7421812E-07	-5.7451055E-08
+3.5200000E+01	+6.6880089E-08	-1.2500490E-07
+3.5600000E+01	+1.8576687E-08	-1.1541303E-07
+3.6000000E+01	-5.3125979E-08	-1.9244138E-07
+3.6400000E+01	-3.2080912E-07	-1.0290153E-07
+3.6800000E+01	-2.9140616E-07	+3.5268332E-07
+3.7200000E+01	+2.8403726E-07	+4.3726303E-07
+3.7600000E+01	+4.8774605E-07	-1.5471077E-07
+3.8000000E+01	-2.3279610E-08	-4.3566098E-07
+3.8400000E+01	-3.1833059E-07	-6.5140392E-08
+3.8800000E+01	-1.0054707E-07	+1.9495471E-07
+3.9200000E+01	+1.1592435E-07	+1.0878015E-07
+3.9600000E+01	+1.3309541E-07	-1.0034258E-07
+4.0000000E+01	-1.3177101E-07	-2.0818185E-07
+4.0400000E+01	-3.4064024E-07	+1.7164179E-07
+4.0800000E+01	+1.8119120E-07	+5.0475297E-07
+4.1200000E+01	+6.5363653E-07	-1.4034425E-07
+4.1600000E+01	-5.5674285E-08	-7.3880779E-07
+4.2000000E+01	-7.2895583E-07	-4.3980495E-08
+4.2400000E+01	-1.2037283E-07	+6.2101288E-07
+4.2800000E+01	+4.4088378E-07	+1.4121637E-07
+4.3200000E+01	+9.2763531E-08	-2.3484531E-07
+4.3600000E+01	-5.4717835E-08	+1.4005133E-08
+4.4000000E+01	+1.4552082E-07	-5.8987761E-08
+4.4400000E+01	-9.0927360E-08	-2.5625200E-07
+4.4800000E+01	-3.0537782E-07	+5.6577086E-08
+4.5200000E+01	-3.8450794E-09	+2.7391228E-07
+4.5600000E+01	+1.7470168E-07	+4.2473597E-08
+4.6000000E+01	+2.5614028E-08	-4.9126304E-08
+4.6400000E+01	+5.0170001E-08	+4.9820123E-08
+4.6800000E+01	+1.5430953E-07	-8.3745301E-08
+4.7200000E+01	-4.5074485E-08	-2.4065197E-07
+4.7600000E+01	-2.6912524E-07	-3.5517828E-08
+4.8000000E+01	-1.0619201E-07	+2.2971012E-07
+4.8400000E+01	+1.4873415E-07	+1.2116912E-07
+4.8800000E+01	+6.6089732E-08	-7.5332362E-08
+4.9200000E+01	-5.4441626E-08	+3.2897389E-08
+4.9600000E+01	+1.2183495E-07	+1.0106829E-07
+5.0000000E+01	+1.9034984E-07	-1.4695201E-07
+5.0400000E+01	-8.2906105E-08	-2.6933488E-07
+5.0800000E+01	-2.8432790E-07	-5.3869902E-08
+5.1200000E+01	-2.1348659E-07	+2.0907781E-07
+5.1600000E+01	+5.8881211E-08	+3.3747300E-07
+5.2000000E+01	+3.8654593E-07	+1.1633164E-07
+5.2400000E+01	+2.5552213E-07	-3.5697383E-07
+5.2800000E+01	-2.7828945E-07	-3.1405697E-07
+5.3200000E+01	-2.8167049E-07	+1.9531406E-07
+5.3600000E+01	+1.4499526E-07	+1.8343180E-07
+5.4000000E+01	+6.5299640E-08	-1.3979064E-07
+5.4400000E+01	-1.6455776E-07	+2.7252947E-08
+5.4800000E+01	+6.7347835E-08	+1.8658333E-07
+5.5200000E+01	+1.7258942E-07	-5.4578117E-08
+5.5600000E+01	-1.1191652E-08	-1.0465050E-07
+5.6000000E+01	+1.1241223E-08	-3.0109762E-08
+5.6400000E+01	-4.1079450E-08	-1.4654421E-07
+5.6800000E+01	-2.6038709E-07	+9.8746122E-09
+5.7200000E+01	-5.4103524E-08	+3.1487019E-07
+5.7600000E+01	+2.9012523E-07	+1.2427936E-07
+5.8000000E+01	+1.6875619E-07	-1.9348341E-07
+5.8400000E+01	-5.8458110E-08	-1.6567803E-07
+5.8800000E+01	-1.1552644E-07	-6.7350953E-08
+5.9200000E+01	-1.4152484E-07	+4.3908453E-08
+5.9600000E+01	-8.0937087E-09	+1.4519974E-07
+6.0000000E+01	+9.1589707E-08	+2.9308575E-09
+6.0400000E+01	-7.3736264E-08	-1.9507881E-08
+6.0800000E+01	+2.5938513E-08	+2.0309526E-07
+6.1200000E+01	+3.3938783E-07	-1.6171323E-08
+6.1600000E+01	+4.6487700E-08	-4.3044830E-07
+6.2000000E+01	-4.4266174E-07	-1.3093622E-07
+6.2400000E+01	-1.9511516E-07	+3.7729447E-07
+6.2800000E+01	+2.6924610E-07	+2.0990293E-07
+6.3200000E+01	+1.7579747E-07	-1.6863690E-07
+6.3600000E+01	-1.1503104E-07	-1.2299459E-07
+6.4000000E+01	-9.4782778E-08	+1.1806816E-07
+6.4400000E+01	+1.5452833E-07	+1.2351516E-07
+6.4800000E+01	+2.1238646E-07	-1.8263898E-07
+6.5200000E+01	-1.6515072E-07	-3.3269309E-07
+6.5600000E+01	-4.3750747E-07	+8.8596037E-08
+6.6000000E+01	-3.0838155E-08	+4.8396852E-07
+6.6400000E+01	+4.5252684E-07	+1.5651950E-07
+6.6800000E+01	+2.4944982E-07	-3.5414148E-07
+6.7200000E+01	-2.2340903E-07	-2.8537062E-07
+6.7600000E+01	-2.6301822E-07	+1.0259204E-07
+6.8000000E+01	+2.4855256E-08	+2.0122854E-07
+6.8400000E+01	+1.2816002E-07	-3.7342228E-09
+6.8800000E+01	-3.1685369E-08	-6.8638897E-08
+6.9200000E+01	-3.4962822E-08	+8.6325421E-08
+6.9600000E+01	+1.4063438E-07	+2.3853548E-08
+7.0000000E+01	+1.9566660E-08	-1.7318539E-07
+7.0400000E+01	-1.7536785E-07	-1.4973625E-09
+7.0800000E+01	+4.6201989E-08	+1.5361766E-07
+7.1200000E+01	+1.2575471E-07	-1.2605155E-07
+7.1600000E+01	-2.2312966E-07	-1.1215019E-07
+7.2000000E+01	-1.2471699E-07	+3.0817440E-07
+7.2400000E+01	+3.4825605E-07	+1.5867007E-07
+7.2800000E+01	+1.9198481E-07	-3.2160610E-07
+7.3200000E+01	-2.2995159E-07	-1.9448299E-07
+7.3600000E+01	-1.4337175E-07	+1.0141042E-07
+7.4000000E+01	-1.9202022E-08	+3.7598520E-08
+7.4400000E+01	-9.7350321E-08	+8.9313828E-08
+7.4800000E+01	+8.7805215E-08	+2.1833819E-07
+7.5200000E+01	+2.8389612E-07	-2.4371843E-08
+7.5600000E+01	+6.6400246E-08	-2.7434635E-07
+7.6000000E+01	-2.0180983E-07	-1.4345872E-07
+7.6400000E+01	-1.8031512E-07	+1.0419391E-07
+7.6800000E+01	+2.5998276E-08	+1.7714521E-07
+7.7200000E+01	+1.5743822E-07	+3.8007752E-09
+7.7600000E+01	-1.5139486E-08	-1.5151526E-07
+7.8000000E+01	-1.7670116E-07	+5.7212368E-08
+7.8400000E+01	+8.7214163E-08	+2.2562981E-07
+7.8800000E+01	+2.6920558E-07	-8.0792746E-08
+7.9200000E+01	-3.7678840E-08	-2.7223176E-07
+7.9600000E+01	-2.1272655E-07	-1.8944206E-08
+8.0000000E+01	-5.5570572E-08	+9.4390860E-08
+8.0400000E+01	-5.3949614E-08	+4.6079630E-08
+8.0800000E+01	-1.5498618E-08	+1.9079968E-07
+8.1200000E+01	+2.7930965E-07	+1.1300792E-07
+8.1600000E+01	+2.1660278E-07	-3.0091876E-07
+8.2000000E+01	-2.5983193E-07	-2.9619077E-07
+8.2400000E+01	-3.3307481E-07	+1.7799413E-07
+8.2800000E+01	+8.4426655E-08	+3.2517635E-07
+8.3200000E+01	+2.8500419E-07	-4.1926438E-09
+8.3600000E+01	+4.8974386E-08	-2.3261543E-07
+8.4000000E+01	-1.8702058E-07	-7.4720092E-08
+8.4400000E+01	-8.3179518E-08	+1.5909103E-07
+8.4800000E+01	+1.4800488E-07	+8.8700040E-08
+8.5200000E+01	+1.0234613E-07	-1.4225943E-07
+8.5600000E+01	-1.2520307E-07	-1.2579959E-07
+8.6000000E+01	-1.4932895E-07	+8.3559288E-08
+8.6400000E+01	+1.5728639E-08	+1.5550682E-07
+8.6800000E+01	+1.2799276E-07	+6.4238485E-08
+8.7200000E+01	+1.3003963E-07	-6.1759355E-08
+8.7600000E+01	+3.0627647E-08	-1.5368089E-07
+8.8000000E+01	-1.1892182E-07	-1.2104302E-07
+8.8400000E+01	-1.7657961E-07	+3.0851894E-08
+8.8800000E+01	-8.4072939E-08	+1.7451471E-07
+8.9200000E+01	+1.1385062E-07	+1.8858487E-07
+8.9600000E+01	+2.5098211E-07	-1.6889883E-08
+9.0000000E+01	+8.0646549E-08	-2.5897214E-07
+9.0400000E+01	-2.2363931E-07	-1.4613927E-07
+9.0800000E+01	-1.6455892E-07	+1.7150315E-07
+9.1200000E+01	+1.2924550E-07	+1.4328512E-07
+9.1600000E+01	+1.0504747E-07	-1.0970251E-07
+9.2000000E+01	-1.0675778E-07	-7.3438494E-08
+9.2400000E+01	-5.9414285E-08	+1.0145424E-07
+9.2800000E+01	+7.5198603E-08	+5.6223683E-08
+9.3200000E+01	+4.5054735E-08	-2.2161562E-08
+9.3600000E+01	+4.6079842E-08	-7.5614207E-09
+9.4000000E+01	+6.2089643E-08	-1.0582420E-07
+9.4400000E+01	-1.3303692E-07	-1.5215639E-07
+9.4800000E+01	-2.3744016E-07	+1.1508193E-07
+9.5200000E+01	+5.6558223E-08	+2.8982999E-07
+9.5600000E+01	+2.8969923E-07	+2.2926947E-08
+9.6000000E+01	+9.7064931E-08	-2.3303559E-07
+9.6400000E+01	-1.3201070E-07	-1.4287241E-07
+9.6800000E+01	-1.4825449E-07	+9.8962946E-09
+9.7200000E+01	-1.0684848E-07	+1.1484087E-07
+9.7600000E+01	+5.6016253E-08	+1.9629059E-07
+9.8000000E+01	+2.4636265E-07	+8.5147134E-09
+9.8400000E+01	+5.9727192E-08	-2.5667737E-07
+9.8800000E+01	-2.3650324E-07	-8.5775986E-08
+9.9200000E+01	-8.5889661E-08	+1.9947303E-07
+9.9600000E+01	+1.5677067E-07	+6.9924812E-08
+1.0000000E+02	+5.3135015E-08	-1.1165378E-07
+1.0040000E+02	-5.8299364E-08	-4.7883951E-08
+1.0080000E+02	-5.6113494E-08	-1.3634279E-08
+1.0120000E+02	-1.1035171E-07	+6.6868604E-08
+1.0160000E+02	+6.1163449E-08	+2.2567115E-07
+1.0200000E+02	+3.3843219E-07	-2.2558639E-08
+1.0240000E+02	+5.1876484E-08	-4.1840456E-07
+1.0280000E+02	-4.3889893E-07	-1.4658715E-07
+1.0320000E+02	-2.3220658E-07	+3.8999461E-07
+1.0360000E+02	+2.8513278E-07	+2.7828724E-07
+1.0400000E+02	+2.6768418E-07	-1.5686951E-07
+1.0440000E+02	-4.3362036E-08	-2.0481750E-07
+1.0480000E+02	-1.1318109E-07	-2.7638303E-08
+1.0520000E+02	-4.9036667E-08	+2.3420611E-08
+1.0560000E+02	-4.1415315E-08	+3.3861733E-08
+1.0600000E+02	+4.9758298E-09	+7.5395662E-08
+1.0640000E+02	+8.9158791E-08	+1.8645407E-08
+1.0680000E+02	+3.1271955E-08	-1.0034456E-07
+1.0720000E+02	-1.2107079E-07	-4.0685554E-08
+1.0760000E+02	-6.0168556E-08	+1.4977425E-07
+1.0800000E+02	+1.7174083E-07	+9.7665079E-08
+1.0840000E+02	+1.4867454E-07	-1.6745773E-07
+1.0880000E+02	-1.2370367E-07	-1.9672029E-07
+1.0920000E+02	-2.2066618E-07	+4.1332341E-08
+1.0960000E+02	-6.3880703E-08	+2.0455247E-07
+1.1000000E+02	+1.4485855E-07	+1.6700509E-07
+1.1040000E+02	+2.4293574E-07	-5.2109931E-08
+1.1080000E+02	+5.3104252E-08	-2.7442850E-07
+1.1120000E+02	-2.5640754E-07	-1.4726516E-07
+1.1160000E+02	-2.1115467E-07	+1.9592730E-07
+1.1200000E+02	+1.0878064E-07	+2.3494367E-07
+1.1240000E+02	+2.2013382E-07	-1.4304922E-08
+1.1280000E+02	+7.0146472E-08	-1.7823006E-07
+1.1320000E+02	-1.2652673E-07	-1.3370539E-07
+1.1360000E+02	-1.7408799E-07	+8.1970974E-08
+1.1400000E+02	+5.4939357E-08	+1.9624477E-07
+1.1440000E+02	+2.0767387E-07	-4.5461383E-08
+1.1480000E+02	-4.4074776E-08	-2.1230783E-07
+1.1520000E+02	-2.0627633E-07	+3.7639626E-08
+1.1560000E+02	+1.7703530E-08	+1.7857846E-07
+1.1600000E+02	+1.1734417E-07	+1.3001923E-08
+1.1640000E+02	+4.0060002E-08	-1.8949636E-08
+1.1680000E+02	+1.0515900E-07	-4.4047519E-08
+1.1720000E+02	-1.1401519E-08	-2.2866836E-07
+1.1760000E+02	-3.1890192E-07	-5.6434381E-08
+1.1800000E+02	-1.4113020E-07	+3.5015774E-07
+1.1840000E+02	+3.1520815E-07	+2.1463514E-07
+1.1880000E+02	+2.5203396E-07	-2.2875029E-07
+1.1920000E+02	-1.2070687E-07	-2.4329228E-07
+1.1960000E+02	-1.9749638E-07	+2.2760052E-08
+1.2000000E+02	-4.4846460E-08	+1.3732664E-07
+1.2040000E+02	+8.6959470E-08	+7.9537106E-08
+1.2080000E+02	+9.3051579E-08	-6.0154686E-08
+1.2120000E+02	-5.4912641E-08	-1.0126724E-07
+1.2160000E+02	-1.1346640E-07	+5.7127856E-08
+1.2200000E+02	+5.0574834E-08	+1.2706878E-07
+1.2240000E+02	+1.3025661E-07	-2.7306629E-08
+1.2280000E+02	+7.1853454E-09	-1.1031096E-07
+1.2320000E+02	-6.2545998E-08	-3.6400627E-08
+1.2360000E+02	-4.1023054E-08	-5.0922424E-09
+1.2400000E+02	-7.3918171E-08	+8.3718556E-09
+1.2440000E+02	-6.1406085E-08	+1.2155878E-07
+1.2480000E+02	+1.3058269E-07	+1.5475221E-07
+1.2520000E+02	+2.4927936E-07	-9.4978707E-08
+1.2560000E+02	-2.2261698E-08	-3.2115136E-07
+1.2600000E+02	-3.5240769E-07	-6.9031239E-08
+1.2640000E+02	-1.5520475E-07	+3.3599424E-07
+1.2680000E+02	+2.7726013E-07	+2.1467661E-07
+1.2720000E+02	+2.3453547E-07	-1.9163720E-07
+1.2760000E+02	-9.9154716E-08	-2.1438279E-07
+1.2800000E+02	-1.6596532E-07	+1.7469264E-08
+1.2840000E+02	-4.4031228E-08	+1.0828912E-07
+1.2880000E+02	+5.9722228E-08	+8.6406250E-08
+1.2920000E+02	+1.1824900E-07	-3.0321772E-08
+1.2960000E+02	-1.8124885E-08	-1.4873812E-07
+1.3000000E+02	-1.8015821E-07	+1.1654367E-08
+1.3040000E+02	-2.2257155E-09	+2.0427729E-07
+1.3080000E+02	+2.0535173E-07	+2.9134040E-08
+1.3120000E+02	+6.1950394E-08	-1.6893604E-07
+1.3160000E+02	-9.2034461E-08	-8.3069312E-08
+1.3200000E+02	-7.3580540E-08	-1.1289834E-08
+1.3240000E+02	-1.1278375E-07	+2.4680223E-08
+1.3280000E+02	-5.5095236E-08	+1.8081123E-07
+1.3320000E+02	+1.9403356E-07	+1.4128591E-07
+1.3360000E+02	+2.0341107E-07	-1.5100126E-07
+1.3400000E+02	-7.0644942E-08	-2.1847300E-07
+1.3440000E+02	-1.8111470E-07	-1.6584640E-08
+1.3480000E+02	-8.2296578E-08	+1.0527933E-07
+1.3520000E+02	+1.6807582E-08	+1.1157127E-07
+1.3560000E+02	+1.0684017E-07	+5.8860755E-08
+1.3600000E+02	+1.0746483E-07	-8.3135632E-08
+1.3640000E+02	-5.8097269E-08	-1.3006219E-07
+1.3680000E+02	-1.3925718E-07	+4.2389095E-08
+1.3720000E+02	+3.5265991E-08	+1.5033130E-07
+1.3760000E+02	+1.7224358E-07	-2.6816760E-08
+1.3800000E+02	-4.9034008E-09	-2.0286180E-07
+1.3840000E+02	-2.3017530E-07	-3.7161040E-08
+1.3880000E+02	-9.5918565E-08	+2.3827545E-07
+1.3920000E+02	+2.1502742E-07	+1.5791926E-07
+1.3960000E+02	+2.0432387E-07	-1.5813848E-07
+1.4000000E+02	-7.7379356E-08	-2.1792583E-07
+1.4040000E+02	-1.8993909E-07	-7.7238136E-09
+1.4080000E+02	-7.3928800E-08	+1.2413165E-07
+1.4120000E+02	+3.6698636E-08	+1.0209384E-07
+1.4160000E+02	+8.4099619E-08	+4.8475409E-08
+1.4200000E+02	+1.0792323E-07	-2.6165896E-08
+1.4240000E+02	+5.3183243E-08	-1.2726782E-07
+1.4280000E+02	-1.0686228E-07	-1.3025101E-07
+1.4320000E+02	-1.8572953E-07	+6.1513949E-08
+1.4360000E+02	+1.3784107E-08	+2.1241296E-07
+1.4400000E+02	+2.1713473E-07	+1.6487347E-08
+1.4440000E+02	+2.1489771E-08	-2.1557782E-07
+1.4480000E+02	-2.2232782E-07	-8.7270429E-09
+1.4520000E+02	+3.7624299E-09	+2.4139166E-07
+1.4560000E+02	+2.6257943E-07	+1.9670688E-09
+1.4600000E+02	+3.2888822E-08	-2.6623437E-07
+1.4640000E+02	-2.3421751E-07	-7.9908675E-08
+1.4680000E+02	-1.2163549E-07	+1.6136554E-07
+1.4720000E+02	+6.1042894E-08	+1.3527099E-07
+1.4760000E+02	+1.0888265E-07	+3.8614263E-08
+1.4800000E+02	+1.0621129E-07	-4.8466859E-08
+1.4840000E+02	+2.4003678E-08	-1.2065805E-07
+1.4880000E+02	-8.0030026E-08	-8.0516623E-08
+1.4920000E+02	-9.9751375E-08	+1.5526010E-09
+1.4960000E+02	-8.6814694E-08	+7.6191524E-08
+1.5000000E+02	+2.1411907E-08	+1.5860683E-07
+1.5040000E+02	+1.9887363E-07	+4.2459102E-08
+1.5080000E+02	+9.3291018E-08	-2.0769980E-07
+1.5120000E+02	-1.9656377E-07	-1.1821684E-07
+1.5160000E+02	-1.1759332E-07	+1.8030733E-07
+1.5200000E+02	+1.6905680E-07	+1.0262288E-07
+1.5240000E+02	+8.8556513E-08	-1.6372834E-07
+1.5280000E+02	-1.5657412E-07	-8.6958479E-08
+1.5320000E+02	-1.0032414E-07	+1.3589148E-07
+1.5360000E+02	+9.2524516E-08	+1.2094114E-07
+1.5400000E+02	+1.3412798E-07	-2.5434679E-08
+1.5440000E+02	+5.5837849E-08	-1.2450666E-07
+1.5480000E+02	-8.3016364E-08	-1.3292737E-07
+1.5520000E+02	-1.8435134E-07	+1.2026449E-08
+1.5560000E+02	-7.3710644E-08	+1.9344616E-07
+1.5600000E+02	+1.5560334E-07	+1.5125743E-07
+1.5640000E+02	+1.9780932E-07	-8.1571373E-08
+1.5680000E+02	+5.2934076E-09	-2.0001011E-07
+1.5720000E+02	-1.6008234E-07	-7.7471524E-08
+1.5760000E+02	-1.1420055E-07	+9.5468463E-08
+1.5800000E+02	+3.1492771E-08	+1.0992371E-07
+1.5840000E+02	+7.5968289E-08	+9.9015586E-09
+1.5880000E+02	+1.9922005E-08	-3.4233632E-08
+1.5920000E+02	-5.7676360E-09	-6.1342940E-09
+1.5960000E+02	+1.2774933E-08	+5.1756802E-12
+1.6000000E+02	+1.0360961E-08	-1.8095976E-08
+1.6040000E+02	-2.1775501E-09	-1.8635381E-08
+1.6080000E+02	-5.9604296E-09	-2.6558822E-08
+1.6120000E+02	-4.7546264E-08	-3.5601934E-08
+1.6160000E+02	-9.7132802E-08	+3.8988190E-08
+1.6200000E+02	-9.9937926E-09	+1.5590044E-07
+1.6240000E+02	+1.8587256E-07	+9.2403330E-08
+1.6280000E+02	+1.8523861E-07	-1.7027475E-07
+1.6320000E+02	-1.0983664E-07	-2.5918669E-07
+1.6360000E+02	-2.9122041E-07	+2.2782142E-08
+1.6400000E+02	-6.3087866E-08	+2.7399150E-07
+1.6440000E+02	+2.1787355E-07	+1.2207276E-07
+1.6480000E+02	+1.4044168E-07	-1.4532257E-07
+1.6520000E+02	-8.0784998E-08	-1.2032930E-07
+1.6560000E+02	-7.6661205E-08	+4.0996143E-08
+1.6600000E+02	+2.9707678E-08	+2.9284332E-08
+1.6640000E+02	-5.7989343E-09	-3.8443354E-08
+1.6680000E+02	-5.2183764E-08	+2.2394666E-08
+1.6720000E+02	+2.5221039E-08	+5.7090167E-08
+1.6760000E+02	+4.6974602E-08	-2.6223911E-08
+1.6800000E+02	-3.7951462E-08	-2.6035058E-08
+1.6840000E+02	-6.9063295E-09	+6.6787490E-08
+1.6880000E+02	+1.0883831E-07	+4.8170173E-09
+1.6920000E+02	+3.0142750E-08	-1.5034562E-07
+1.6960000E+02	-1.7283191E-07	-8.2461444E-08
+1.7000000E+02	-1.4893237E-07	+1.6119680E-07
+1.7040000E+02	+1.1140611E-07	+2.0827256E-07
+1.7080000E+02	+2.3917429E-07	-3.4092411E-08
+1.7120000E+02	+4.8198679E-08	-2.2969375E-07
+1.7160000E+02	-1.8318526E-07	-1.0957237E-07
+1.7200000E+02	-1.3163982E-07	+1.1754425E-07
+1.7240000E+02	+5.7573512E-08	+1.1160118E-07
+1.7280000E+02	+6.3435349E-08	-2.3790172E-08
+1.7320000E+02	-2.3064948E-08	-1.1287242E-08
+1.7360000E+02	+2.1921871E-08	+4.5845094E-08
+1.7400000E+02	+7.1500193E-08	-2.5079964E-08
+1.7440000E+02	-3.3853937E-09	-7.9161272E-08
+1.7480000E+02	-5.8539441E-08	-2.5419545E-08
+1.7520000E+02	-4.0995385E-08	+1.5208757E-08
+1.7560000E+02	-3.2259522E-08	+3.1301916E-08
+1.7600000E+02	-1.1308402E-09	+6.1698704E-08
+1.7640000E+02	+5.8400603E-08	+4.0568196E-08
+1.7680000E+02	+6.6082410E-08	-2.2304757E-08
+1.7720000E+02	+3.2001513E-08	-6.1947227E-08
+1.7760000E+02	-2.5242529E-08	-8.2097244E-08
+1.7800000E+02	-1.0776705E-07	-3.2789528E-08
+1.7840000E+02	-9.1871532E-08	+9.9485582E-08
+1.7880000E+02	+6.1734477E-08	+1.3154183E-07
+1.7920000E+02	+1.3958722E-07	-1.0195321E-08
+1.7960000E+02	+3.5424526E-08	-1.1652990E-07
+1.8000000E+02	-7.4653632E-08	-5.9591364E-08
+1.8040000E+02	-5.6811257E-08	+3.2383778E-08
+1.8080000E+02	+6.5326570E-09	+3.3055719E-08
+1.8120000E+02	+2.4770270E-09	-5.5127489E-09
+1.8160000E+02	-2.6106033E-08	+1.9113447E-08
+1.8200000E+02	+2.1369618E-08	+5.5034855E-08
+1.8240000E+02	+7.4807545E-08	-4.2277589E-09
+1.8280000E+02	+2.1740187E-08	-7.1608857E-08
+1.8320000E+02	-4.1968862E-08	-3.9908425E-08
+1.8360000E+02	-3.5449162E-08	-4.8709853E-09
+1.8400000E+02	-5.0372393E-08	+3.0627315E-09
+1.8440000E+02	-4.9185461E-08	+7.4809984E-08
+1.8480000E+02	+6.6574826E-08	+1.0224443E-07
+1.8520000E+02	+1.3413912E-07	-2.8198976E-08
+1.8560000E+02	+2.4143605E-08	-1.3021719E-07
+1.8600000E+02	-9.0617132E-08	-6.7837618E-08
+1.8640000E+02	-8.4460506E-08	+3.1009956E-08
+1.8680000E+02	-2.4134696E-08	+6.8609911E-08
+1.8720000E+02	+3.0384999E-08	+5.2696610E-08
+1.8760000E+02	+4.5024517E-08	+9.8636065E-09
+1.8800000E+02	+3.1905999E-08	-7.9951964E-09
+1.8840000E+02	+3.8956477E-08	-2.5834193E-08
+1.8880000E+02	+3.1001031E-09	-7.3703465E-08
+1.8920000E+02	-8.2113972E-08	-3.7372622E-08
+1.8960000E+02	-5.6152247E-08	+6.4248536E-08
+1.9000000E+02	+3.3259046E-08	+4.5674343E-08
+1.9040000E+02	+5.8567933E-09	-7.9856450E-09
+1.9080000E+02	-3.2967179E-09	+4.9857748E-08
+1.9120000E+02	+1.0095193E-07	+2.3004628E-08
+1.9160000E+02	+5.8523969E-08	-1.2913301E-07
+1.9200000E+02	-1.2602663E-07	-9.3412558E-08
+1.9240000E+02	-1.1119509E-07	+9.6003561E-08
+1.9280000E+02	+5.3403372E-08	+1.0268239E-07
+1.9320000E+02	+6.9670584E-08	-1.5907487E-08
+1.9360000E+02	+2.8261148E-09	-2.3809317E-08
+1.9400000E+02	+1.8475956E-08	+1.7285702E-09
+1.9440000E+02	+2.3872621E-08	-4.2704627E-08
+1.9480000E+02	-4.2026822E-08	-5.0698575E-08
+1.9520000E+02	-6.7840589E-08	+1.9767951E-08
+1.9560000E+02	-1.2084445E-08	+6.5686722E-08
+1.9600000E+02	+4.3628407E-08	+3.7922067E-08
+1.9640000E+02	+4.5222284E-08	-1.0562825E-08
+1.9680000E+02	+1.8786802E-08	-3.0249873E-08
+1.9720000E+02	-2.1352013E-10	-3.0448922E-08
+1.9760000E+02	-1.7946811E-08	-2.9416171E-08
+1.9800000E+02	-4.1658695E-08	-1.3951684E-08
+1.9840000E+02	-5.0590010E-08	+2.6042135E-08
+1.9880000E+02	-1.5861599E-08	+7.3720295E-08
+1.9920000E+02	+7.0068700E-08	+7.0294209E-08
+1.9960000E+02	+1.1702296E-07	-3.8075987E-08
+2.0000000E+02	+1.0691545E-08	-1.3843430E-07
+2.0040000E+02	-1.2765813E-07	-5.6473322E-08
+2.0080000E+02	-8.0396365E-08	+9.1659774E-08
+2.0120000E+02	+4.7676440E-08	+7.3295658E-08
+2.0160000E+02	+3.9878003E-08	-1.4746285E-08
+2.0200000E+02	-4.5929658E-09	+3.8448407E-09
+2.0240000E+02	+3.8508243E-08	+1.6424905E-08
+2.0280000E+02	+3.8131503E-08	-5.0687175E-08
+2.0320000E+02	-3.8921537E-08	-5.3045759E-08
+2.0360000E+02	-4.8672831E-08	+1.3673916E-08
+2.0400000E+02	-8.4442551E-09	+2.2976468E-08
+2.0440000E+02	-1.4726660E-08	+1.3062358E-08
+2.0480000E+02	-5.1012659E-09	+4.8393868E-08
+2.0520000E+02	+6.2879753E-08	+4.0026260E-08
+2.0560000E+02	+7.7473542E-08	-5.0832356E-08
+2.0600000E+02	-1.5804907E-08	-1.0155257E-07
+2.0640000E+02	-1.0160582E-07	-2.9496814E-08
+2.0680000E+02	-6.8708658E-08	+7.6454484E-08
+2.0720000E+02	+3.4478069E-08	+8.8485815E-08
+2.0760000E+02	+8.3598903E-08	+1.0157495E-08
+2.0800000E+02	+4.3344868E-08	-5.8563182E-08
+2.0840000E+02	-2.5371873E-08	-5.6548077E-08
+2.0880000E+02	-4.9856317E-08	-1.6364044E-09
+2.0920000E+02	-1.1728289E-08	+3.1437909E-08
+2.0960000E+02	+1.3615348E-08	+2.1926435E-09
+2.1000000E+02	-2.0607785E-08	-7.1142693E-09
+2.1040000E+02	-1.5886657E-08	+4.4125502E-08
+2.1080000E+02	+5.5402462E-08	+3.4865514E-08
+2.1120000E+02	+5.1920504E-08	-4.7291849E-08
+2.1160000E+02	-2.2245405E-08	-5.3450468E-08
+2.1200000E+02	-3.1230224E-08	-8.3321416E-09
+2.1240000E+02	-2.9174252E-08	-1.2742571E-08
+2.1280000E+02	-6.5977236E-08	+2.8484674E-08
+2.1320000E+02	+4.0010740E-09	+1.1029704E-07
+2.1360000E+02	+1.2969755E-07	+3.5313581E-08
+2.1400000E+02	+7.3001394E-08	-1.1756524E-07
+2.1440000E+02	-7.9717496E-08	-9.2592193E-08
+2.1480000E+02	-8.5208921E-08	+3.1718087E-08
+2.1520000E+02	-8.2363729E-09	+5.3544921E-08
+2.1560000E+02	+1.0286378E-08	+2.7361804E-08
+2.1600000E+02	+2.3372099E-08	+2.8132236E-08
+2.1640000E+02	+4.9240786E-08	-4.3116143E-09
+2.1680000E+02	+1.6454463E-08	-4.9907412E-08
+2.1720000E+02	-3.6913281E-08	-2.7321315E-08
+2.1760000E+02	-2.4006242E-08	+2.2770418E-08
+2.1800000E+02	+1.9129530E-08	+1.1027369E-08
+2.1840000E+02	-1.2658252E-09	-3.1087377E-08
+2.1880000E+02	-5.4978662E-08	+2.3171873E-09
+2.1920000E+02	-1.3216403E-08	+8.0370711E-08
+2.1960000E+02	+9.5007678E-08	+4.2719322E-08
+2.2000000E+02	+7.6561251E-08	-9.0301265E-08
+2.2040000E+02	-6.5013648E-08	-1.0205714E-07
+2.2080000E+02	-1.0860875E-07	+2.5785991E-08
+2.2120000E+02	-1.5460766E-08	+9.1925621E-08
+2.2160000E+02	+5.5764718E-08	+4.6070779E-08
+2.2200000E+02	+5.7365170E-08	-1.0631588E-08
+2.2240000E+02	+3.0028632E-08	-4.7778495E-08
+2.2280000E+02	-2.3258637E-08	-5.4753263E-08
+2.2320000E+02	-5.8265770E-08	-5.2690561E-09
+2.2360000E+02	-2.6470692E-08	+4.3291750E-08
+2.2400000E+02	+1.9129266E-08	+3.3410906E-08
+2.2440000E+02	+2.6524769E-08	+2.5985306E-09
+2.2480000E+02	+1.3282408E-08	-1.3286970E-08
+2.2520000E+02	-4.5056668E-09	-1.1345402E-08
+2.2560000E+02	-2.9264143E-09	+8.8026146E-09
+2.2600000E+02	+2.7899380E-08	-1.3170444E-09
+2.2640000E+02	+8.0869831E-09	-5.5155680E-08
+2.2680000E+02	-7.8330318E-08	-3.3983296E-08
+2.2720000E+02	-7.0235141E-08	+8.5415138E-08
+2.2760000E+02	+7.0724629E-08	+1.0384455E-07
+2.2800000E+02	+1.2067916E-07	-3.8150674E-08
+2.2840000E+02	+1.5900834E-10	-1.1204242E-07
+2.2880000E+02	-7.8828559E-08	-2.9134276E-08
+2.2920000E+02	-3.7518759E-08	+3.1205659E-08
+2.2960000E+02	-1.5961698E-08	+2.2711258E-08
+2.3000000E+02	-8.5635962E-09	+4.9618201E-08
+2.3040000E+02	+6.3759642E-08	+4.3878566E-08
+2.3080000E+02	+7.1028972E-08	-6.1017081E-08
+2.3120000E+02	-5.0140904E-08	-8.3282539E-08
+2.3160000E+02	-8.1546132E-08	+4.0963782E-08
+2.3200000E+02	+3.9481845E-08	+7.2743499E-08
+2.3240000E+02	+6.5566600E-08	-4.5359921E-08
+2.3280000E+02	-5.2767887E-08	-6.5859649E-08
+2.3320000E+02	-7.3794597E-08	+5.3810111E-08
+2.3360000E+02	+4.2731238E-08	+8.3928206E-08
+2.3400000E+02	+8.7844649E-08	-1.8966423E-08
+2.3440000E+02	+1.2176843E-08	-7.8047970E-08
+2.3480000E+02	-5.1432712E-08	-4.1332163E-08
+2.3520000E+02	-5.8552452E-08	+1.1001103E-08
+2.3560000E+02	-3.4759478E-08	+5.7094578E-08
+2.3600000E+02	+3.6120409E-08	+7.4585116E-08
+2.3640000E+02	+9.8273627E-08	-1.3146007E-09
+2.3680000E+02	+3.6888656E-08	-1.0028463E-07
+2.3720000E+02	-8.1735278E-08	-6.6937634E-08
+2.3760000E+02	-8.0363510E-08	+4.9916330E-08
+2.3800000E+02	+1.5369871E-08	+7.4888597E-08
+2.3840000E+02	+5.5062850E-08	+1.2375011E-08
+2.3880000E+02	+2.8589695E-08	-3.0010334E-08
+2.3920000E+02	-9.1756630E-09	-3.4886644E-08
+2.3960000E+02	-3.7686408E-08	-1.9990436E-09
+2.4000000E+02	-4.3606004E-09	+4.4264198E-08
+2.4040000E+02	+5.8317737E-08	+4.0906886E-09
+2.4080000E+02	+8.9183807E-09	-7.7368734E-08
+2.4120000E+02	-9.3471166E-08	-2.3410844E-08
+2.4160000E+02	-4.5819210E-08	+9.7017599E-08
+2.4200000E+02	+8.1781187E-08	+6.8218707E-08
+2.4240000E+02	+7.9989059E-08	-4.8611692E-08
+2.4280000E+02	-5.8384895E-09	-7.2927914E-08
+2.4320000E+02	-4.5424537E-08	-3.3899358E-08
+2.4360000E+02	-5.8868022E-08	+3.6069188E-09
+2.4400000E+02	-4.1067016E-08	+6.2982480E-08
+2.4440000E+02	+4.7885602E-08	+7.6527528E-08
+2.4480000E+02	+9.4814521E-08	-2.1573923E-08
+2.4520000E+02	+5.5227103E-09	-9.4653160E-08
+2.4560000E+02	-8.0930804E-08	-2.4994592E-08
+2.4600000E+02	-3.3402415E-08	+6.1658583E-08
+2.4640000E+02	+4.4081100E-08	+3.2630877E-08
+2.4680000E+02	+2.7873290E-08	-3.1760208E-08
+2.4720000E+02	-2.3766349E-08	-2.4490291E-08
+2.4760000E+02	-2.5280859E-08	+1.6028931E-08
+2.4800000E+02	+3.9806553E-09	+2.9287378E-08
+2.4840000E+02	+3.2457873E-08	+1.4767646E-08
+2.4880000E+02	+3.8826464E-08	-2.9714241E-08
+2.4920000E+02	-1.7500610E-08	-6.3082771E-08
+2.4960000E+02	-8.0357804E-08	-4.2109668E-09
+2.5000000E+02	-3.1253544E-08	+8.4061576E-08
+2.5040000E+02	+7.0882613E-08	+5.6276436E-08
+2.5080000E+02	+7.1186961E-08	-4.2475112E-08
+2.5120000E+02	-5.3755394E-09	-7.0197447E-08
+2.5160000E+02	-5.2289796E-08	-3.1008024E-08
+2.5200000E+02	-5.7695178E-08	+2.1980872E-08
+2.5240000E+02	-1.2132292E-08	+6.9425846E-08
+2.5280000E+02	+6.6496535E-08	+4.0612874E-08
+2.5320000E+02	+5.6878379E-08	-5.4227025E-08
+2.5360000E+02	-4.0212568E-08	-5.9666590E-08
+2.5400000E+02	-5.3063052E-08	+3.0622145E-08
+2.5440000E+02	+2.7350944E-08	+4.4023884E-08
+2.5480000E+02	+3.8592633E-08	-2.7470173E-08
+2.5520000E+02	-2.5266765E-08	-3.8717212E-08
+2.5560000E+02	-4.1303461E-08	+1.5810940E-08
+2.5600000E+02	-1.8372554E-09	+3.9998659E-08
+2.5640000E+02	+2.8776649E-08	+2.3503751E-08
+2.5680000E+02	+4.1493448E-08	-5.4598295E-09
+2.5720000E+02	+2.6636056E-08	-4.8114886E-08
+2.5760000E+02	-3.9361400E-08	-5.9753791E-08
+2.5800000E+02	-8.4878657E-08	+1.6928575E-08
+2.5840000E+02	-1.2367278E-08	+9.5458444E-08
+2.5880000E+02	+8.9896664E-08	+3.9399734E-08
+2.5920000E+02	+5.6371980E-08	-7.1772573E-08
+2.5960000E+02	-4.7898320E-08	-5.9621829E-08
+2.6000000E+02	-5.0476522E-08	+2.5299249E-08
+2.6040000E+02	+8.5487009E-09	+3.4033740E-08
+2.6080000E+02	+1.6648772E-08	+1.4654231E-09
+2.6120000E+02	+7.0363255E-09	-3.3265840E-09
+2.6160000E+02	+3.9372569E-09	-1.1856522E-08
+2.6200000E+02	-1.8857970E-08	-6.3619887E-09
+2.6240000E+02	-7.2499055E-09	+2.8588558E-08
+2.6280000E+02	+3.8730201E-08	+1.0096936E-08
+2.6320000E+02	+1.6727009E-08	-4.4907265E-08
+2.6360000E+02	-4.2480790E-08	-2.6178426E-08
+2.6400000E+02	-3.4806420E-08	+2.8672640E-08
+2.6440000E+02	+4.1934148E-09	+3.7643330E-08
+2.6480000E+02	+3.0564003E-08	+2.6360229E-08
+2.6520000E+02	+5.5676883E-08	-1.2398240E-08
+2.6560000E+02	+1.3981008E-08	-7.6181968E-08
+2.6600000E+02	-8.2856734E-08	-4.2243461E-08
+2.6640000E+02	-6.4805677E-08	+7.5207691E-08
+2.6680000E+02	+5.7419595E-08	+7.5796069E-08
+2.6720000E+02	+7.3441567E-08	-3.6503029E-08
+2.6760000E+02	-1.9217724E-08	-6.0692358E-08
+2.6800000E+02	-4.3697226E-08	+9.2124777E-09
+2.6840000E+02	+5.7783460E-09	+2.8813443E-08
+2.6880000E+02	+1.9617716E-08	-4.8280769E-09
+2.6920000E+02	-1.5725684E-09	-1.5427950E-08
+2.6960000E+02	-1.2086743E-08	-6.5275693E-09
+2.7000000E+02	-1.8104587E-08	+4.5818814E-09
+2.7040000E+02	-9.8820797E-09	+2.8398596E-08
+2.7080000E+02	+3.1666807E-08	+2.9972103E-08
+2.7120000E+02	+5.0459301E-08	-2.4216838E-08
+2.7160000E+02	-6.4957816E-09	-6.4455859E-08
+2.7200000E+02	-6.6507076E-08	-1.6803345E-08
+2.7240000E+02	-3.8618499E-08	+5.5018581E-08
+2.7280000E+02	+3.2915597E-08	+5.2407336E-08
+2.7320000E+02	+5.4663484E-08	-6.3567406E-09
+2.7360000E+02	+1.7758272E-08	-4.5976654E-08
+2.7400000E+02	-3.0333901E-08	-3.4291738E-08
+2.7440000E+02	-4.1347027E-08	+1.3174695E-08
+2.7480000E+02	-8.3041035E-10	+4.0286996E-08
+2.7520000E+02	+3.4532005E-08	+9.3529534E-09
+2.7560000E+02	+1.2827380E-08	-2.7815117E-08
+2.7600000E+02	-2.2644587E-08	-1.3742436E-08
+2.7640000E+02	-1.5224169E-08	+1.9505444E-08
+2.7680000E+02	+1.6990991E-08	+1.9500773E-08
+2.7720000E+02	+2.6805064E-08	-1.2732698E-08
+2.7760000E+02	-4.7566188E-09	-3.5101884E-08
+2.7800000E+02	-4.0772463E-08	-7.2475802E-09
+2.7840000E+02	-2.1275862E-08	+4.0071919E-08
+2.7880000E+02	+3.0856045E-08	+3.3350406E-08
+2.7920000E+02	+3.8872908E-08	-1.3870203E-08
+2.7960000E+02	+7.0480985E-09	-3.4550883E-08
+2.8000000E+02	-2.0089051E-08	-2.6114830E-08
+2.8040000E+02	-3.7749241E-08	-1.2050532E-09
+2.8080000E+02	-2.3358082E-08	+3.8836523E-08
+2.8120000E+02	+3.0039982E-08	+3.9959124E-08
+2.8160000E+02	+4.6743317E-08	-1.5464402E-08
+2.8200000E+02	-7.4885477E-10	-4.3319360E-08
+2.8240000E+02	-3.3166782E-08	-9.5271165E-09
+2.8280000E+02	-1.3847408E-08	+2.1854282E-08
+2.8320000E+02	+1.4329715E-08	+1.4163001E-08
+2.8360000E+02	+1.4498549E-08	-1.2620478E-08
+2.8400000E+02	-1.5080994E-08	-1.8501814E-08
+2.8440000E+02	-2.7229364E-08	+1.7527161E-08
+2.8480000E+02	+1.5629596E-08	+3.8330878E-08
+2.8520000E+02	+4.7053428E-08	-7.3142942E-09
+2.8560000E+02	+6.0396623E-09	-4.8542151E-08
+2.8600000E+02	-4.0268472E-08	-2.0158464E-08
+2.8640000E+02	-2.9840800E-08	+2.3393109E-08
+2.8680000E+02	+2.4433438E-09	+3.1320457E-08
+2.8720000E+02	+2.3895250E-08	+1.6480527E-08
+2.8760000E+02	+2.8092764E-08	-1.0132133E-08
+2.8800000E+02	+5.3252840E-09	-2.9839402E-08
+2.8840000E+02	-2.2595111E-08	-1.7703754E-08
+2.8880000E+02	-2.3912182E-08	+9.9883705E-09
+2.8920000E+02	-3.2248546E-09	+2.3499858E-08
+2.8960000E+02	+1.8480671E-08	+1.3009530E-08
+2.9000000E+02	+1.7413445E-08	-1.2215668E-08
+2.9040000E+02	-7.8694107E-09	-1.7002907E-08
+2.9080000E+02	-1.4303241E-08	+7.0535484E-09
+2.9120000E+02	+9.1621960E-09	+1.2517905E-08
+2.9160000E+02	+1.4033030E-08	-1.1649036E-08
+2.9200000E+02	-1.1164889E-08	-1.9289718E-08
+2.9240000E+02	-2.6494942E-08	+5.1460989E-09
+2.9280000E+02	-6.7786945E-09	+3.2344986E-08
+2.9320000E+02	+3.3521982E-08	+2.2202103E-08
+2.9360000E+02	+3.6539581E-08	-2.8345950E-08
+2.9400000E+02	-1.7811666E-08	-4.4695954E-08
+2.9440000E+02	-4.3157227E-08	+5.4393493E-09
+2.9480000E+02	-4.1140016E-09	+3.1585762E-08
+2.9520000E+02	+1.3137085E-08	+7.1201244E-09
+2.9560000E+02	+2.5613952E-09	+6.7332956E-09
+2.9600000E+02	+2.2486076E-08	+7.2704482E-09
+2.9640000E+02	+1.7723880E-08	-3.0727272E-08
+2.9680000E+02	-3.1403376E-08	-2.3889764E-08
+2.9720000E+02	-2.2864892E-08	+2.7410823E-08
+2.9760000E+02	+2.2853150E-08	+1.5079197E-08
+2.9800000E+02	+4.0421023E-09	-2.0847563E-08
+2.9840000E+02	-2.1984229E-08	+5.3539279E-09
+2.9880000E+02	+9.1299100E-09	+2.4177309E-08
+2.9920000E+02	+2.3920266E-08	-6.0083349E-09
+2.9960000E+02	+2.1233541E-09	-1.8257532E-08
+3.0000000E+02	-6.4662016E-09	-1.1214852E-08
+3.0040000E+02	-1.6965897E-08	-9.3597939E-09
+3.0080000E+02	-2.5055140E-08	+1.6721177E-08
+3.0120000E+02	+1.0513543E-08	+3.6055273E-08
+3.0160000E+02	+3.9207977E-08	-8.8516960E-10
+3.0200000E+02	+8.3165155E-09	-3.3950141E-08
+3.0240000E+02	-2.2420999E-08	-1.3570145E-08
+3.0280000E+02	-1.3048752E-08	+8.5561612E-09
+3.0320000E+02	-3.4105421E-09	+7.2280820E-09
+3.0360000E+02	-1.4194979E-09	+1.0445772E-08
+3.0400000E+02	+1.1686854E-08	+9.4616850E-09
+3.0440000E+02	+1.3859588E-08	-8.5747891E-09
+3.0480000E+02	-4.1309108E-09	-1.3140994E-08
+3.0520000E+02	-7.9621268E-09	+1.6414952E-09
+3.0560000E+02	+3.2280754E-09	+8.2531607E-10
+3.0600000E+02	-4.9822325E-09	-8.8584572E-09
+3.0640000E+02	-1.6237340E-08	+6.8440683E-09
+3.0680000E+02	+4.0629277E-09	+2.1700315E-08
+3.0720000E+02	+2.1808810E-08	+1.6873985E-09
+3.0760000E+02	+7.0025242E-09	-1.4984092E-08
+3.0800000E+02	-2.4206538E-09	-8.2874163E-09
+3.0840000E+02	-3.5362413E-09	-1.2216917E-08
+3.0880000E+02	-2.4263637E-08	-6.5015421E-09
+3.0920000E+02	-1.8400605E-08	+3.0061496E-08
+3.0960000E+02	+2.8565865E-08	+2.7445503E-08
+3.1000000E+02	+2.9731741E-08	-2.1760761E-08
+3.1040000E+02	-1.3654427E-08	-2.3997401E-08
+3.1080000E+02	-1.2289414E-08	+8.3285400E-09
+3.1120000E+02	+7.9929515E-09	-8.8395509E-10
+3.1160000E+02	-1.0527644E-08	-1.1997592E-08
+3.1200000E+02	-1.7269782E-08	+1.3328468E-08
+3.1240000E+02	+9.0065537E-09	+1.9931101E-08
+3.1280000E+02	+1.7273838E-08	-2.5811159E-10
+3.1320000E+02	+8.6115830E-09	-9.1304766E-09
+3.1360000E+02	+1.9951832E-09	-1.3661993E-08
+3.1400000E+02	-1.2967413E-08	-1.2044886E-08
+3.1440000E+02	-1.7197784E-08	+7.2411531E-09
+3.1480000E+02	-7.3849307E-10	+1.5497946E-08
+3.1520000E+02	+7.6208216E-09	+7.5247478E-09
+3.1560000E+02	+1.0534047E-08	+3.4812149E-09
+3.1600000E+02	+1.3819027E-08	-9.0553059E-09
+3.1640000E+02	-4.3806936E-09	-1.9926645E-08
+3.1680000E+02	-2.0116607E-08	-9.0014836E-10
+3.1720000E+02	-4.0828604E-09	+1.4991450E-08
+3.1760000E+02	+7.0845178E-09	+3.5121479E-09
+3.1800000E+02	-7.1620609E-10	+1.8623417E-10
+3.1840000E+02	+3.8502882E-09	+6.7678681E-09
+3.1880000E+02	+1.1794159E-08	-2.5205781E-09
+3.1920000E+02	+3.0817038E-09	-1.3112178E-08
+3.1960000E+02	-9.4014135E-09	-1.0426043E-08
+3.2000000E+02	-1.6212077E-08	+1.4292932E-09
+3.2040000E+02	-8.0479183E-09	+1.7764674E-08
+3.2080000E+02	+1.4213578E-08	+1.5257822E-08
+3.2120000E+02	+1.6928481E-08	-6.9241234E-09
+3.2160000E+02	+1.0661659E-09	-1.1730583E-08
+3.2200000E+02	-9.8797438E-10	-6.4082973E-09
+3.2240000E+02	-7.0059018E-09	-1.1727628E-08
+3.2280000E+02	-2.2010487E-08	+3.0453783E-09
+3.2320000E+02	-3.0324272E-09	+2.6450283E-08
+3.2360000E+02	+2.4052973E-08	+7.6514335E-09
+3.2400000E+02	+7.8053320E-09	-1.6589914E-08
+3.2440000E+02	-7.7060021E-09	-2.5356883E-09
+3.2480000E+02	+6.5388376E-09	+1.2068991E-09
+3.2520000E+02	-6.6528689E-10	-1.5910518E-08
+3.2560000E+02	-2.1765880E-08	-1.8341054E-09
+3.2600000E+02	-6.2144977E-09	+2.1713496E-08
+3.2640000E+02	+1.5849846E-08	+9.0349481E-09
+3.2680000E+02	+7.5681208E-09	-6.6907360E-09
+3.2720000E+02	+1.9610176E-09	-1.0613016E-09
+3.2760000E+02	+8.9505510E-09	-6.6618362E-09
+3.2800000E+02	-5.7441354E-09	-1.9355579E-08
+3.2840000E+02	-2.6815389E-08	-8.4101343E-11
+3.2880000E+02	-8.1470791E-09	+2.9128803E-08
+3.2920000E+02	+2.6039276E-08	+1.4971599E-08
+3.2960000E+02	+1.7693755E-08	-1.9204751E-08
+3.3000000E+02	-1.1413477E-08	-1.5138936E-08
+3.3040000E+02	-8.1942201E-09	+5.4126569E-09
+3.3080000E+02	+2.8267380E-09	-6.1219606E-10
+3.3120000E+02	-8.1218689E-09	-3.5702234E-09
+3.3160000E+02	-5.9584450E-09	+1.1753750E-08
+3.3200000E+02	+1.0464334E-08	+7.4649716E-09
+3.3240000E+02	+5.8419010E-09	-5.1089878E-09
+3.3280000E+02	+1.9365495E-09	-1.7555755E-10
+3.3320000E+02	+8.5530248E-09	-7.7637380E-09
+3.3360000E+02	-1.0149770E-08	-1.7674338E-08
+3.3400000E+02	-2.3785669E-08	+8.5059428E-09
+3.3440000E+02	+4.1303802E-09	+2.4115550E-08
+3.3480000E+02	+1.7740939E-08	+3.8573048E-10
+3.3520000E+02	+2.3730837E-09	-6.1095614E-09
+3.3560000E+02	+7.4152577E-09	-3.8580799E-10
+3.3600000E+02	+5.0251935E-09	-1.8843927E-08
+3.3640000E+02	-2.5146151E-08	-1.1467367E-08
+3.3680000E+02	-1.5761978E-08	+2.5430602E-08
+3.3720000E+02	+2.1181922E-08	+1.5430738E-08
+3.3760000E+02	+9.9142077E-09	-1.5449099E-08
+3.3800000E+02	-1.1370959E-08	-9.3008810E-10
+3.3840000E+02	+8.2183146E-09	+1.0733839E-08
+3.3880000E+02	+1.3228722E-08	-1.4072712E-08
+3.3920000E+02	-1.4528791E-08	-1.6726620E-08
+3.3960000E+02	-1.8400099E-08	+9.7343588E-09
+3.4000000E+02	+1.9867234E-09	+1.6130265E-08
+3.4040000E+02	+9.5354787E-09	+5.2908575E-09
+3.4080000E+02	+9.0060036E-09	-1.7221865E-10
+3.4120000E+02	+9.1353328E-09	-7.6402882E-09
+3.4160000E+02	-1.7726435E-09	-1.5488736E-08
+3.4200000E+02	-1.7084228E-08	-6.2752185E-09
+3.4240000E+02	-1.3452734E-08	+1.3869667E-08
+3.4280000E+02	+7.4614871E-09	+1.7193974E-08
+3.4320000E+02	+1.6345001E-08	-4.1459746E-10
+3.4360000E+02	+4.8190337E-09	-1.1483922E-08
+3.4400000E+02	-4.5720032E-09	-6.8229384E-09
+3.4440000E+02	-5.6970901E-09	-1.8803831E-09
+3.4480000E+02	-5.7963421E-09	+2.9307147E-09
+3.4520000E+02	+7.3197118E-10	+6.2986301E-09
+3.4560000E+02	+3.9843100E-09	-1.0688002E-09
+3.4600000E+02	-4.7810635E-09	-6.0965732E-10
+3.4640000E+02	+1.6981097E-09	+1.1113338E-08
+3.4680000E+02	+1.7881858E-08	-1.3980645E-09
+3.4720000E+02	+1.7314573E-09	-2.2257122E-08
+3.4760000E+02	-2.1889463E-08	-6.4154058E-09
+3.4800000E+02	-1.0378399E-08	+1.5932022E-08
+3.4840000E+02	+5.5156336E-09	+1.1340732E-08
+3.4880000E+02	+8.0937281E-09	+6.5692771E-09
+3.4920000E+02	+1.6894758E-08	-1.1604948E-09
+3.4960000E+02	+7.2954183E-09	-2.2709838E-08
+3.5000000E+02	-2.2982898E-08	-1.4317876E-08
+3.5040000E+02	-1.7407810E-08	+1.8711873E-08
+3.5080000E+02	+1.2368553E-08	+1.5612372E-08
+3.5120000E+02	+9.9471788E-09	-6.7407272E-09
+3.5160000E+02	-3.7112162E-09	-2.9473009E-09
+3.5200000E+02	+2.4523755E-09	+3.5302644E-09
+3.5240000E+02	+4.8900561E-09	-4.1964737E-09
+3.5280000E+02	-1.9717751E-09	-5.7232632E-09
+3.5320000E+02	-4.3134893E-09	-2.7175562E-09
+3.5360000E+02	-7.2641253E-09	+1.8269899E-10
+3.5400000E+02	-5.6444268E-09	+9.1126553E-09
+3.5440000E+02	+6.8379045E-09	+1.1088590E-08
+3.5480000E+02	+1.3938558E-08	-6.9859042E-10
+3.5520000E+02	+7.5207864E-09	-1.2818182E-08
+3.5560000E+02	-7.7816897E-09	-1.5257924E-08
+3.5600000E+02	-2.0164998E-08	+3.1086675E-10
+3.5640000E+02	-7.2508243E-09	+2.0943255E-08
+3.5680000E+02	+1.7724051E-08	+1.2575356E-08
+3.5720000E+02	+1.4191393E-08	-1.1900926E-08
+3.5760000E+02	-5.5233829E-09	-1.1983556E-08
+3.5800000E+02	-7.1848179E-09	+5.0482235E-10
+3.5840000E+02	-2.0590598E-09	+1.8797091E-09
+3.5880000E+02	-1.7978758E-09	+2.2190184E-09
+3.5920000E+02	+1.0354946E-09	+2.4838467E-09
+3.5960000E+02	+1.1828629E-10	-3.2176671E-11
+3.6000000E+02	-4.5365260E-10	+4.0177322E-09
+3.6040000E+02	+7.8008905E-09	+2.6321159E-09
+3.6080000E+02	+5.7465040E-09	-9.1290662E-09
+3.6120000E+02	-6.8147839E-09	-8.1124597E-09
+3.6160000E+02	-7.9166119E-09	+1.1337147E-09
+3.6200000E+02	-6.2262351E-09	+4.0957139E-09
+3.6240000E+02	-3.0360129E-09	+1.2822478E-08
+3.6280000E+02	+1.6457564E-08	+1.1726768E-08
+3.6320000E+02	+1.9369597E-08	-1.6088994E-08
+3.6360000E+02	-1.2242279E-08	-2.3506735E-08
+3.6400000E+02	-2.2825326E-08	+6.7391176E-09
+3.6440000E+02	+1.8664473E-09	+1.7698855E-08
+3.6480000E+02	+1.0024790E-08	+6.2919551E-10
+3.6520000E+02	+2.6105536E-10	-2.4269042E-09
+3.6560000E+02	+2.8217284E-09	+2.0825855E-09
+3.6600000E+02	+4.6547888E-09	-4.6799449E-09
+3.6640000E+02	-3.6515696E-09	-5.7318214E-09
+3.6680000E+02	-4.4383211E-09	+1.4265306E-09
+3.6720000E+02	+4.6972186E-11	+1.1423899E-09
+3.6760000E+02	-2.7350921E-09	-9.8765348E-10
+3.6800000E+02	-4.5451769E-09	+5.3800276E-09
+3.6840000E+02	+5.3985964E-09	+9.7643439E-09
+3.6880000E+02	+1.4884285E-08	-2.4275745E-09
+3.6920000E+02	+2.7012172E-09	-1.8077516E-08
+3.6960000E+02	-1.8164299E-08	-8.2826098E-09
+3.7000000E+02	-1.2391154E-08	+1.5030925E-08
+3.7040000E+02	+9.6229785E-09	+1.3598612E-08
+3.7080000E+02	+1.1488093E-08	-3.5534539E-09
+3.7120000E+02	+1.5025519E-09	-6.7895829E-09
+3.7160000E+02	-1.1027197E-09	-4.3962845E-09
+3.7200000E+02	-4.8677858E-09	-3.6866312E-09
+3.7240000E+02	-6.0886702E-09	+3.5593575E-09
+3.7280000E+02	+1.6811830E-09	+5.5487523E-09
+3.7320000E+02	+2.6443318E-09	-4.5730358E-10
+3.7360000E+02	-5.6961643E-10	+1.1444808E-09
+3.7400000E+02	+4.0188856E-09	+1.8321973E-09
+3.7440000E+02	+3.2500491E-09	-4.5836229E-09
+3.7480000E+02	-2.4197274E-09	-3.4629360E-09
+3.7520000E+02	-1.4028409E-09	-1.7364838E-09
+3.7560000E+02	-6.2980025E-09	-3.1199651E-09
+3.7600000E+02	-9.1801867E-09	+9.4978133E-09
+3.7640000E+02	+1.0140263E-08	+1.4989318E-08
+3.7680000E+02	+1.8558788E-08	-8.1023025E-09
+3.7720000E+02	-4.3605127E-09	-1.8501912E-08
+3.7760000E+02	-1.4624510E-08	+5.3443267E-10
+3.7800000E+02	-1.8411340E-09	+8.0376023E-09
+3.7840000E+02	+7.3570989E-10	+1.9796453E-09
+3.7880000E+02	+1.4347591E-10	+5.1776512E-09
+3.7920000E+02	+8.2824077E-09	+2.5409634E-09
+3.7960000E+02	+4.6485150E-09	-8.3195931E-09
+3.8000000E+02	-6.1728633E-09	-5.1266907E-09
+3.8040000E+02	-3.7653251E-09	+3.3958720E-09
+3.8080000E+02	+1.5166476E-09	+1.2656891E-09
+3.8120000E+02	-1.0989879E-09	-1.4230982E-09
+3.8160000E+02	-3.0699980E-09	+2.0610338E-09
+3.8200000E+02	+9.1503199E-10	+5.5907725E-09
+3.8240000E+02	+7.7259719E-09	+2.1752905E-09
+3.8280000E+02	+6.2287702E-09	-8.3673568E-09
+3.8320000E+02	-6.9975732E-09	-9.8169290E-09
+3.8360000E+02	-1.1596644E-08	+3.8711854E-09
+3.8400000E+02	-1.0618758E-10	+1.0803824E-08
+3.8440000E+02	+7.5346422E-09	+3.7338985E-09
+3.8480000E+02	+5.9659908E-09	-2.7220639E-09
+3.8520000E+02	+2.1808992E-09	-6.2897497E-09
+3.8560000E+02	-4.8971498E-09	-5.7034075E-09
+3.8600000E+02	-6.8728785E-09	+2.5851261E-09
+3.8640000E+02	+4.1702146E-10	+5.5615108E-09
+3.8680000E+02	+2.5297019E-09	+7.2947722E-10
+3.8720000E+02	+5.4742776E-10	+8.6334386E-10
+3.8760000E+02	+3.1842987E-09	+5.5005182E-10
+3.8800000E+02	+1.5992094E-09	-3.4861895E-09
+3.8840000E+02	-1.6768555E-09	-1.5228394E-09
+3.8880000E+02	+3.4264416E-10	-1.4639860E-09
+3.8920000E+02	-4.6332394E-09	-3.8660766E-09
+3.8960000E+02	-8.0745415E-09	+6.5713629E-09
+3.9000000E+02	+6.5987140E-09	+1.1487482E-08
+3.9040000E+02	+1.2704936E-08	-4.8825077E-09
+3.9080000E+02	-2.3181388E-09	-1.0998817E-08
+3.9120000E+02	-6.6450399E-09	+8.7513203E-11
+3.9160000E+02	-8.9371074E-10	+8.4558904E-10
+3.9200000E+02	-4.7276193E-09	+3.8102275E-10
+3.9240000E+02	-1.1239509E-09	+8.5679392E-09
+3.9280000E+02	+9.8760513E-09	+2.6496235E-09
+3.9320000E+02	+3.2386642E-09	-8.7890875E-09
+3.9360000E+02	-6.2246813E-09	-2.4079608E-09
+3.9400000E+02	-3.7592729E-10	+3.4368407E-09
+3.9440000E+02	+1.4926366E-09	-2.0334797E-09
+3.9480000E+02	-3.7513127E-09	-8.8931089E-10
+3.9520000E+02	-1.4476017E-09	+3.9199439E-09
+3.9560000E+02	+2.2500455E-09	+2.4877438E-09
+3.9600000E+02	+3.1814962E-09	+8.5863028E-10
+3.9640000E+02	+4.4633649E-09	-2.9207205E-09
+3.9680000E+02	-1.5603733E-09	-7.4184926E-09
+3.9720000E+02	-8.7743430E-09	-5.3959842E-10
+3.9760000E+02	-2.6678247E-09	+8.0939627E-09
+3.9800000E+02	+5.5867993E-09	+4.0395233E-09
+3.9840000E+02	+4.0943009E-09	-2.0239807E-09
+3.9880000E+02	+1.5312143E-09	-2.7096704E-09
+3.9920000E+02	-2.5608641E-10	-4.0880477E-09
+3.9960000E+02	-5.0674079E-09	-2.5293010E-09
+4.0000000E+02	-4.8111046E-09	+4.4976267E-09
