+0.0000000E+00	+7.8491722E-14	+0.0000000E+00
+4.0000000E-01	+7.4988804E-14	-1.1165982E-13
+8.0000000E-01	-1.9516009E-13	-1.5594821E-13
+1.2000000E+00	-2.3569460E-13	+2.8958043E-13
+1.6000000E+00	+3.5272494E-13	+2.9112559E-13
+2.0000000E+00	+2.9408014E-13	-3.6002292E-13
+2.4000000E+00	-3.1314726E-13	-2.2950778E-13
+2.8000000E+00	-1.0906531E-13	+2.3309645E-13
+3.2000000E+00	+1.4382859E-13	-2.9533094E-14
+3.6000000E+00	-1.3840648E-13	-5.8014480E-14
+4.0000000E+00	+2.5812494E-14	+1.8203664E-13
+4.4000000E+00	+1.5350700E-13	-1.1377245E-13
+4.8000000E+00	-2.0262654E-13	-7.5256535E-14
+5.2000000E+00	+1.5436743E-14	+2.7235025E-13
+5.6000000E+00	+2.9208446E-13	-8.6934402E-14
+6.0000000E+00	-1.2729692E-13	-2.3714714E-13
+6.4000000E+00	-1.0688116E-13	+1.4426403E-13
+6.8000000E+00	+1.5280493E-13	-6.8370726E-14
+7.2000000E+00	-2.3684786E-13	-1.5974681E-13
+7.6000000E+00	-1.5645039E-13	+3.4736966E-13
+8.0000000E+00	+3.7207494E-13	+1.2480548E-13
+8.4000000E+00	+5.2766563E-14	-3.1759773E-13
+8.8000000E+00	-2.1894589E-13	+5.0944355E-14
+9.2000000E+00	+1.5334678E-13	+1.2005919E-13
+9.6000000E+00	+5.2091798E-14	-2.0879013E-13
+1.0000000E+01	-1.8051568E-13	-2.0958823E-14
+1.0400000E+01	-9.7554953E-15	+6.1038521E-14
+1.0800000E+01	-1.1950986E-13	-6.8478886E-15
+1.1200000E+01	-4.5231582E-14	+3.0174920E-13
+1.1600000E+01	+4.1845957E-13	+1.0205477E-13
+1.2000000E+01	+1.5509637E-13	-4.1945182E-13
+1.2400000E+01	-2.8957355E-13	-1.7416203E-13
+1.2800000E+01	-1.3575301E-13	+5.3566256E-14
+1.3200000E+01	-2.3246008E-13	+3.4375940E-14
+1.3600000E+01	-1.1390924E-13	+4.9832161E-13
+1.4000000E+01	+6.7936699E-13	+2.7604877E-13
+1.4400000E+01	+4.1193088E-13	-7.3287459E-13
+1.4800000E+01	-6.4792916E-13	-4.8594192E-13
+1.5200000E+01	-4.7698924E-13	+4.4748962E-13
+1.5600000E+01	+1.8269013E-13	+3.8492361E-13
+1.6000000E+01	+2.3206582E-13	+7.9547367E-14
+1.6400000E+01	+2.7322731E-13	-5.9051227E-14
+1.6800000E+01	+8.4958158E-14	-3.5048180E-13
+1.7200000E+01	-2.9450689E-13	-1.5611425E-13
+1.7600000E+01	-1.3035104E-13	+1.2402715E-13
+1.8000000E+01	-1.1264559E-13	+1.3872408E-14
+1.8400000E+01	-1.5455691E-13	+3.5257975E-13
+1.8800000E+01	+5.3778643E-13	+3.1159278E-13
+1.9200000E+01	+3.8645980E-13	-6.3334326E-13
+1.9600000E+01	-6.3837837E-13	-3.2310876E-13
+2.0000000E+01	-1.0129355E-13	+5.8620123E-13
+2.0400000E+01	+5.3284166E-13	-2.4989321E-13
+2.0800000E+01	-6.5129978E-13	-5.3657386E-13
+2.1200000E+01	-6.3409964E-13	+9.8846349E-13
+2.1600000E+01	+1.1405591E-12	+8.2123537E-13
+2.2000000E+01	+1.0461608E-12	-1.0174927E-12
+2.2400000E+01	-5.9464023E-13	-1.2205415E-12
+2.2800000E+01	-1.2479783E-12	-6.7379662E-14
+2.3200000E+01	-8.2823884E-13	+1.0617664E-12
+2.3600000E+01	+6.5795129E-13	+1.5017498E-12
+2.4000000E+01	+1.9104104E-12	-1.0865149E-13
+2.4400000E+01	+4.5356769E-13	-1.9432394E-12
+2.4800000E+01	-1.5954481E-12	-8.7813995E-13
+2.5200000E+01	-1.0513477E-12	+9.7322318E-13
+2.5600000E+01	+2.5955100E-13	+9.4185168E-13
+2.6000000E+01	+6.1709665E-13	+3.4737475E-13
+2.6400000E+01	+7.0003677E-13	-2.2197110E-13
+2.6800000E+01	+7.3083342E-14	-7.4666724E-13
+2.7200000E+01	-5.3922570E-13	-1.3411545E-13
+2.7600000E+01	+8.8890848E-14	+2.0363127E-13
+2.8000000E+01	-1.1317097E-13	-5.4740025E-13
+2.8400000E+01	-1.1165949E-12	+2.9672392E-13
+2.8800000E+01	+2.9883260E-13	+1.6435036E-12
+2.9200000E+01	+2.0007397E-12	-1.4180268E-13
+2.9600000E+01	+1.0353761E-13	-2.1256755E-12
+3.0000000E+01	-2.0330358E-12	-3.5314893E-13
+3.0400000E+01	-5.4305079E-13	+1.8003755E-12
+3.0800000E+01	+1.5353072E-12	+6.4931441E-13
+3.1200000E+01	+6.9085993E-13	-1.3373571E-12
+3.1600000E+01	-1.2659608E-12	-7.1758758E-13
+3.2000000E+01	-7.8960904E-13	+1.3218472E-12
+3.2400000E+01	+1.4447561E-12	+9.5358748E-13
+3.2800000E+01	+1.2213107E-12	-1.5275439E-12
+3.3200000E+01	-1.4447081E-12	-1.5552980E-12
+3.3600000E+01	-1.8665563E-12	+1.0907945E-12
+3.4000000E+01	+4.2040470E-13	+2.0289832E-12
+3.4400000E+01	+1.9115061E-12	+5.2217620E-13
+3.4800000E+01	+1.5966193E-12	-1.4224931E-12
+3.5200000E+01	-5.5341439E-13	-2.5919350E-12
+3.5600000E+01	-3.2820591E-12	-5.9581990E-13
+3.6000000E+01	-1.8251931E-12	+3.4974269E-12
+3.6400000E+01	+3.1884308E-12	+2.8817532E-12
+3.6800000E+01	+3.5354634E-12	-2.4549973E-12
+3.7200000E+01	-1.5257386E-12	-3.6592527E-12
+3.7600000E+01	-3.2824040E-12	+6.8808349E-13
+3.8000000E+01	+1.9088842E-13	+2.5923808E-12
+3.8400000E+01	+1.8778179E-12	-1.5470287E-13
+3.8800000E+01	-5.2531766E-13	-1.4285609E-12
+3.9200000E+01	-1.4279045E-12	+1.0918109E-12
+3.9600000E+01	+1.5657567E-12	+1.8787902E-12
+4.0000000E+01	+2.5955818E-12	-1.6931938E-12
+4.0400000E+01	-1.3559809E-12	-3.2689788E-12
+4.0800000E+01	-3.5827104E-12	+6.2128812E-13
+4.1200000E+01	-2.8271546E-13	+3.3386575E-12
+4.1600000E+01	+2.5414845E-12	+1.0576950E-12
+4.2000000E+01	+1.4578483E-12	-1.4077754E-12
+4.2400000E+01	-2.9309457E-13	-1.3956998E-12
+4.2800000E+01	-9.8748533E-13	-4.3778917E-13
+4.3200000E+01	-5.4969345E-13	+5.1744916E-13
+4.3600000E+01	+3.3178132E-13	+3.2625100E-14
+4.4000000E+01	-8.8256999E-13	-7.0052192E-13
+4.4400000E+01	-1.6989168E-12	+1.7961360E-12
+4.4800000E+01	+2.2748388E-12	+3.1536595E-12
+4.5200000E+01	+4.6768394E-12	-2.0041270E-12
+4.5600000E+01	-9.0424061E-13	-5.7797373E-12
+4.6000000E+01	-6.0306999E-12	-8.3042905E-13
+4.6400000E+01	-2.7839114E-12	+5.2053801E-12
+4.6800000E+01	+3.3785116E-12	+4.4480026E-12
+4.7200000E+01	+5.3875657E-12	-9.2359775E-13
+4.7600000E+01	+1.5847018E-12	-5.3877901E-12
+4.8000000E+01	-4.5329692E-12	-3.5393354E-12
+4.8400000E+01	-4.4896368E-12	+3.1863900E-12
+4.8800000E+01	+1.8724486E-12	+4.2886320E-12
+4.9200000E+01	+3.1465561E-12	-1.0960344E-12
+4.9600000E+01	-1.1593366E-12	-1.5662603E-12
+5.0000000E+01	-1.7573308E-13	+2.0424213E-12
+5.0400000E+01	+3.3962945E-12	-4.8877496E-13
+5.0800000E+01	-1.7314828E-13	-4.6591460E-12
+5.1200000E+01	-5.2602601E-12	-1.0023070E-12
+5.1600000E+01	-2.5878969E-12	+4.8391887E-12
+5.2000000E+01	+3.3963200E-12	+3.9754715E-12
+5.2400000E+01	+4.6339005E-12	-1.3123116E-12
+5.2800000E+01	+7.7786033E-13	-4.3191977E-12
+5.3200000E+01	-3.1757269E-12	-2.2132990E-12
+5.3600000E+01	-2.5524054E-12	+1.6856436E-12
+5.4000000E+01	+4.8350195E-13	+1.7397896E-12
+5.4400000E+01	+1.2881788E-13	-1.0743347E-13
+5.4800000E+01	-7.8450954E-13	+1.6497047E-12
+5.5200000E+01	+2.9213500E-12	+2.3344586E-12
+5.5600000E+01	+4.2283246E-12	-3.2132002E-12
+5.6000000E+01	-2.4167013E-12	-5.7770131E-12
+5.6400000E+01	-6.3747714E-12	+8.0986788E-13
+5.6800000E+01	-1.0623933E-12	+5.7046183E-12
+5.7200000E+01	+3.8324877E-12	+2.5964038E-12
+5.7600000E+01	+3.3427848E-12	-1.1640954E-12
+5.8000000E+01	+1.7078509E-12	-3.1459945E-12
+5.8400000E+01	-2.1669896E-12	-4.2006725E-12
+5.8800000E+01	-5.9091235E-12	+7.9390234E-13
+5.9200000E+01	-5.1376829E-13	+6.6902789E-12
+5.9600000E+01	+6.6510788E-12	+1.3841735E-12
+6.0000000E+01	+1.6408598E-12	-6.0611717E-12
+6.0400000E+01	-5.2356802E-12	-1.3323553E-12
+6.0800000E+01	-6.8875447E-13	+4.4331036E-12
+6.1200000E+01	+3.7970004E-12	+3.3397825E-14
+6.1600000E+01	-3.1533951E-13	-3.3471665E-12
+6.2000000E+01	-3.0079318E-12	+1.2459704E-13
+6.2400000E+01	-7.0345084E-13	+2.6541762E-12
+6.2800000E+01	+2.1589556E-12	+2.1141880E-12
+6.3200000E+01	+3.9108440E-12	-1.4343685E-12
+6.3600000E+01	-4.6286225E-13	-5.7885585E-12
+6.4000000E+01	-7.3900227E-12	-6.8362365E-13
+6.4400000E+01	-1.8426394E-12	+8.3784958E-12
+6.4800000E+01	+8.5169607E-12	+2.7860223E-12
+6.5200000E+01	+3.2736204E-12	-7.7336445E-12
+6.5600000E+01	-6.1505603E-12	-3.1276286E-12
+6.6000000E+01	-2.3057303E-12	+4.0583829E-12
+6.6400000E+01	+1.8380773E-12	+9.4359984E-13
+6.6800000E+01	-6.5789646E-13	+1.4881331E-13
+6.7200000E+01	+1.6633964E-12	+2.1072955E-12
+6.7600000E+01	+3.0401468E-12	-2.6469158E-12
+6.8000000E+01	-3.2091120E-12	-3.2396338E-12
+6.8400000E+01	-2.7138529E-12	+3.5517998E-12
+6.8800000E+01	+3.8597478E-12	+1.6967043E-12
+6.9200000E+01	+5.6812795E-13	-4.2058868E-12
+6.9600000E+01	-4.5124988E-12	+2.7819514E-13
+7.0000000E+01	+5.6974549E-13	+4.5860246E-12
+7.0400000E+01	+4.2108916E-12	-2.4141241E-13
+7.0800000E+01	+5.5819343E-13	-3.2616907E-12
+7.1200000E+01	-1.7847412E-12	-1.5390491E-12
+7.1600000E+01	-2.3882935E-12	+1.3052924E-14
+7.2000000E+01	-1.6931795E-12	+2.8862851E-12
+7.2400000E+01	+2.9756955E-12	+2.9577484E-12
+7.2800000E+01	+3.5083521E-12	-2.7611331E-12
+7.3200000E+01	-2.4459290E-12	-3.2605334E-12
+7.3600000E+01	-2.3368133E-12	+2.2365509E-12
+7.4000000E+01	+2.2546525E-12	+1.0179126E-12
+7.4400000E+01	-3.5250871E-13	-2.4899325E-12
+7.4800000E+01	-2.8085123E-12	+1.4739261E-12
+7.5200000E+01	+2.1700244E-12	+3.0099290E-12
+7.5600000E+01	+2.9092431E-12	-2.4208659E-12
+7.6000000E+01	-2.3403730E-12	-2.4139470E-12
+7.6400000E+01	-1.5688568E-12	+2.1111043E-12
+7.6800000E+01	+1.9007677E-12	+5.5335710E-13
+7.7200000E+01	-3.6962514E-13	-1.7896504E-12
+7.7600000E+01	-1.7347178E-12	+9.3847779E-13
+7.8000000E+01	+9.8536754E-13	+1.5853518E-12
+7.8400000E+01	+1.1494281E-12	-5.0469304E-13
+7.8800000E+01	+3.3033159E-13	-2.9008665E-13
+7.9200000E+01	+9.8150637E-13	-1.2166899E-12
+7.9600000E+01	-1.8274645E-12	-2.4574353E-12
+8.0000000E+01	-3.7589268E-12	+1.9416180E-12
+8.0400000E+01	+1.5482252E-12	+4.4428603E-12
+8.0800000E+01	+4.1617592E-12	-8.7664992E-13
+8.1200000E+01	-3.2654906E-13	-2.8210978E-12
+8.1600000E+01	-6.6710941E-13	+3.1045301E-13
+8.2000000E+01	+1.0627589E-12	-1.7448704E-12
+8.2400000E+01	-3.7091056E-12	-2.4936531E-12
+8.2800000E+01	-4.1600465E-12	+4.6094400E-12
+8.3200000E+01	+4.1530600E-12	+5.3854285E-12
+8.3600000E+01	+5.4996324E-12	-2.5014114E-12
+8.4000000E+01	-2.3398731E-13	-4.1128122E-12
+8.4400000E+01	-1.3120599E-12	-1.8548144E-12
+8.4800000E+01	-3.0544984E-12	-2.3103167E-12
+8.5200000E+01	-5.8249851E-12	+3.0154784E-12
+8.5600000E+01	+1.8885289E-12	+8.2775172E-12
+8.6000000E+01	+9.0272077E-12	-2.6342482E-13
+8.6400000E+01	+1.0734990E-12	-7.9783308E-12
+8.6800000E+01	-5.6087610E-12	-1.4651945E-12
+8.7200000E+01	-6.5762415E-13	+2.7823410E-12
+8.7600000E+01	+4.2036859E-13	-1.0938050E-12
+8.8000000E+01	-3.1295407E-12	+8.3481490E-13
+8.8400000E+01	+8.3032924E-13	+4.6571135E-12
+8.8800000E+01	+5.0726692E-12	+9.0479723E-14
+8.9200000E+01	+1.2754991E-12	-4.1984018E-12
+8.9600000E+01	-2.3409865E-12	-2.0562973E-12
+9.0000000E+01	-2.0186596E-12	+1.5482843E-13
+9.0400000E+01	-1.6241232E-12	+1.1429501E-12
+9.0800000E+01	-2.3060733E-13	+2.4588799E-12
+9.1200000E+01	+2.1936514E-12	+1.5793840E-12
+9.1600000E+01	+2.4298057E-12	-1.0746685E-12
+9.2000000E+01	+3.8247199E-13	-2.5411343E-12
+9.2400000E+01	-1.9715229E-12	-1.6107281E-12
+9.2800000E+01	-2.2013932E-12	+1.0137411E-12
+9.3200000E+01	+4.3285604E-14	+2.0282726E-12
+9.3600000E+01	+1.2532652E-12	+6.4858774E-13
+9.4000000E+01	+9.6878777E-13	-2.3034199E-13
+9.4400000E+01	+6.4100147E-13	-1.0462220E-12
+9.4800000E+01	-1.1684581E-12	-1.0540510E-12
+9.5200000E+01	-8.8181789E-13	+1.6650111E-12
+9.5600000E+01	+2.7828665E-12	+1.9629487E-13
+9.6000000E+01	-7.7186058E-13	-4.5932475E-12
+9.6400000E+01	-6.9517472E-12	+1.7111386E-12
+9.6800000E+01	+2.3194857E-12	+9.5162441E-12
+9.7200000E+01	+1.1814178E-11	-2.3856970E-12
+9.7600000E+01	-1.8455975E-12	-1.3343278E-11
+9.8000000E+01	-1.3685267E-11	+8.0145942E-13
+9.8400000E+01	-5.0113707E-13	+1.2608650E-11
+9.8800000E+01	+1.0135711E-11	+1.7358950E-12
+9.9200000E+01	+2.5830642E-12	-6.5534016E-12
+9.9600000E+01	-2.3603230E-12	-2.8162283E-12
+1.0000000E+02	-2.3603148E-12	-1.8394613E-12
+1.0040000E+02	-5.4668396E-12	+1.3005444E-12
+1.0080000E+02	-1.6015650E-13	+8.0837812E-12
+1.0120000E+02	+9.4614198E-12	+1.7771904E-12
+1.0160000E+02	+3.3419945E-12	-9.5846654E-12
+1.0200000E+02	-8.6023359E-12	-4.7299560E-12
+1.0240000E+02	-5.9018937E-12	+6.7513485E-12
+1.0280000E+02	+4.2893100E-12	+6.8649360E-12
+1.0320000E+02	+7.6178256E-12	-1.4597063E-12
+1.0360000E+02	+1.5065166E-12	-8.1122005E-12
+1.0400000E+02	-8.2521717E-12	-4.3692942E-12
+1.0440000E+02	-6.8638422E-12	+7.9343995E-12
+1.0480000E+02	+7.1099685E-12	+8.7124323E-12
+1.0520000E+02	+9.6686371E-12	-5.8378333E-12
+1.0560000E+02	-4.3026001E-12	-9.5802453E-12
+1.0600000E+02	-8.4450259E-12	+2.7848281E-12
+1.0640000E+02	+1.5921317E-12	+6.4338855E-12
+1.0680000E+02	+3.8678839E-12	-9.7496668E-13
+1.0720000E+02	-1.0559504E-12	-1.1529335E-12
+1.0760000E+02	+1.3090078E-12	+1.7952448E-12
+1.0800000E+02	+3.0010912E-12	-3.2064832E-12
+1.0840000E+02	-4.3794197E-12	-4.3801931E-12
+1.0880000E+02	-5.6122520E-12	+4.8399967E-12
+1.0920000E+02	+4.7505810E-12	+6.4285362E-12
+1.0960000E+02	+6.6751748E-12	-4.3660688E-12
+1.1000000E+02	-3.9554421E-12	-6.3461651E-12
+1.1040000E+02	-5.5776359E-12	+3.7218540E-12
+1.1080000E+02	+3.7420037E-12	+4.6033933E-12
+1.1120000E+02	+3.6817865E-12	-3.9430513E-12
+1.1160000E+02	-4.1275739E-12	-3.0136842E-12
+1.1200000E+02	-2.6773477E-12	+4.0440233E-12
+1.1240000E+02	+3.4844581E-12	+2.6043107E-12
+1.1280000E+02	+2.6091089E-12	-2.3784184E-12
+1.1320000E+02	-8.4796510E-13	-2.4670051E-12
+1.1360000E+02	-2.0141549E-12	-8.0196101E-13
+1.1400000E+02	-2.1627655E-12	+1.2323846E-12
+1.1440000E+02	+2.8247228E-13	+2.8499880E-12
+1.1480000E+02	+2.6378524E-12	+5.3330185E-13
+1.1520000E+02	+8.7205106E-13	-1.5523005E-12
+1.1560000E+02	+1.1408805E-13	-4.8145474E-13
+1.1600000E+02	+6.8646381E-13	-1.8755636E-12
+1.1640000E+02	-3.1940622E-12	-2.4232719E-12
+1.1680000E+02	-4.2975718E-12	+3.6421326E-12
+1.1720000E+02	+3.0344315E-12	+5.7676732E-12
+1.1760000E+02	+6.3388922E-12	-1.4850576E-12
+1.1800000E+02	+6.2666140E-13	-5.7147424E-12
+1.1840000E+02	-3.8928836E-12	-2.7689032E-12
+1.1880000E+02	-4.4108621E-12	+1.1749480E-12
+1.1920000E+02	-1.9126082E-12	+5.1682938E-12
+1.1960000E+02	+4.8978356E-12	+4.7614646E-12
+1.2000000E+02	+6.8442186E-12	-3.7158436E-12
+1.2040000E+02	-1.9428016E-12	-7.8489567E-12
+1.2080000E+02	-7.7487689E-12	-2.7810005E-15
+1.2120000E+02	-1.7240010E-12	+6.7912642E-12
+1.2160000E+02	+5.4179425E-12	+2.9420896E-12
+1.2200000E+02	+3.5456771E-12	-4.1425967E-12
+1.2240000E+02	-3.4257006E-12	-3.5876430E-12
+1.2280000E+02	-3.2421531E-12	+3.5765477E-12
+1.2320000E+02	+4.7003690E-12	+2.7441797E-12
+1.2360000E+02	+2.3325510E-12	-6.6909403E-12
+1.2400000E+02	-9.2576918E-12	-2.2077944E-12
+1.2440000E+02	-2.5042637E-12	+1.1974053E-11
+1.2480000E+02	+1.4339247E-11	+3.2695501E-12
+1.2520000E+02	+4.4468212E-12	-1.5852847E-11
+1.2560000E+02	-1.6102857E-11	-5.8653582E-12
+1.2600000E+02	-7.2537134E-12	+1.4860279E-11
+1.2640000E+02	+1.2159210E-11	+8.2899722E-12
+1.2680000E+02	+8.6903554E-12	-8.3304882E-12
+1.2720000E+02	-3.9593335E-12	-8.3148639E-12
+1.2760000E+02	-7.2484995E-12	-2.4182888E-13
+1.2800000E+02	-3.6200502E-12	+5.8124954E-12
+1.2840000E+02	+4.4797774E-12	+5.7699435E-12
+1.2880000E+02	+6.6515755E-12	-3.7083428E-12
+1.2920000E+02	-3.7489618E-12	-6.5840099E-12
+1.2960000E+02	-6.1063062E-12	+4.5077622E-12
+1.3000000E+02	+5.5336959E-12	+5.7544499E-12
+1.3040000E+02	+5.8439746E-12	-6.1548594E-12
+1.3080000E+02	-5.7235419E-12	-6.3519870E-12
+1.3120000E+02	-6.9530987E-12	+3.8765948E-12
+1.3160000E+02	+7.0209408E-13	+7.1964099E-12
+1.3200000E+02	+6.7453880E-12	+3.2637755E-12
+1.3240000E+02	+7.2160746E-12	-5.5705888E-12
+1.3280000E+02	-4.0035467E-12	-1.0367339E-11
+1.3320000E+02	-1.2224274E-11	+2.6219785E-12
+1.3360000E+02	+2.0135117E-12	+1.2742690E-11
+1.3400000E+02	+1.2302393E-11	-2.5212349E-12
+1.3440000E+02	-4.0828797E-12	-1.1522380E-11
+1.3480000E+02	-1.1003270E-11	+6.2326770E-12
+1.3520000E+02	+8.2618379E-12	+1.1108286E-11
+1.3560000E+02	+1.1867037E-11	-9.4653214E-12
+1.3600000E+02	-9.3707123E-12	-1.3023809E-11
+1.3640000E+02	-1.4186084E-11	+7.8623746E-12
+1.3680000E+02	+5.1687700E-12	+1.4991394E-11
+1.3720000E+02	+1.5216770E-11	-1.7436928E-12
+1.3760000E+02	+1.8878980E-12	-1.4797308E-11
+1.3800000E+02	-1.3773266E-11	-5.2487845E-12
+1.3840000E+02	-7.9576126E-12	+1.2219778E-11
+1.3880000E+02	+1.0212785E-11	+9.7183206E-12
+1.3920000E+02	+1.0295718E-11	-7.8525388E-12
+1.3960000E+02	-5.3226485E-12	-9.5228707E-12
+1.4000000E+02	-7.3566639E-12	+2.9339140E-12
+1.4040000E+02	+1.1048514E-12	+3.9572058E-12
+1.4080000E+02	-2.6072484E-13	-2.6352217E-13
+1.4120000E+02	-7.0011283E-13	+4.6535869E-12
+1.4160000E+02	+8.4694776E-12	+2.4321930E-12
+1.4200000E+02	+5.1470209E-12	-1.1034486E-11
+1.4240000E+02	-1.1940874E-11	-8.2558109E-12
+1.4280000E+02	-1.1047903E-11	+1.1165642E-11
+1.4320000E+02	+9.0726983E-12	+1.2890824E-11
+1.4360000E+02	+1.3404314E-11	-6.2966315E-12
+1.4400000E+02	-3.5503947E-12	-1.2549071E-11
+1.4440000E+02	-1.0606222E-11	+1.4243178E-12
+1.4480000E+02	+2.4133821E-13	+8.0644678E-12
+1.4520000E+02	+5.4613154E-12	-7.6662601E-15
+1.4560000E+02	-4.6244603E-13	-3.2335051E-12
+1.4600000E+02	-1.6204203E-12	+1.1988692E-12
+1.4640000E+02	+1.8120550E-12	+6.4126719E-13
+1.4680000E+02	+1.4219425E-13	-2.0277307E-12
+1.4720000E+02	-1.7766308E-12	+1.0944025E-13
+1.4760000E+02	+3.1690397E-13	+1.1971163E-12
+1.4800000E+02	+5.6840313E-13	-5.6723995E-13
+1.4840000E+02	-7.9488755E-13	-1.9597060E-13
+1.4880000E+02	-2.8600097E-13	+8.1097772E-13
+1.4920000E+02	+3.9276057E-13	+8.5252977E-13
+1.4960000E+02	+1.6945535E-12	+5.9556205E-13
+1.5000000E+02	+2.0967554E-12	-2.4588693E-12
+1.5040000E+02	-2.7725255E-12	-3.8176701E-12
+1.5080000E+02	-5.2797844E-12	+2.3979099E-12
+1.5120000E+02	+1.3480537E-12	+5.9580809E-12
+1.5160000E+02	+5.4638343E-12	+9.0199879E-14
+1.5200000E+02	+1.4426014E-12	-3.7015541E-12
+1.5240000E+02	-9.3325600E-13	-2.2144323E-12
+1.5280000E+02	-2.0717726E-12	-2.2833242E-12
+1.5320000E+02	-5.2646749E-12	+9.6166989E-13
+1.5360000E+02	-8.7918508E-13	+7.4153859E-12
+1.5400000E+02	+8.4024806E-12	+3.0286688E-12
+1.5440000E+02	+5.0475605E-12	-8.2245963E-12
+1.5480000E+02	-7.1575468E-12	-6.6361896E-12
+1.5520000E+02	-7.7128474E-12	+5.6117396E-12
+1.5560000E+02	+3.9716877E-12	+8.3880447E-12
+1.5600000E+02	+8.8597969E-12	-2.4872901E-12
+1.5640000E+02	-1.2526802E-12	-9.2906332E-12
+1.5680000E+02	-9.7294161E-12	+2.6033884E-13
+1.5720000E+02	-5.1830362E-13	+1.0110594E-11
+1.5760000E+02	+1.0317951E-11	+1.0806599E-12
+1.5800000E+02	+1.3982395E-12	-1.0264849E-11
+1.5840000E+02	-9.9376118E-12	-1.4669620E-12
+1.5880000E+02	-1.3579336E-12	+9.3755146E-12
+1.5920000E+02	+8.6037936E-12	+1.2207243E-12
+1.5960000E+02	+1.2196345E-12	-7.5697972E-12
+1.6000000E+02	-6.1360387E-12	-1.4280188E-12
+1.6040000E+02	-1.7404008E-12	+4.1533493E-12
+1.6080000E+02	+1.5880457E-12	+1.8648189E-12
+1.6120000E+02	+1.4232567E-12	+1.3636688E-12
+1.6160000E+02	+4.2483597E-12	-1.3147176E-13
+1.6200000E+02	+2.0200149E-12	-6.4555743E-12
+1.6240000E+02	-7.4247964E-12	-4.6768442E-12
+1.6280000E+02	-7.1851408E-12	+6.8791513E-12
+1.6320000E+02	+4.9798402E-12	+8.8041380E-12
+1.6360000E+02	+8.9905155E-12	-2.3187867E-12
+1.6400000E+02	+2.6722955E-13	-7.6360324E-12
+1.6440000E+02	-5.1500536E-12	-1.9980939E-12
+1.6480000E+02	-2.4479807E-12	+2.3389813E-12
+1.6520000E+02	+1.2016832E-13	+1.7133376E-12
+1.6560000E+02	+3.7498527E-13	+8.1915473E-13
+1.6600000E+02	+2.8012060E-13	+7.3688573E-13
+1.6640000E+02	+8.8217353E-13	+1.3786629E-12
+1.6680000E+02	+3.3899498E-12	+2.8376789E-13
+1.6720000E+02	+2.5648803E-12	-4.8831983E-12
+1.6760000E+02	-5.2206893E-12	-5.2993078E-12
+1.6800000E+02	-7.6230968E-12	+4.2277245E-12
+1.6840000E+02	+2.2267369E-12	+8.8133572E-12
+1.6880000E+02	+8.5697901E-12	+1.3127057E-13
+1.6920000E+02	+2.1598384E-12	-7.1207773E-12
+1.6960000E+02	-5.1143344E-12	-3.4265594E-12
+1.7000000E+02	-3.9159732E-12	+3.3434941E-12
+1.7040000E+02	+2.4226473E-12	+3.9999691E-12
+1.7080000E+02	+4.2338374E-12	-2.5485913E-12
+1.7120000E+02	-3.4414157E-12	-5.0709437E-12
+1.7160000E+02	-6.6229976E-12	+4.4832350E-12
+1.7200000E+02	+4.9903071E-12	+8.5721246E-12
+1.7240000E+02	+1.0274923E-11	-4.5009873E-12
+1.7280000E+02	-2.9598724E-12	-1.1016052E-11
+1.7320000E+02	-1.0305144E-11	+7.2692626E-13
+1.7360000E+02	-1.5827369E-12	+8.0929834E-12
+1.7400000E+02	+4.8180648E-12	+3.3512993E-12
+1.7440000E+02	+4.1906735E-12	-1.2668392E-12
+1.7480000E+02	+1.6915730E-12	-4.0581403E-12
+1.7520000E+02	-3.2159796E-12	-3.3863530E-12
+1.7560000E+02	-3.5316802E-12	+2.0683330E-12
+1.7600000E+02	+9.6232280E-13	+2.2563978E-12
+1.7640000E+02	-1.4456923E-14	-5.1189546E-14
+1.7680000E+02	+7.1904737E-13	+2.7547402E-12
+1.7720000E+02	+5.5122299E-12	-1.5028230E-12
+1.7760000E+02	-2.3932085E-12	-7.9893278E-12
+1.7800000E+02	-1.0012276E-11	+3.2981295E-12
+1.7840000E+02	+3.9281431E-12	+1.1433930E-11
+1.7880000E+02	+1.2050637E-11	-3.9114547E-12
+1.7920000E+02	-2.9841998E-12	-1.1604193E-11
+1.7960000E+02	-9.8896709E-12	+1.1604861E-12
+1.8000000E+02	-1.2099432E-12	+6.9245186E-12
+1.8040000E+02	+3.0878979E-12	+3.5381992E-12
+1.8080000E+02	+5.2145522E-12	+8.6230888E-13
+1.8120000E+02	+3.9397148E-12	-5.8541298E-12
+1.8160000E+02	-5.4565832E-12	-5.2151193E-12
+1.8200000E+02	-4.1362178E-12	+4.4013622E-12
+1.8240000E+02	+3.2744209E-12	+7.5156890E-13
+1.8280000E+02	-4.2615944E-12	-2.6011234E-12
+1.8320000E+02	-2.6063023E-12	+9.7895902E-12
+1.8360000E+02	+1.4627709E-11	+3.1130313E-12
+1.8400000E+02	+3.6298387E-12	-1.7847612E-11
+1.8440000E+02	-1.9046704E-11	-3.5897365E-12
+1.8480000E+02	-2.6334526E-12	+1.8390567E-11
+1.8520000E+02	+1.6447685E-11	+8.0674034E-13
+1.8560000E+02	-1.4214883E-12	-1.3901575E-11
+1.8600000E+02	-1.1271220E-11	+3.3336999E-12
+1.8640000E+02	+4.2579396E-12	+8.7573280E-12
+1.8680000E+02	+6.2674610E-12	-3.8545959E-12
+1.8720000E+02	-2.2711094E-12	-3.5883031E-12
+1.8760000E+02	-6.0728918E-13	+9.7460145E-14
+1.8800000E+02	-1.8585317E-12	-2.5321713E-12
+1.8840000E+02	-5.4211681E-12	+2.8806479E-12
+1.8880000E+02	+2.6096771E-12	+7.5283797E-12
+1.8920000E+02	+8.4288219E-12	-1.1590099E-12
+1.8960000E+02	+9.5801711E-13	-8.0100129E-12
+1.9000000E+02	-6.5568635E-12	-3.0469211E-12
+1.9040000E+02	-4.4968348E-12	+4.6716035E-12
+1.9080000E+02	+3.0595894E-12	+4.9796369E-12
+1.9120000E+02	+4.5095863E-12	-2.2717321E-12
+1.9160000E+02	-2.5127860E-12	-3.3569456E-12
+1.9200000E+02	-1.8742759E-12	+3.5943585E-12
+1.9240000E+02	+5.0468744E-12	+3.2778985E-13
+1.9280000E+02	-1.1853380E-12	-6.3355327E-12
+1.9320000E+02	-7.0824977E-12	+2.7019360E-12
+1.9360000E+02	+4.2703981E-12	+7.1995780E-12
+1.9400000E+02	+6.8802515E-12	-5.8161972E-12
+1.9440000E+02	-7.0772776E-12	-6.4657663E-12
+1.9480000E+02	-6.2566800E-12	+7.6563975E-12
+1.9520000E+02	+7.1778673E-12	+6.3629387E-12
+1.9560000E+02	+6.6631791E-12	-5.4802660E-12
+1.9600000E+02	-2.7517582E-12	-6.8886101E-12
+1.9640000E+02	-6.7849827E-12	-4.6630213E-13
+1.9680000E+02	-3.4259578E-12	+6.2671731E-12
+1.9720000E+02	+5.4835370E-12	+5.4199391E-12
+1.9760000E+02	+6.0311547E-12	-4.7507795E-12
+1.9800000E+02	-4.3845992E-12	-5.2791557E-12
+1.9840000E+02	-3.5986542E-12	+4.5063906E-12
+1.9880000E+02	+4.9249813E-12	+1.6559688E-12
+1.9920000E+02	+7.9659876E-14	-5.1640331E-12
+1.9960000E+02	-4.6412954E-12	+7.7995590E-13
+2.0000000E+02	+9.5930565E-13	+2.9336125E-12
+2.0040000E+02	+1.4642906E-14	-8.1255729E-13
+2.0080000E+02	-7.9845817E-13	+3.6462481E-12
+2.0120000E+02	+7.1833817E-12	+1.2216428E-12
+2.0160000E+02	+2.0491777E-12	-9.6098345E-12
+2.0200000E+02	-1.0168424E-11	-2.8912032E-12
+2.0240000E+02	-3.1616144E-12	+8.6207316E-12
+2.0280000E+02	+5.3554126E-12	+2.3524923E-12
+2.0320000E+02	+3.0108987E-13	-1.2671361E-12
+2.0360000E+02	+2.5499623E-12	+2.6740334E-12
+2.0400000E+02	+5.8380766E-12	-5.1745662E-12
+2.0440000E+02	-6.1498466E-12	-8.2902153E-12
+2.0480000E+02	-9.3005045E-12	+5.5828374E-12
+2.0520000E+02	+4.0214968E-12	+8.5931583E-12
+2.0560000E+02	+6.4543484E-12	-2.1732338E-12
+2.0600000E+02	-5.9410414E-13	-3.6150806E-12
+2.0640000E+02	-9.5578690E-13	-5.1371574E-13
+2.0680000E+02	-1.3111627E-12	-8.4261115E-13
+2.0720000E+02	-1.5512276E-12	+2.1438893E-12
+2.0760000E+02	+3.2703474E-12	+1.4397876E-12
+2.0800000E+02	+1.0977486E-12	-4.6364379E-12
+2.0840000E+02	-5.8180775E-12	-1.1115744E-12
+2.0880000E+02	-1.7471014E-12	+6.1759581E-12
+2.0920000E+02	+5.1645618E-12	+2.7879522E-12
+2.0960000E+02	+3.6141347E-12	-2.6563881E-12
+2.1000000E+02	+8.7868428E-13	-3.4965292E-12
+2.1040000E+02	-1.9802148E-12	-4.4462763E-12
+2.1080000E+02	-6.8527735E-12	-8.2043407E-13
+2.1120000E+02	-4.1635482E-12	+7.1666847E-12
+2.1160000E+02	+5.1265834E-12	+6.9087106E-12
+2.1200000E+02	+7.9554083E-12	-1.3124246E-12
+2.1240000E+02	+3.0143695E-12	-6.7121562E-12
+2.1280000E+02	-3.3903135E-12	-6.3597864E-12
+2.1320000E+02	-7.5653708E-12	-1.0198391E-12
+2.1360000E+02	-5.1021324E-12	+6.2649118E-12
+2.1400000E+02	+3.0348447E-12	+7.5642358E-12
+2.1440000E+02	+7.7585193E-12	+8.3441113E-13
+2.1480000E+02	+3.8602660E-12	-5.9499327E-12
+2.1520000E+02	-3.2066945E-12	-4.9695642E-12
+2.1560000E+02	-3.9273319E-12	+9.4816019E-13
+2.1600000E+02	+3.3395797E-13	+1.4090326E-12
+2.1640000E+02	-1.3169336E-12	-1.7530833E-12
+2.1680000E+02	-4.6357831E-12	+2.9616939E-12
+2.1720000E+02	+2.7960091E-12	+7.6770850E-12
+2.1760000E+02	+9.3847878E-12	-9.8425093E-13
+2.1800000E+02	+1.4771007E-12	-8.7226791E-12
+2.1840000E+02	-5.5745050E-12	-3.1945149E-12
+2.1880000E+02	-3.0002489E-12	+8.2720432E-13
+2.1920000E+02	-3.9670124E-12	+4.9279800E-13
+2.1960000E+02	-3.7423197E-12	+7.2102168E-12
+2.2000000E+02	+7.8996788E-12	+8.3320509E-12
+2.2040000E+02	+1.1654979E-11	-6.0209466E-12
+2.2080000E+02	-2.5306160E-12	-1.2492922E-11
+2.2120000E+02	-1.0519497E-11	-1.0579687E-12
+2.2160000E+02	-3.3047055E-12	+6.4210952E-12
+2.2200000E+02	+1.6041711E-12	+3.4191208E-12
+2.2240000E+02	+1.5430483E-12	+2.3809324E-12
+2.2280000E+02	+4.4517357E-12	+1.3688843E-12
+2.2320000E+02	+4.0044388E-12	-4.3841698E-12
+2.2360000E+02	-2.8266711E-12	-5.2765357E-12
+2.2400000E+02	-4.7779557E-12	+9.4819169E-13
+2.2440000E+02	-1.1309864E-13	+2.9169036E-12
+2.2480000E+02	+6.8783468E-13	-2.4602383E-13
+2.2520000E+02	-1.8537827E-12	+8.0739998E-13
+2.2560000E+02	+8.6770589E-13	+3.8818208E-12
+2.2600000E+02	+5.2567725E-12	+4.9587160E-13
+2.2640000E+02	+2.5781460E-12	-5.1734651E-12
+2.2680000E+02	-3.4793678E-12	-4.3109665E-12
+2.2720000E+02	-4.7538296E-12	+7.6260583E-13
+2.2760000E+02	-1.8902283E-12	+3.5236475E-12
+2.2800000E+02	+9.7488607E-13	+3.3554313E-12
+2.2840000E+02	+2.9491178E-12	+1.9456408E-12
+2.2880000E+02	+4.1017817E-12	-7.1429681E-13
+2.2920000E+02	+2.6004307E-12	-4.6508734E-12
+2.2960000E+02	-3.3976719E-12	-5.8537472E-12
+2.3000000E+02	-7.9754076E-12	+8.7073981E-13
+2.3040000E+02	-1.9049760E-12	+8.3808972E-12
+2.3080000E+02	+7.1654259E-12	+3.8354663E-12
+2.3120000E+02	+4.1992229E-12	-5.0068367E-12
+2.3160000E+02	-2.8345195E-12	-2.9177318E-12
+2.3200000E+02	-5.4924690E-13	+1.4192256E-12
+2.3240000E+02	+1.0653252E-12	-1.9777836E-12
+2.3280000E+02	-3.7650139E-12	-1.5333903E-12
+2.3320000E+02	-2.2132224E-12	+4.3005295E-12
+2.3360000E+02	+3.6218058E-12	+2.4548177E-12
+2.3400000E+02	+1.8973598E-12	-2.2284301E-12
+2.3440000E+02	-8.0151827E-13	-6.4303545E-13
+2.3480000E+02	+8.0144582E-13	-1.2945362E-13
+2.3520000E+02	-4.1462355E-13	-1.7829774E-12
+2.3560000E+02	-1.8340847E-12	+3.0446940E-13
+2.3600000E+02	+2.6282663E-13	+9.1901965E-13
+2.3640000E+02	-5.2568896E-13	-6.7177818E-13
+2.3680000E+02	-1.5800932E-12	+1.7797978E-12
+2.3720000E+02	+2.1727239E-12	+2.6267560E-12
+2.3760000E+02	+3.1876730E-12	-1.4073463E-12
+2.3800000E+02	+2.7965542E-13	-2.6851137E-12
+2.3840000E+02	-9.1622584E-13	-2.2028263E-12
+2.3880000E+02	-3.5284526E-12	-1.7612915E-12
+2.3920000E+02	-4.4909262E-12	+3.6595627E-12
+2.3960000E+02	+2.5304418E-12	+6.2219475E-12
+2.4000000E+02	+6.1395414E-12	-6.7044337E-13
+2.4040000E+02	+1.0032936E-12	-4.0380470E-12
+2.4080000E+02	-4.6866696E-13	-1.5830482E-12
+2.4120000E+02	-5.8732204E-13	-3.4174131E-12
+2.4160000E+02	-6.2813010E-12	-1.7888878E-12
+2.4200000E+02	-4.7097732E-12	+7.1031655E-12
+2.4240000E+02	+5.5768020E-12	+7.0178778E-12
+2.4280000E+02	+7.7095245E-12	-2.2270636E-12
+2.4320000E+02	+1.8015634E-12	-6.3665564E-12
+2.4360000E+02	-3.3568738E-12	-5.1997686E-12
+2.4400000E+02	-7.0035733E-12	-2.8955384E-13
+2.4440000E+02	-3.2856821E-12	+6.9483023E-12
+2.4480000E+02	+5.5212869E-12	+4.6087546E-12
+2.4520000E+02	+3.9205504E-12	-3.6967548E-12
+2.4560000E+02	-2.4721698E-12	-1.7083175E-12
+2.4600000E+02	+9.1591684E-13	+2.4099343E-12
+2.4640000E+02	+3.3851119E-12	-2.6761792E-12
+2.4680000E+02	-2.6616195E-12	-4.6496407E-12
+2.4720000E+02	-5.1849954E-12	+7.0238538E-13
+2.4760000E+02	-2.5645489E-12	+4.1882573E-12
+2.4800000E+02	+1.4763778E-12	+5.9649342E-12
+2.4840000E+02	+8.2751967E-12	+2.3731636E-12
+2.4880000E+02	+6.2138525E-12	-8.7198409E-12
+2.4920000E+02	-7.2674351E-12	-8.7778753E-12
+2.4960000E+02	-9.1913002E-12	+4.6033194E-12
+2.5000000E+02	+1.7984942E-12	+7.3362039E-12
+2.5040000E+02	+3.9033616E-12	+1.7381504E-13
+2.5080000E+02	+8.5749372E-13	-1.1189423E-13
+2.5120000E+02	+2.7838744E-12	-4.8317784E-13
+2.5160000E+02	+1.8425132E-13	-3.9881643E-12
+2.5200000E+02	-3.4466536E-12	-2.4725893E-13
+2.5240000E+02	+8.5981550E-13	+1.8007852E-12
+2.5280000E+02	+4.1337285E-14	-3.0592100E-12
+2.5320000E+02	-5.6193490E-12	+9.7761150E-13
+2.5360000E+02	+9.4181151E-13	+7.4579538E-12
+2.5400000E+02	+7.6274957E-12	-2.1297865E-13
+2.5440000E+02	+3.6442030E-13	-5.7654265E-12
+2.5480000E+02	-2.3023076E-12	+1.0278982E-13
+2.5520000E+02	+2.0822636E-12	-1.6744244E-12
+2.5560000E+02	-4.8503999E-12	-5.3244344E-12
+2.5600000E+02	-8.8968305E-12	+6.2242598E-12
+2.5640000E+02	+5.5209850E-12	+1.1541781E-11
+2.5680000E+02	+1.2207041E-11	-3.2943324E-12
+2.5720000E+02	-6.6971164E-13	-1.0516169E-11
+2.5760000E+02	-6.9662926E-12	-1.1619604E-12
+2.5800000E+02	-1.4771159E-12	+2.7574399E-12
+2.5840000E+02	-6.8108043E-13	+3.4291840E-13
+2.5880000E+02	-1.4139313E-12	+2.2672888E-12
+2.5920000E+02	+1.6987052E-12	+2.5818570E-12
+2.5960000E+02	+2.1192299E-12	+4.4607344E-13
+2.6000000E+02	+2.9791651E-12	+3.5457617E-13
+2.6040000E+02	+4.3490350E-12	-4.6290470E-12
+2.6080000E+02	-4.5908775E-12	-8.6679971E-12
+2.6120000E+02	-1.1881872E-11	+2.8633562E-12
+2.6160000E+02	+2.2906624E-13	+1.2904328E-11
+2.6200000E+02	+1.1427071E-11	+2.1081098E-12
+2.6240000E+02	+3.0658416E-12	-8.0292656E-12
+2.6280000E+02	-3.9198777E-12	-2.1673243E-12
+2.6320000E+02	+2.4429859E-13	+4.2886847E-13
+2.6360000E+02	-1.5316756E-12	-3.1521849E-12
+2.6400000E+02	-5.3064969E-12	+1.8073708E-12
+2.6440000E+02	+1.0038110E-12	+5.7668844E-12
+2.6480000E+02	+4.3124922E-12	-1.6090720E-13
+2.6520000E+02	-2.4958633E-13	-1.5448209E-12
+2.6560000E+02	+1.3579964E-12	+1.7141230E-12
+2.6600000E+02	+4.2589215E-12	-3.1284226E-12
+2.6640000E+02	-2.9308821E-12	-6.9693410E-12
+2.6680000E+02	-8.7107074E-12	+6.9925660E-13
+2.6720000E+02	-2.8460655E-12	+8.6307475E-12
+2.6760000E+02	+6.5483171E-12	+6.5012134E-12
+2.6800000E+02	+9.0680545E-12	-3.0619075E-12
+2.6840000E+02	+6.6817815E-13	-9.8217040E-12
+2.6880000E+02	-8.7634550E-12	-3.3719623E-12
+2.6920000E+02	-4.1668271E-12	+6.5619011E-12
+2.6960000E+02	+4.2191524E-12	+2.8935739E-12
+2.7000000E+02	+1.5569333E-13	-2.6143497E-12
+2.7040000E+02	-2.1248730E-12	+2.9481306E-12
+2.7080000E+02	+5.2802549E-12	+2.4875441E-12
+2.7120000E+02	+2.9552127E-12	-6.1146106E-12
+2.7160000E+02	-5.3937215E-12	-2.6747424E-12
+2.7200000E+02	-1.1160189E-12	+3.6902724E-12
+2.7240000E+02	+1.8992618E-12	-1.6406886E-12
+2.7280000E+02	-4.8903962E-12	-8.0210941E-13
+2.7320000E+02	-6.9765430E-13	+7.5748146E-12
+2.7360000E+02	+8.7269593E-12	+1.2640328E-12
+2.7400000E+02	+1.7133121E-12	-7.8985397E-12
+2.7440000E+02	-5.3832487E-12	-1.1714257E-12
+2.7480000E+02	+8.8469755E-13	+2.1334744E-12
+2.7520000E+02	-6.0214495E-13	-4.3289481E-12
+2.7560000E+02	-8.3653714E-12	+1.7728482E-12
+2.7600000E+02	+9.4568890E-13	+1.1804470E-11
+2.7640000E+02	+1.3526242E-11	+1.5254894E-12
+2.7680000E+02	+4.6537737E-12	-1.2935793E-11
+2.7720000E+02	-1.0216345E-11	-7.2308327E-12
+2.7760000E+02	-8.3222521E-12	+6.2679342E-12
+2.7800000E+02	+2.3530076E-12	+7.6371550E-12
+2.7840000E+02	+5.6173542E-12	+4.0455940E-13
+2.7880000E+02	+1.4570062E-12	-3.2124015E-12
+2.7920000E+02	-1.4422161E-12	-1.0230519E-12
+2.7960000E+02	+4.7466298E-14	+9.3991555E-13
+2.8000000E+02	+1.6746317E-12	-6.7422564E-13
+2.8040000E+02	-3.8948214E-14	-2.9745082E-12
+2.8080000E+02	-3.8385383E-12	-2.0417306E-12
+2.8120000E+02	-5.0218477E-12	+3.3997607E-12
+2.8160000E+02	+1.3364284E-12	+7.8484291E-12
+2.8200000E+02	+9.4029458E-12	+1.9495265E-12
+2.8240000E+02	+5.4664004E-12	-8.9717322E-12
+2.8280000E+02	-6.5452634E-12	-8.0236406E-12
+2.8320000E+02	-8.7140550E-12	+2.8221101E-12
+2.8360000E+02	-1.0787526E-12	+7.2832988E-12
+2.8400000E+02	+4.2321418E-12	+4.0696441E-12
+2.8440000E+02	+5.5154012E-12	-6.1193123E-13
+2.8480000E+02	+2.3962743E-12	-5.4475431E-12
+2.8520000E+02	-4.4880142E-12	-3.9391595E-12
+2.8560000E+02	-3.7944005E-12	+3.5259903E-12
+2.8600000E+02	+3.2964047E-12	+2.3992326E-12
+2.8640000E+02	+6.0380077E-13	-4.0475060E-12
+2.8680000E+02	-5.4416013E-12	+7.3401278E-13
+2.8720000E+02	+1.1311027E-12	+6.7283135E-12
+2.8760000E+02	+7.1094276E-12	-6.7257289E-13
+2.8800000E+02	+6.4209598E-14	-6.1307365E-12
+2.8840000E+02	-3.9247726E-12	-3.1585302E-13
+2.8880000E+02	+4.7063098E-13	+1.1931863E-12
+2.8920000E+02	-1.0694755E-12	-2.3309166E-12
+2.8960000E+02	-4.7074060E-12	+1.9961458E-12
+2.9000000E+02	+1.2328732E-12	+6.6461396E-12
+2.9040000E+02	+7.1900639E-12	+8.7799594E-13
+2.9080000E+02	+3.4023467E-12	-5.8049491E-12
+2.9120000E+02	-2.6552868E-12	-5.1722061E-12
+2.9160000E+02	-5.2556047E-12	-1.3946128E-12
+2.9200000E+02	-5.0676541E-12	+3.3470088E-12
+2.9240000E+02	-8.4538464E-14	+7.1430549E-12
+2.9280000E+02	+6.9233994E-12	+3.9562532E-12
+2.9320000E+02	+6.9829664E-12	-4.5116193E-12
+2.9360000E+02	-7.8282397E-13	-8.1773677E-12
+2.9400000E+02	-7.2388225E-12	-2.9429946E-12
+2.9440000E+02	-5.4008944E-12	+4.6728904E-12
+2.9480000E+02	+1.5909196E-12	+5.8563905E-12
+2.9520000E+02	+4.3677375E-12	+7.3190263E-13
+2.9560000E+02	+1.3633752E-12	-1.7316650E-12
+2.9600000E+02	+8.6313824E-13	-8.2245086E-14
+2.9640000E+02	+2.5405742E-12	-2.3321665E-12
+2.9680000E+02	-2.1379251E-12	-5.3789621E-12
+2.9720000E+02	-7.2086769E-12	+4.9934678E-13
+2.9760000E+02	-1.7154124E-12	+7.1973471E-12
+2.9800000E+02	+5.2282468E-12	+3.3649920E-12
+2.9840000E+02	+3.5211349E-12	-1.9290434E-12
+2.9880000E+02	+1.6001993E-12	-1.8624526E-12
+2.9920000E+02	+1.1866743E-12	-4.2412474E-12
+2.9960000E+02	-5.3023739E-12	-4.6264152E-12
+3.0000000E+02	-7.2857875E-12	+4.7698723E-12
+3.0040000E+02	+3.2681256E-12	+8.2893641E-12
+3.0080000E+02	+7.3922261E-12	-1.7552968E-12
+3.0120000E+02	-1.0930479E-12	-5.0488176E-12
+3.0160000E+02	-2.1968581E-12	+1.6784597E-12
+3.0200000E+02	+3.2940524E-12	-1.4178181E-13
+3.0240000E+02	-1.2674277E-12	-5.2328266E-12
+3.0280000E+02	-6.6337986E-12	+1.0442950E-12
+3.0320000E+02	-1.1597312E-13	+6.8730960E-12
+3.0360000E+02	+5.8355081E-12	+1.5056307E-12
+3.0400000E+02	+2.4808610E-12	-3.9491119E-12
+3.0440000E+02	-1.9743308E-12	-2.7607721E-12
+3.0480000E+02	-2.5295570E-12	+6.4927667E-13
+3.0520000E+02	+3.5607685E-13	+2.3008163E-12
+3.0560000E+02	+2.6149254E-12	-9.6052956E-13
+3.0600000E+02	-1.8962873E-12	-3.7182831E-12
+3.0640000E+02	-5.3820564E-12	+2.4520629E-12
+3.0680000E+02	+2.1271967E-12	+6.9538531E-12
+3.0720000E+02	+7.6278375E-12	-8.8931133E-13
+3.0760000E+02	+7.8815054E-13	-6.8160703E-12
+3.0800000E+02	-4.4529549E-12	-2.1308390E-12
+3.0840000E+02	-2.4223409E-12	+1.0890691E-12
+3.0880000E+02	-2.2797242E-12	+1.3563032E-12
+3.0920000E+02	-7.7977319E-13	+4.5862749E-12
+3.0960000E+02	+5.1166241E-12	+3.1795021E-12
+3.1000000E+02	+4.8293230E-12	-3.8061476E-12
+3.1040000E+02	-1.2791642E-12	-4.9301946E-12
+3.1080000E+02	-3.2511849E-12	-1.3900453E-12
+3.1120000E+02	-3.1003207E-12	+2.6154659E-13
+3.1160000E+02	-3.0215282E-12	+3.1588668E-12
+3.1200000E+02	+1.5510127E-12	+5.4139969E-12
+3.1240000E+02	+6.0233223E-12	+1.0649127E-12
+3.1280000E+02	+3.6336705E-12	-4.5989423E-12
+3.1320000E+02	-1.6325805E-12	-5.1352492E-12
+3.1360000E+02	-4.9953706E-12	-1.8325370E-12
+3.1400000E+02	-4.6066970E-12	+3.3075230E-12
+3.1440000E+02	+7.7878390E-13	+5.8102164E-12
+3.1480000E+02	+5.1994972E-12	+1.5742486E-12
+3.1520000E+02	+2.8512446E-12	-3.2351574E-12
+3.1560000E+02	-8.6999841E-13	-2.6392865E-12
+3.1600000E+02	-1.1774266E-12	-8.5270646E-13
+3.1640000E+02	-1.2255196E-12	-7.5112844E-13
+3.1680000E+02	-2.1529212E-12	+1.5568552E-13
+3.1720000E+02	-1.8131167E-12	+2.2458177E-12
+3.1760000E+02	+7.9481681E-13	+3.7401461E-12
+3.1800000E+02	+4.6865616E-12	+1.7756169E-12
+3.1840000E+02	+4.5390694E-12	-4.1094379E-12
+3.1880000E+02	-2.0906484E-12	-6.4313926E-12
+3.1920000E+02	-6.6751173E-12	-6.9058744E-13
+3.1960000E+02	-3.2277937E-12	+5.0937873E-12
+3.2000000E+02	+2.1907858E-12	+4.5882746E-12
+3.2040000E+02	+4.2818298E-12	+1.0379353E-12
+3.2080000E+02	+3.4815745E-12	-2.4489804E-12
+3.2120000E+02	+2.0459786E-13	-4.3321432E-12
+3.2160000E+02	-3.3777961E-12	-2.6971555E-12
+3.2200000E+02	-4.1632057E-12	+1.0596483E-12
+3.2240000E+02	-1.7239728E-12	+4.1888556E-12
+3.2280000E+02	+2.9555218E-12	+3.9810628E-12
+3.2320000E+02	+5.0076997E-12	-1.1375359E-12
+3.2360000E+02	+3.9952712E-13	-4.6353258E-12
+3.2400000E+02	-3.2496087E-12	-9.7204913E-13
+3.2440000E+02	-3.6771475E-13	+1.5826139E-12
+3.2480000E+02	+3.7292977E-13	-1.0679299E-12
+3.2520000E+02	-2.5816754E-12	-4.0462948E-14
+3.2560000E+02	-5.1305181E-13	+3.3354287E-12
+3.2600000E+02	+2.7665482E-12	+1.2756552E-12
+3.2640000E+02	+1.6178703E-12	-8.3607158E-13
+3.2680000E+02	+1.9376790E-12	-9.7171661E-13
+3.2720000E+02	+8.0622318E-13	-4.6736402E-12
+3.2760000E+02	-6.4704099E-12	-3.3306459E-12
+3.2800000E+02	-5.8089262E-12	+6.7562753E-12
+3.2840000E+02	+5.5049340E-12	+7.3410854E-12
+3.2880000E+02	+7.2764657E-12	-3.2315998E-12
+3.2920000E+02	-7.7511903E-13	-5.4810702E-12
+3.2960000E+02	-2.4058344E-12	-1.0409767E-12
+3.3000000E+02	-1.7278675E-12	-1.0725011E-12
+3.3040000E+02	-3.9737155E-12	+1.3017287E-12
+3.3080000E+02	+2.3965227E-13	+5.5699984E-12
+3.3120000E+02	+5.6341011E-12	+7.5395250E-13
+3.3160000E+02	+1.0675466E-12	-4.4846066E-12
+3.3200000E+02	-2.8173429E-12	-4.5243812E-13
+3.3240000E+02	+8.7055219E-13	+1.3988896E-12
+3.3280000E+02	+7.5200606E-13	-2.3103564E-12
+3.3320000E+02	-3.1662887E-12	-9.6210877E-13
+3.3360000E+02	-1.6800333E-12	+2.9381105E-12
+3.3400000E+02	+1.5538239E-12	+2.3125885E-12
+3.3440000E+02	+2.3140860E-12	+5.8114576E-13
+3.3480000E+02	+2.7345992E-12	-1.4514529E-12
+3.3520000E+02	+7.1146026E-14	-4.1360234E-12
+3.3560000E+02	-4.2840235E-12	-1.6814717E-12
+3.3600000E+02	-2.6731610E-12	+3.1466300E-12
+3.3640000E+02	+1.1730989E-12	+2.5060834E-12
+3.3680000E+02	+1.0468336E-12	+8.8645940E-13
+3.3720000E+02	+2.2788590E-12	+1.3521931E-12
+3.3760000E+02	+3.9700821E-12	-2.5412229E-12
+3.3800000E+02	-1.6714135E-12	-5.9852074E-12
+3.3840000E+02	-6.7860918E-12	+1.0852978E-13
+3.3880000E+02	-1.4651939E-12	+6.2003987E-12
+3.3920000E+02	+4.5506630E-12	+2.4169752E-12
+3.3960000E+02	+2.4288165E-12	-2.5158267E-12
+3.4000000E+02	-8.5605461E-13	-1.6263369E-12
+3.4040000E+02	-5.1889022E-13	+1.1278640E-13
+3.4080000E+02	+4.0464342E-13	-2.2333523E-13
+3.4120000E+02	-6.2651633E-14	-1.3995931E-12
+3.4160000E+02	-2.4714520E-12	-1.1636630E-12
+3.4200000E+02	-3.1522421E-12	+2.9740119E-12
+3.4240000E+02	+2.5191132E-12	+5.2327398E-12
+3.4280000E+02	+6.6189709E-12	-1.1446123E-12
+3.4320000E+02	+6.9595444E-13	-6.7125646E-12
+3.4360000E+02	-5.3386771E-12	-2.3171383E-12
+3.4400000E+02	-3.0834880E-12	+2.8208038E-12
+3.4440000E+02	-1.3391622E-13	+2.6749509E-12
+3.4480000E+02	+1.2283640E-12	+2.6925397E-12
+3.4520000E+02	+4.1955106E-12	+7.0199690E-13
+3.4560000E+02	+2.3491601E-12	-4.3813185E-12
+3.4600000E+02	-3.4528222E-12	-3.0223342E-12
+3.4640000E+02	-2.3665414E-12	+1.9658717E-12
+3.4680000E+02	+5.9115688E-13	+4.9296822E-13
+3.4720000E+02	-2.0673852E-12	+1.5188222E-13
+3.4760000E+02	+8.3258928E-14	+4.5641582E-12
+3.4800000E+02	+6.3005115E-12	+5.9758553E-13
+3.4840000E+02	+1.4280435E-12	-6.8718195E-12
+3.4880000E+02	-6.2815504E-12	-1.8996768E-12
+3.4920000E+02	-1.6830262E-12	+4.8979286E-12
+3.4960000E+02	+3.2791827E-12	+7.6729471E-13
+3.5000000E+02	-5.3906640E-13	-1.9451279E-12
+3.5040000E+02	-1.1890104E-12	+1.7417046E-12
+3.5080000E+02	+2.3677671E-12	+1.0009663E-12
+3.5120000E+02	+1.1241575E-12	-2.1594413E-12
+3.5160000E+02	-1.1748851E-12	-1.2086133E-12
+3.5200000E+02	-9.8944361E-13	-2.4102933E-13
+3.5240000E+02	-1.5987813E-12	+4.1052503E-13
+3.5280000E+02	-3.5718509E-13	+2.4562334E-12
+3.5320000E+02	+2.5802935E-12	+1.0051902E-12
+3.5360000E+02	+1.2400137E-12	-2.0144884E-12
+3.5400000E+02	-1.0311225E-12	-9.2781730E-13
+3.5440000E+02	-1.6566886E-13	-3.9609879E-15
+3.5480000E+02	-7.9078479E-13	-7.5207397E-13
+3.5520000E+02	-1.4569300E-12	+1.2088444E-12
+3.5560000E+02	+1.3385085E-12	+1.6643316E-12
+3.5600000E+02	+1.2968485E-12	-1.3865208E-12
+3.5640000E+02	-1.5547907E-12	-5.1833310E-13
+3.5680000E+02	+3.3646481E-13	+1.9161623E-12
+3.5720000E+02	+2.3566949E-12	-9.0696378E-13
+3.5760000E+02	-9.6430254E-13	-2.6134489E-12
+3.5800000E+02	-2.3933763E-12	+5.1352109E-13
+3.5840000E+02	-2.0418253E-13	+1.5216181E-12
+3.5880000E+02	+5.2493628E-14	+8.1138117E-13
+3.5920000E+02	+9.5542273E-13	+1.7096538E-12
+3.5960000E+02	+3.2955045E-12	-4.6320702E-13
+3.6000000E+02	+5.7560657E-13	-4.2326954E-12
+3.6040000E+02	-4.2220299E-12	-1.8330164E-12
+3.6080000E+02	-2.8663594E-12	+3.2571410E-12
+3.6120000E+02	+1.6376867E-12	+3.2917712E-12
+3.6160000E+02	+2.9371049E-12	+1.3213622E-13
+3.6200000E+02	+1.5223709E-12	-1.9120027E-12
+3.6240000E+02	-5.6633829E-13	-2.1650001E-12
+3.6280000E+02	-1.9784149E-12	-6.4648749E-13
+3.6320000E+02	-1.3464270E-12	+1.1814357E-12
+3.6360000E+02	+1.9323208E-13	+1.3727649E-12
+3.6400000E+02	+8.4082727E-13	+5.3982972E-13
+3.6440000E+02	+7.2138481E-13	-8.7242299E-14
+3.6480000E+02	+4.7351691E-13	-3.1690544E-13
+3.6520000E+02	+4.4223349E-13	-5.2308050E-13
+3.6560000E+02	+2.6531073E-14	-1.1616157E-12
+3.6600000E+02	-1.4506136E-12	-9.9225771E-13
+3.6640000E+02	-1.9894302E-12	+1.0858580E-12
+3.6680000E+02	+1.0663549E-13	+2.5839791E-12
+3.6720000E+02	+2.4675376E-12	+1.1945167E-12
+3.6760000E+02	+2.3809704E-12	-1.5868074E-12
+3.6800000E+02	-1.7669792E-13	-3.0370121E-12
+3.6840000E+02	-2.9239783E-12	-1.3157432E-12
+3.6880000E+02	-2.3876619E-12	+2.0676942E-12
+3.6920000E+02	+7.4536861E-13	+2.6579772E-12
+3.6960000E+02	+2.0002884E-12	+6.2039108E-13
+3.7000000E+02	+1.6174246E-12	-5.8345688E-13
+3.7040000E+02	+1.1920706E-12	-1.9891089E-12
+3.7080000E+02	-1.7144536E-12	-2.8351760E-12
+3.7120000E+02	-3.9279398E-12	+9.9603084E-13
+3.7160000E+02	+1.6506701E-13	+4.2525379E-12
+3.7200000E+02	+3.8383847E-12	+4.5554613E-13
+3.7240000E+02	+6.7524014E-13	-2.9190790E-12
+3.7280000E+02	-1.8230841E-12	-4.9934768E-13
+3.7320000E+02	-1.1065917E-13	+8.4516950E-13
+3.7360000E+02	+1.4915822E-13	-2.1953854E-13
+3.7400000E+02	-2.5226318E-13	+2.6379832E-13
+3.7440000E+02	+5.1583176E-13	-1.1604039E-13
+3.7480000E+02	-8.0851459E-13	-7.6523115E-13
+3.7520000E+02	-1.1127268E-12	+1.5969337E-12
+3.7560000E+02	+2.1909006E-12	+1.5424073E-12
+3.7600000E+02	+1.9217392E-12	-2.3502475E-12
+3.7640000E+02	-1.9760761E-12	-2.0591217E-12
+3.7680000E+02	-1.7930328E-12	+1.1460312E-12
+3.7720000E+02	+8.2544842E-14	+1.0739209E-12
+3.7760000E+02	+3.4166395E-15	+9.3070495E-13
+3.7800000E+02	+1.6495735E-12	+1.1866927E-12
+3.7840000E+02	+2.2085498E-12	-1.9480410E-12
+3.7880000E+02	-1.8460272E-12	-2.8166898E-12
+3.7920000E+02	-2.8924445E-12	+1.4794295E-12
+3.7960000E+02	+1.0287444E-12	+2.4815362E-12
+3.8000000E+02	+1.7707037E-12	-6.3841154E-13
+3.8040000E+02	-3.6118252E-13	-1.0131812E-12
+3.8080000E+02	-4.3268030E-13	+1.4991015E-13
+3.8120000E+02	-1.0166047E-13	+1.4346465E-13
+3.8160000E+02	+1.1716262E-13	+4.8861059E-13
+3.8200000E+02	+1.0273372E-12	-2.0803641E-13
+3.8240000E+02	-2.2507996E-13	-1.6222826E-12
+3.8280000E+02	-2.0843260E-12	+2.0824534E-14
+3.8320000E+02	-4.3960740E-13	+2.1966146E-12
+3.8360000E+02	+1.8031538E-12	+1.0573768E-12
+3.8400000E+02	+1.6353611E-12	-8.8461914E-13
+3.8440000E+02	+4.1076252E-13	-1.9558245E-12
+3.8480000E+02	-1.8688781E-12	-1.7968436E-12
+3.8520000E+02	-2.9319334E-12	+1.3558929E-12
+3.8560000E+02	+5.4214370E-13	+3.5252896E-12
+3.8600000E+02	+3.4291016E-12	+3.4651571E-13
+3.8640000E+02	+1.0655517E-12	-2.6823508E-12
+3.8680000E+02	-1.4910817E-12	-1.4393714E-12
+3.8720000E+02	-1.4197790E-12	+1.5374705E-13
+3.8760000E+02	-1.0391645E-12	+1.0925824E-12
+3.8800000E+02	+6.3107022E-13	+1.8931860E-12
+3.8840000E+02	+2.3538560E-12	-2.1686325E-13
+3.8880000E+02	+3.8153726E-14	-2.4935202E-12
+3.8920000E+02	-2.4511488E-12	-1.3594686E-13
+3.8960000E+02	-1.8412291E-13	+2.3538264E-12
+3.9000000E+02	+2.2547154E-12	+3.3919534E-13
+3.9040000E+02	+7.2577480E-13	-2.1138290E-12
+3.9080000E+02	-1.8285890E-12	-1.3666536E-12
+3.9120000E+02	-2.1547012E-12	+1.2990980E-12
+3.9160000E+02	+4.9763262E-13	+2.8804215E-12
+3.9200000E+02	+3.3059011E-12	+4.9043534E-13
+3.9240000E+02	+1.4752072E-12	-3.2562355E-12
+3.9280000E+02	-2.6915340E-12	-2.2201073E-12
+3.9320000E+02	-2.5272649E-12	+1.7297180E-12
+3.9360000E+02	+6.0977948E-13	+2.3158544E-12
+3.9400000E+02	+1.6602825E-12	+3.9092190E-13
+3.9440000E+02	+1.0531737E-12	-7.7054554E-13
+3.9480000E+02	+7.9713107E-14	-1.2885035E-12
+3.9520000E+02	-1.1598661E-12	-6.5045094E-13
+3.9560000E+02	-8.2000437E-13	+8.4354404E-13
+3.9600000E+02	+5.4914624E-13	+6.2411404E-13
+3.9640000E+02	+2.3399026E-13	-4.3124672E-13
+3.9680000E+02	-5.2892540E-13	+1.1745878E-13
+3.9720000E+02	+2.3146963E-13	+7.5724896E-13
+3.9760000E+02	+9.5275642E-13	-2.3038469E-14
+3.9800000E+02	+4.4699272E-13	-9.5249766E-13
+3.9840000E+02	-6.7246033E-13	-9.9913943E-13
+3.9880000E+02	-1.4095499E-12	+1.5189845E-13
+3.9920000E+02	-4.5531835E-13	+1.5005403E-12
+3.9960000E+02	+1.2108216E-12	+9.3892557E-13
+4.0000000E+02	+1.1160092E-12	-6.1799649E-13
