+0.0000000E+00	+6.1032022E-13	+0.0000000E+00
+4.0000000E-01	-1.6999358E-14	-5.5941019E-13
+8.0000000E-01	-4.1976344E-13	+3.6073366E-14
+1.2000000E+00	+5.5409723E-14	+2.2658655E-13
+1.6000000E+00	+2.6556451E-14	-6.7907739E-14
+2.0000000E+00	-6.3403574E-14	+1.3563637E-13
+2.4000000E+00	+2.2899621E-13	+3.3679557E-14
+2.8000000E+00	-2.2169939E-14	-2.4268087E-13
+3.2000000E+00	-1.8596584E-13	+9.4803959E-14
+3.6000000E+00	+1.6587246E-13	+8.2854901E-14
+4.0000000E+00	-3.6010404E-14	-2.1325590E-13
+4.4000000E+00	-2.1833173E-13	+1.4131200E-13
+4.8000000E+00	+2.1096697E-13	+1.7246287E-13
+5.2000000E+00	+8.0369309E-14	-2.3334760E-13
+5.6000000E+00	-2.0808721E-13	+4.0557453E-14
+6.0000000E+00	+1.6439572E-13	+1.4499262E-13
+6.4000000E+00	+6.1370457E-14	-2.6274353E-13
+6.8000000E+00	-3.1105025E-13	+2.2078783E-14
+7.2000000E+00	+8.6348418E-14	+2.9409855E-13
+7.6000000E+00	+2.0999986E-13	-1.1906814E-13
+8.0000000E+00	-1.1763860E-13	-7.2148612E-14
+8.4000000E+00	+9.1665092E-14	+8.9110783E-14
+8.8000000E+00	+4.6544663E-14	-2.4383486E-13
+9.2000000E+00	-3.4535592E-13	-3.2761578E-15
+9.6000000E+00	+3.2221169E-14	+3.6668910E-13
+1.0000000E+01	+2.9793436E-13	-5.8260115E-14
+1.0400000E+01	-7.7627235E-14	-1.5431463E-13
+1.0800000E+01	+2.6121012E-14	+9.2404331E-14
+1.1200000E+01	+9.9134222E-14	-1.9295810E-13
+1.1600000E+01	-2.9896969E-13	-8.7638382E-14
+1.2000000E+01	-4.4895417E-14	+3.1517880E-13
+1.2400000E+01	+2.3969827E-13	-3.7557722E-14
+1.2800000E+01	-1.5655334E-13	-9.7099351E-14
+1.3200000E+01	+7.0957141E-14	+2.9464217E-13
+1.3600000E+01	+4.2384108E-13	-2.1960196E-13
+1.4000000E+01	-3.1365845E-13	-5.1441154E-13
+1.4400000E+01	-5.4465487E-13	+3.3550022E-13
+1.4800000E+01	+2.8686052E-13	+5.0733391E-13
+1.5200000E+01	+4.1043648E-13	-1.8633007E-13
+1.5600000E+01	-6.5113230E-14	-2.7324547E-13
+1.6000000E+01	-1.2098165E-13	-3.7671375E-14
+1.6400000E+01	-8.0931972E-14	-1.8865521E-14
+1.6800000E+01	-1.1788088E-13	+3.0452008E-14
+1.7200000E+01	-1.2922386E-13	+1.4810652E-13
+1.7600000E+01	+8.6982438E-14	+3.8312475E-13
+1.8000000E+01	+6.8065884E-13	+7.2696893E-14
+1.8400000E+01	+3.1083943E-13	-9.4308524E-13
+1.8800000E+01	-1.0855061E-12	-5.7331428E-13
+1.9200000E+01	-7.7821437E-13	+1.0479375E-12
+1.9600000E+01	+8.2340173E-13	+8.3837966E-13
+2.0000000E+01	+6.9509980E-13	-4.6916925E-13
+2.0400000E+01	-9.2468943E-14	-3.4986975E-13
+2.0800000E+01	+1.2185775E-13	-1.8719795E-13
+2.1200000E+01	-2.8532446E-13	-5.8594893E-13
+2.1600000E+01	-8.9304307E-13	+1.8887103E-13
+2.2000000E+01	-3.5771649E-14	+9.3564638E-13
+2.2400000E+01	+6.9559409E-13	+2.6940694E-13
+2.2800000E+01	+3.9158871E-13	-2.5989444E-13
+2.3200000E+01	+2.0518910E-13	-3.3505884E-13
+2.3600000E+01	-1.1829022E-13	-5.1426022E-13
+2.4000000E+01	-5.3396497E-13	-1.5975184E-13
+2.4400000E+01	-3.6170297E-13	+2.3604684E-13
+2.4800000E+01	-2.9009402E-13	+3.7281736E-13
+2.5200000E+01	+1.5387941E-13	+8.7082748E-13
+2.5600000E+01	+1.3137717E-12	+2.3774852E-13
+2.6000000E+01	+6.6846967E-13	-1.4782320E-12
+2.6400000E+01	-1.3224670E-12	-9.8119061E-13
+2.6800000E+01	-1.0573130E-12	+9.1083341E-13
+2.7200000E+01	+3.8169783E-13	+8.6154597E-13
+2.7600000E+01	+4.5182077E-13	+1.0693847E-13
+2.8000000E+01	+4.3002695E-13	+4.7256811E-14
+2.8400000E+01	+4.9329496E-13	-5.2646601E-13
+2.8800000E+01	-4.0121348E-13	-7.7524481E-13
+2.9200000E+01	-8.4347197E-13	+1.0512015E-13
+2.9600000E+01	-2.9256621E-13	+7.1266465E-13
+3.0000000E+01	+4.4273173E-13	+7.2471797E-13
+3.0400000E+01	+1.1336054E-12	-1.1137887E-13
+3.0800000E+01	+2.0785385E-13	-1.4686986E-12
+3.1200000E+01	-1.6846546E-12	-4.5553162E-13
+3.1600000E+01	-5.8715827E-13	+1.7475819E-12
+3.2000000E+01	+1.6499095E-12	+5.7356193E-13
+3.2400000E+01	+4.0803531E-13	-1.4252978E-12
+3.2800000E+01	-1.1509973E-12	-1.1983614E-13
+3.3200000E+01	+2.1507590E-13	+9.2921929E-13
+3.3600000E+01	+8.5003179E-13	-4.7894848E-13
+3.4000000E+01	-5.4087006E-13	-9.5032820E-13
+3.4400000E+01	-1.1894842E-12	+3.0511927E-13
+3.4800000E+01	-2.3822708E-13	+1.4578734E-12
+3.5200000E+01	+1.6202251E-12	+9.8500371E-13
+3.5600000E+01	+1.7309823E-12	-1.5780798E-12
+3.6000000E+01	-1.3232181E-12	-2.2321041E-12
+3.6400000E+01	-2.2934715E-12	+9.5407486E-13
+3.6800000E+01	+6.4140254E-13	+1.8529599E-12
+3.7200000E+01	+1.0221392E-12	-5.5248066E-13
+3.7600000E+01	-7.6471988E-13	-6.0924775E-14
+3.8000000E+01	+7.1130702E-13	+1.2089447E-12
+3.8400000E+01	+1.6740450E-12	-1.0371860E-12
+3.8800000E+01	-8.2695616E-13	-1.8800930E-12
+3.9200000E+01	-1.5961380E-12	+2.0196285E-13
+3.9600000E+01	-5.4753242E-13	+7.5526117E-13
+4.0000000E+01	-4.8536729E-13	+1.0787397E-12
+4.0400000E+01	+1.1424817E-12	+1.7736179E-12
+4.0800000E+01	+2.6796634E-12	-6.9829084E-13
+4.1200000E+01	+5.3614108E-14	-2.8617630E-12
+4.1600000E+01	-2.2156660E-12	-7.4358998E-13
+4.2000000E+01	-9.8408190E-13	+9.4291373E-13
+4.2400000E+01	-4.9878023E-13	+5.4193652E-13
+4.2800000E+01	-5.4150442E-13	+1.5538276E-12
+4.3200000E+01	+1.7803757E-12	+1.9386987E-12
+4.3600000E+01	+3.1465283E-12	-1.0332468E-12
+4.4000000E+01	+4.5819252E-13	-3.6819250E-12
+4.4400000E+01	-3.2861843E-12	-2.1559068E-12
+4.4800000E+01	-3.4053151E-12	+2.0524436E-12
+4.5200000E+01	+4.1717916E-13	+3.6838579E-12
+4.5600000E+01	+2.8097423E-12	+9.9044445E-13
+4.6000000E+01	+1.5888235E-12	-1.0262328E-12
+4.6400000E+01	+1.0765250E-12	-1.0811069E-12
+4.6800000E+01	+4.0714424E-13	-2.7764096E-12
+4.7200000E+01	-3.4899160E-12	-2.3506608E-12
+4.7600000E+01	-4.0064371E-12	+2.9933807E-12
+4.8000000E+01	+1.5074931E-12	+4.6901621E-12
+4.8400000E+01	+4.0426609E-12	+3.8931539E-13
+4.8800000E+01	+1.9858431E-12	-2.1828379E-12
+4.9200000E+01	+3.1461408E-13	-2.7141589E-12
+4.9600000E+01	-2.3693172E-12	-2.6120547E-12
+5.0000000E+01	-3.9025614E-12	+1.1875268E-12
+5.0400000E+01	-2.4708715E-13	+3.6963859E-12
+5.0800000E+01	+1.9951581E-12	+1.2305433E-12
+5.1200000E+01	+1.2138365E-12	+7.0863389E-13
+5.1600000E+01	+3.6041629E-12	-1.9629490E-14
+5.2000000E+01	+2.0806348E-12	-5.8413735E-12
+5.2400000E+01	-6.8145298E-12	-4.4567812E-12
+5.2800000E+01	-6.3417172E-12	+6.3500495E-12
+5.3200000E+01	+4.7370268E-12	+7.1015496E-12
+5.3600000E+01	+6.4549608E-12	-2.5981719E-12
+5.4000000E+01	-6.5615835E-13	-4.5644218E-12
+5.4400000E+01	-1.9712157E-12	-5.1547785E-13
+5.4800000E+01	-6.6814567E-13	-5.9608382E-13
+5.5200000E+01	-2.4659370E-12	-7.5144699E-14
+5.5600000E+01	-1.3069418E-12	+3.2325017E-12
+5.6000000E+01	+2.8588432E-12	+2.5119006E-12
+5.6400000E+01	+3.2597598E-12	-1.6480260E-12
+5.6800000E+01	-1.0514174E-13	-3.3432450E-12
+5.7200000E+01	-2.8179049E-12	-1.2497863E-12
+5.7600000E+01	-2.0472015E-12	+1.9429217E-12
+5.8000000E+01	+1.0594873E-12	+2.1578914E-12
+5.8400000E+01	+1.6888480E-12	-4.6166331E-13
+5.8800000E+01	-3.0835549E-13	-9.0399103E-13
+5.9200000E+01	-1.1252458E-13	+5.9987676E-13
+5.9600000E+01	+1.2120144E-12	-4.2990437E-13
+6.0000000E+01	-5.7865140E-13	-1.9590479E-12
+6.0400000E+01	-2.6533036E-12	+3.1210364E-13
+6.0800000E+01	-2.8646966E-13	+3.1414418E-12
+6.1200000E+01	+3.3172471E-12	+1.0567964E-12
+6.1600000E+01	+1.7874928E-12	-3.1249460E-12
+6.2000000E+01	-2.5678779E-12	-2.2426295E-12
+6.2400000E+01	-2.2003693E-12	+1.7252303E-12
+6.2800000E+01	+7.6337726E-13	+1.5107567E-12
+6.3200000E+01	+1.6362527E-13	+7.9867326E-14
+6.3600000E+01	+5.5217650E-13	+1.6605476E-12
+6.4000000E+01	+3.5911730E-12	-4.7700684E-13
+6.4400000E+01	+1.5565169E-13	-5.1414733E-12
+6.4800000E+01	-5.8478521E-12	-1.1440799E-12
+6.5200000E+01	-2.1113734E-12	+5.4320353E-12
+6.5600000E+01	+3.9219105E-12	+2.6275933E-12
+6.6000000E+01	+2.3797078E-12	-1.6730165E-12
+6.6400000E+01	+7.3215347E-13	-1.3208774E-12
+6.6800000E+01	+2.7131806E-13	-2.6785972E-12
+6.7200000E+01	-3.7341920E-12	-1.8662037E-12
+6.7600000E+01	-2.8649851E-12	+3.7979119E-12
+6.8000000E+01	+3.1165351E-12	+2.8304799E-12
+6.8400000E+01	+1.6666205E-12	-2.1602672E-12
+6.8800000E+01	-1.4097862E-12	+3.3180442E-13
+6.9200000E+01	+2.5859801E-12	+1.1479739E-12
+6.9600000E+01	+1.3489968E-12	-4.4556159E-12
+7.0000000E+01	-5.4843496E-12	-1.7141771E-12
+7.0400000E+01	-1.8371129E-12	+5.5633906E-12
+7.0800000E+01	+4.9439045E-12	+1.4204749E-12
+7.1200000E+01	+4.4204518E-13	-4.0955743E-12
+7.1600000E+01	-3.4773076E-12	+8.0989836E-13
+7.2000000E+01	+1.8516511E-12	+3.3248271E-12
+7.2400000E+01	+3.5510169E-12	-2.2193506E-12
+7.2800000E+01	-1.6866812E-12	-3.8024890E-12
+7.3200000E+01	-3.6440777E-12	+3.8444915E-13
+7.3600000E+01	-1.2351695E-12	+2.7848041E-12
+7.4000000E+01	+1.2406700E-12	+2.5772387E-12
+7.4400000E+01	+3.1489240E-12	+6.4084632E-13
+7.4800000E+01	+2.3066942E-12	-2.7643621E-12
+7.5200000E+01	-1.6210602E-12	-3.2192078E-12
+7.5600000E+01	-3.0752893E-12	+2.1581423E-13
+7.6000000E+01	-8.6249107E-13	+1.9292697E-12
+7.6400000E+01	+1.6860779E-13	+1.1742899E-12
+7.6800000E+01	+6.0412422E-13	+1.6439649E-12
+7.7200000E+01	+2.9919953E-12	+6.0074475E-13
+7.7600000E+01	+1.9383431E-12	-3.5966701E-12
+7.8000000E+01	-3.5010115E-12	-2.8565797E-12
+7.8400000E+01	-2.9680611E-12	+3.0183331E-12
+7.8800000E+01	+2.5738970E-12	+2.1900651E-12
+7.9200000E+01	+7.6025973E-13	-2.5106414E-12
+7.9600000E+01	-2.9398882E-12	+8.6867317E-13
+8.0000000E+01	+2.2056911E-12	+3.6944883E-12
+8.0400000E+01	+4.3973307E-12	-2.8969497E-12
+8.0800000E+01	-2.8358103E-12	-4.6123933E-12
+8.1200000E+01	-4.0168042E-12	+2.1744791E-12
+8.1600000E+01	+1.2443709E-12	+2.5299380E-12
+8.2000000E+01	+3.5698841E-13	-4.2391489E-13
+8.2400000E+01	-5.1630845E-15	+2.0617208E-12
+8.2800000E+01	+4.1725789E-12	+1.0291382E-13
+8.3200000E+01	+6.2900987E-13	-5.4596463E-12
+8.3600000E+01	-5.5803871E-12	-1.3305937E-12
+8.4000000E+01	-1.8733613E-12	+4.4527523E-12
+8.4400000E+01	+2.2771067E-12	+1.9431321E-12
+8.4800000E+01	+1.3399348E-12	+5.0735644E-13
+8.5200000E+01	+3.3200267E-12	-4.4100503E-14
+8.5600000E+01	+1.7599720E-12	-5.5702425E-12
+8.6000000E+01	-6.7966539E-12	-3.7104353E-12
+8.6400000E+01	-5.3449662E-12	+6.7841792E-12
+8.6800000E+01	+5.6275909E-12	+6.2165040E-12
+8.7200000E+01	+6.0222448E-12	-3.7179226E-12
+8.7600000E+01	-1.6451603E-12	-4.7090680E-12
+8.8000000E+01	-2.5169180E-12	+3.5836460E-14
+8.8400000E+01	-6.3058428E-13	-6.5194661E-14
+8.8800000E+01	-2.4287892E-12	+1.6822320E-13
+8.9200000E+01	-1.2586061E-12	+4.0265657E-12
+8.9600000E+01	+4.5446013E-12	+3.1942788E-12
+9.0000000E+01	+5.0507414E-12	-4.0020896E-12
+9.0400000E+01	-2.7360621E-12	-6.3116460E-12
+9.0800000E+01	-6.7065216E-12	+1.2701640E-12
+9.1200000E+01	+1.1268084E-13	+6.2885873E-12
+9.1600000E+01	+5.3863545E-12	+4.3984484E-13
+9.2000000E+01	+4.1546439E-13	-4.4494746E-12
+9.2400000E+01	-3.8525532E-12	-1.4873055E-13
+9.2800000E+01	-1.3562361E-13	+3.7382438E-12
+9.3200000E+01	+3.9647973E-12	+8.1690258E-13
+9.3600000E+01	+2.3753808E-12	-4.1797265E-12
+9.4000000E+01	-3.9884839E-12	-4.6286084E-12
+9.4400000E+01	-7.0617234E-12	+3.1471147E-12
+9.4800000E+01	+1.6972554E-12	+8.9906968E-12
+9.5200000E+01	+9.7957347E-12	+1.5281131E-14
+9.5600000E+01	+1.4504186E-12	-9.1379786E-12
+9.6000000E+01	-7.0796050E-12	-2.0728085E-12
+9.6400000E+01	-1.5644625E-12	+4.0643733E-12
+9.6800000E+01	+7.6777940E-13	-3.1273606E-14
+9.7200000E+01	-2.2922424E-12	+2.1265711E-12
+9.7600000E+01	+4.1421807E-12	+4.5380484E-12
+9.8000000E+01	+6.0492806E-12	-5.1392677E-12
+9.8400000E+01	-5.3146695E-12	-6.3088288E-12
+9.8800000E+01	-5.1788328E-12	+5.0769288E-12
+9.9200000E+01	+4.8485732E-12	+2.9481529E-12
+9.9600000E+01	+2.3103530E-13	-4.8756047E-12
+1.0000000E+02	-5.1221324E-12	+2.2478406E-12
+1.0040000E+02	+3.9032223E-12	+5.2953768E-12
+1.0080000E+02	+4.9938954E-12	-4.4798754E-12
+1.0120000E+02	-4.1101967E-12	-3.9193003E-12
+1.0160000E+02	-2.0604455E-12	+3.2160718E-12
+1.0200000E+02	+2.2953025E-12	-2.3591957E-13
+1.0240000E+02	-2.3513476E-12	-1.6829223E-12
+1.0280000E+02	-1.3922297E-12	+3.6164530E-12
+1.0320000E+02	+3.5820263E-12	+1.1101077E-12
+1.0360000E+02	+3.5579663E-13	-2.2260674E-12
+1.0400000E+02	-4.9336403E-16	+1.2617989E-12
+1.0440000E+02	+3.8029514E-12	-2.3157593E-12
+1.0480000E+02	-3.9075049E-12	-6.8874317E-12
+1.0520000E+02	-9.7791033E-12	+4.2414663E-12
+1.0560000E+02	+3.2767224E-12	+1.1642442E-11
+1.0600000E+02	+1.1868417E-11	-1.4736653E-12
+1.0640000E+02	+4.0659390E-13	-1.0329698E-11
+1.0680000E+02	-7.4502766E-12	-1.6277159E-12
+1.0720000E+02	-1.7868554E-12	+4.0535635E-12
+1.0760000E+02	+1.0509452E-12	+9.7134328E-13
+1.0800000E+02	-3.0353129E-13	+8.9562869E-13
+1.0840000E+02	+1.5923143E-12	+1.3430383E-12
+1.0880000E+02	+1.5911403E-12	-1.3239346E-12
+1.0920000E+02	-6.6308143E-13	-8.7254841E-13
+1.0960000E+02	+5.4752136E-13	+1.7548657E-13
+1.1000000E+02	+1.6228533E-13	-2.1038391E-12
+1.1040000E+02	-3.1960324E-12	-5.5489974E-13
+1.1080000E+02	-9.9932933E-13	+3.4479730E-12
+1.1120000E+02	+2.8425766E-12	+1.0736966E-12
+1.1160000E+02	+5.2201764E-13	-1.6807217E-12
+1.1200000E+02	-4.0191752E-13	+6.1280953E-13
+1.1240000E+02	+2.0155017E-12	-6.3100216E-13
+1.1280000E+02	-1.2720163E-12	-3.2585448E-12
+1.1320000E+02	-4.0037435E-12	+1.5944631E-12
+1.1360000E+02	+1.7718212E-12	+4.1380041E-12
+1.1400000E+02	+3.7783013E-12	-1.9178297E-12
+1.1440000E+02	-1.9850685E-12	-3.1553066E-12
+1.1480000E+02	-2.4511656E-12	+1.7836929E-12
+1.1520000E+02	+1.1108216E-12	+1.6891361E-12
+1.1560000E+02	+7.4027206E-13	+8.4435632E-14
+1.1600000E+02	+1.5992945E-12	+5.5628979E-13
+1.1640000E+02	+2.2297585E-12	-3.0071272E-12
+1.1680000E+02	-3.8175943E-12	-4.0696870E-12
+1.1720000E+02	-5.6467238E-12	+3.6946599E-12
+1.1760000E+02	+2.6248108E-12	+6.4684558E-12
+1.1800000E+02	+6.2034806E-12	-9.4744159E-13
+1.1840000E+02	+7.7551517E-13	-4.8655350E-12
+1.1880000E+02	-2.8619064E-12	-1.9956841E-12
+1.1920000E+02	-2.4130661E-12	+8.7097860E-13
+1.1960000E+02	-4.0696527E-13	+2.1019322E-12
+1.2000000E+02	+1.4704681E-12	+5.2199810E-13
+1.2040000E+02	-5.4566386E-13	-1.0731240E-12
+1.2080000E+02	-1.3603699E-12	+2.3735098E-12
+1.2120000E+02	+4.2549543E-12	+2.4758526E-12
+1.2160000E+02	+4.1863130E-12	-5.4600139E-12
+1.2200000E+02	-5.4925852E-12	-5.9690184E-12
+1.2240000E+02	-7.2141429E-12	+4.2472443E-12
+1.2280000E+02	+2.0161750E-12	+7.4552412E-12
+1.2320000E+02	+6.5365447E-12	+6.4050219E-13
+1.2360000E+02	+3.0977585E-12	-4.6589656E-12
+1.2400000E+02	-2.2993257E-12	-4.8603195E-12
+1.2440000E+02	-5.6831948E-12	+4.5423788E-14
+1.2480000E+02	-1.5855876E-12	+5.5908480E-12
+1.2520000E+02	+4.8096552E-12	+2.2826584E-12
+1.2560000E+02	+1.9945214E-12	-3.6562724E-12
+1.2600000E+02	-2.4302541E-12	-9.0108145E-13
+1.2640000E+02	+6.7019865E-13	+1.3451427E-12
+1.2680000E+02	+5.0832210E-13	-2.3443260E-12
+1.2720000E+02	-3.7824897E-12	+6.1772229E-14
+1.2760000E+02	+4.0336783E-13	+4.7332961E-12
+1.2800000E+02	+5.0531278E-12	-5.8406059E-13
+1.2840000E+02	-6.8717170E-13	-4.7080930E-12
+1.2880000E+02	-3.7704978E-12	+8.0724061E-13
+1.2920000E+02	+1.0424710E-12	+2.4147482E-12
+1.2960000E+02	+9.0699203E-13	-1.4737355E-12
+1.3000000E+02	-2.1299786E-12	+4.2339086E-13
+1.3040000E+02	+1.2394033E-12	+2.9530273E-12
+1.3080000E+02	+3.7833303E-12	-1.2759656E-12
+1.3120000E+02	-4.2395363E-13	-4.3858442E-12
+1.3160000E+02	-4.5207561E-12	-1.2125634E-12
+1.3200000E+02	-3.3167489E-12	+4.0418140E-12
+1.3240000E+02	+2.9855350E-12	+5.4318637E-12
+1.3280000E+02	+7.0936482E-12	-1.6081795E-12
+1.3320000E+02	-3.4045557E-13	-7.9808555E-12
+1.3360000E+02	-8.0269053E-12	-3.3967228E-13
+1.3400000E+02	-7.9085548E-14	+7.4427167E-12
+1.3440000E+02	+6.6313462E-12	-1.1971007E-12
+1.3480000E+02	-3.2170347E-12	-6.0187988E-12
+1.3520000E+02	-5.8641728E-12	+5.4182884E-12
+1.3560000E+02	+7.1211803E-12	+6.1279392E-12
+1.3600000E+02	+6.4599818E-12	-7.7622761E-12
+1.3640000E+02	-7.1010993E-12	-6.3233907E-12
+1.3680000E+02	-5.2136188E-12	+5.3174466E-12
+1.3720000E+02	+2.9560037E-12	+2.8893925E-12
+1.3760000E+02	-4.7869728E-13	-7.3433253E-13
+1.3800000E+02	+7.1469462E-13	+4.3075425E-12
+1.3840000E+02	+7.7576817E-12	-1.0676909E-12
+1.3880000E+02	-4.1690445E-13	-9.9932579E-12
+1.3920000E+02	-1.0451388E-11	-7.8096998E-13
+1.3960000E+02	-1.8898080E-12	+9.0227577E-12
+1.4000000E+02	+6.0801110E-12	+2.3379599E-12
+1.4040000E+02	+1.8261277E-12	-2.3498016E-12
+1.4080000E+02	+1.3204781E-12	-4.2268627E-13
+1.4120000E+02	+1.4825102E-12	-4.2102304E-12
+1.4160000E+02	-5.9045538E-12	-3.3386991E-12
+1.4200000E+02	-4.6402579E-12	+6.3498400E-12
+1.4240000E+02	+5.7848749E-12	+5.0974658E-12
+1.4280000E+02	+4.7117040E-12	-4.5917280E-12
+1.4320000E+02	-3.1349835E-12	-3.7370417E-12
+1.4360000E+02	-2.5556922E-12	+1.6525122E-12
+1.4400000E+02	+2.3107970E-13	+1.5254044E-12
+1.4440000E+02	+8.6155619E-13	+1.1400336E-12
+1.4480000E+02	+2.4772316E-12	-5.9569066E-13
+1.4520000E+02	-6.1595381E-13	-3.7251409E-12
+1.4560000E+02	-4.7342900E-12	+7.5939790E-13
+1.4600000E+02	+9.0638568E-13	+5.3049713E-12
+1.4640000E+02	+5.2744417E-12	-1.0312146E-12
+1.4680000E+02	-1.1880729E-12	-4.6022246E-12
+1.4720000E+02	-3.4079700E-12	+1.4456539E-12
+1.4760000E+02	+1.8108885E-12	+1.9388120E-12
+1.4800000E+02	+4.7835004E-13	-2.1887867E-12
+1.4840000E+02	-2.4071262E-12	+7.5957781E-13
+1.4880000E+02	+1.6984017E-12	+2.2995761E-12
+1.4920000E+02	+1.8060103E-12	-2.3904849E-12
+1.4960000E+02	-2.9340648E-12	-1.0330013E-12
+1.5000000E+02	-2.3155953E-13	+3.3582411E-12
+1.5040000E+02	+3.5418998E-12	-3.1077407E-13
+1.5080000E+02	-4.1869573E-13	-3.2222418E-12
+1.5120000E+02	-2.1061781E-12	+1.4363382E-13
+1.5160000E+02	-2.2515800E-13	+4.1864024E-14
+1.5200000E+02	-2.8335296E-12	+2.7760634E-13
+1.5240000E+02	-3.1191747E-13	+6.0558154E-12
+1.5280000E+02	+8.9480739E-12	+1.5839899E-12
+1.5320000E+02	+3.2030825E-12	-1.0857520E-11
+1.5360000E+02	-1.1418489E-11	-4.5401818E-12
+1.5400000E+02	-4.9142741E-12	+1.0719124E-11
+1.5440000E+02	+9.2822245E-12	+3.8969476E-12
+1.5480000E+02	+1.5424083E-12	-7.8517814E-12
+1.5520000E+02	-7.0696842E-12	+1.5728048E-12
+1.5560000E+02	+4.5355891E-12	+7.1861337E-12
+1.5600000E+02	+7.9405315E-12	-6.4391138E-12
+1.5640000E+02	-6.7371759E-12	-8.6759136E-12
+1.5680000E+02	-8.6419896E-12	+5.4531413E-12
+1.5720000E+02	+3.1493793E-12	+7.3510027E-12
+1.5760000E+02	+4.8221563E-12	-6.7209879E-13
+1.5800000E+02	+1.2101845E-12	-1.6000277E-12
+1.5840000E+02	+1.4623826E-12	-2.1089484E-12
+1.5880000E+02	-2.1250267E-12	-3.5551612E-12
+1.5920000E+02	-4.2352934E-12	+1.7266630E-12
+1.5960000E+02	+1.4693095E-12	+3.5775228E-12
+1.6000000E+02	+2.0931429E-12	-1.7026192E-12
+1.6040000E+02	-2.4084737E-12	-4.6928351E-13
+1.6080000E+02	+7.3720222E-13	+3.2411041E-12
+1.6120000E+02	+3.7351352E-12	-1.3050845E-12
+1.6160000E+02	-1.3678584E-12	-3.5640892E-12
+1.6200000E+02	-2.7123321E-12	+1.2607719E-12
+1.6240000E+02	+1.2959015E-12	+1.4755043E-12
+1.6280000E+02	+2.9870557E-13	-1.5938227E-12
+1.6320000E+02	-2.0589311E-12	+4.5263433E-13
+1.6360000E+02	+6.6215725E-13	+2.4988906E-12
+1.6400000E+02	+2.8051866E-12	-4.8241427E-13
+1.6440000E+02	-2.0047102E-13	-3.0768881E-12
+1.6480000E+02	-3.6022033E-12	+3.1142869E-14
+1.6520000E+02	-3.9269745E-14	+4.6944293E-12
+1.6560000E+02	+6.4657864E-12	+2.6268217E-13
+1.6600000E+02	+9.7694553E-13	-8.6667423E-12
+1.6640000E+02	-1.0694390E-11	-2.3678954E-12
+1.6680000E+02	-4.2758114E-12	+1.1791643E-11
+1.6720000E+02	+1.1360426E-11	+6.1625367E-12
+1.6760000E+02	+7.2792633E-12	-9.2471523E-12
+1.6800000E+02	-5.8617670E-12	-6.9738065E-12
+1.6840000E+02	-5.0007800E-12	+2.0629721E-12
+1.6880000E+02	-1.1515148E-12	+1.6868325E-12
+1.6920000E+02	-2.1370172E-12	+3.0203904E-12
+1.6960000E+02	+3.2989149E-12	+5.4205457E-12
+1.7000000E+02	+7.2831786E-12	-2.3245122E-12
+1.7040000E+02	-8.4356314E-13	-7.3448938E-12
+1.7080000E+02	-5.8616402E-12	-3.2083539E-13
+1.7120000E+02	-6.1432390E-13	+3.6116279E-12
+1.7160000E+02	+1.5837827E-12	-3.5998630E-14
+1.7200000E+02	-1.2246292E-12	-5.9920407E-13
+1.7240000E+02	-1.0176957E-12	+2.2742422E-12
+1.7280000E+02	+2.5487890E-12	+2.6387308E-12
+1.7320000E+02	+4.8216791E-12	-1.7372851E-12
+1.7360000E+02	+7.3558617E-15	-6.7618532E-12
+1.7400000E+02	-7.8033188E-12	-2.1238097E-12
+1.7440000E+02	-3.8601727E-12	+7.6659567E-12
+1.7480000E+02	+6.5092603E-12	+4.5600515E-12
+1.7520000E+02	+3.9030382E-12	-4.8259516E-12
+1.7560000E+02	-3.2242161E-12	-2.0119911E-12
+1.7600000E+02	+6.0291626E-13	+2.1931633E-12
+1.7640000E+02	+1.9415924E-12	-3.2299551E-12
+1.7680000E+02	-5.1933964E-12	-2.3616702E-12
+1.7720000E+02	-3.1153077E-12	+6.0539460E-12
+1.7760000E+02	+5.7064955E-12	+3.7941718E-12
+1.7800000E+02	+4.0816084E-12	-4.3549044E-12
+1.7840000E+02	-2.3914670E-12	-3.8526254E-12
+1.7880000E+02	-3.1805868E-12	+2.4082978E-13
+1.7920000E+02	-1.7665967E-12	+2.2614734E-12
+1.7960000E+02	+1.3006785E-12	+3.4481005E-12
+1.8000000E+02	+4.7428374E-12	-4.1961375E-13
+1.8040000E+02	+3.7442527E-13	-5.6373259E-12
+1.8080000E+02	-6.0930294E-12	-1.1448866E-12
+1.8120000E+02	-1.9362668E-12	+6.0216666E-12
+1.8160000E+02	+5.3261277E-12	+2.6896644E-12
+1.8200000E+02	+3.2146516E-12	-3.9875069E-12
+1.8240000E+02	-2.1498003E-12	-3.2423655E-12
+1.8280000E+02	-2.5441654E-12	+1.4815369E-13
+1.8320000E+02	-1.5513237E-12	+1.0641253E-12
+1.8360000E+02	-9.9998662E-13	+2.4909807E-12
+1.8400000E+02	+2.3896233E-12	+3.2153157E-12
+1.8440000E+02	+5.0378986E-12	-1.2671199E-12
+1.8480000E+02	+5.3526858E-13	-5.9988898E-12
+1.8520000E+02	-5.8772937E-12	-2.4586849E-12
+1.8560000E+02	-3.9205775E-12	+4.7837906E-12
+1.8600000E+02	+3.1155021E-12	+4.5224187E-12
+1.8640000E+02	+4.1848071E-12	-1.3972199E-12
+1.8680000E+02	-7.5742241E-14	-3.1520551E-12
+1.8720000E+02	-1.8642401E-12	-6.4351251E-13
+1.8760000E+02	-8.4610755E-13	+7.5329269E-13
+1.8800000E+02	+5.4089684E-14	+8.2390994E-13
+1.8840000E+02	+8.9724242E-13	+2.8482142E-13
+1.8880000E+02	+5.5138890E-13	-1.2287416E-12
+1.8920000E+02	-1.7188499E-12	-1.1055340E-12
+1.8960000E+02	-2.1777661E-12	+2.0359193E-12
+1.9000000E+02	+1.7712603E-12	+3.7267203E-12
+1.9040000E+02	+5.4250022E-12	-6.4984362E-13
+1.9080000E+02	+1.3013187E-12	-6.7835963E-12
+1.9120000E+02	-7.3603100E-12	-3.7087708E-12
+1.9160000E+02	-5.9591809E-12	+6.9574297E-12
+1.9200000E+02	+5.7171138E-12	+7.4155312E-12
+1.9240000E+02	+7.6509931E-12	-4.0690695E-12
+1.9280000E+02	-2.5528172E-12	-6.5994302E-12
+1.9320000E+02	-4.5585106E-12	+1.5949121E-12
+1.9360000E+02	+1.3425517E-12	+2.0479086E-12
+1.9400000E+02	-4.0967030E-13	-1.6287453E-12
+1.9440000E+02	-2.0825089E-12	+2.4833319E-12
+1.9480000E+02	+4.1173591E-12	+2.3291355E-12
+1.9520000E+02	+2.1828807E-12	-5.4708668E-12
+1.9560000E+02	-6.7517306E-12	-1.7380815E-12
+1.9600000E+02	-1.3137003E-12	+8.0345318E-12
+1.9640000E+02	+9.1603168E-12	+1.2777671E-12
+1.9680000E+02	+1.8380693E-12	-9.7756952E-12
+1.9720000E+02	-9.4988894E-12	-2.9044484E-12
+1.9760000E+02	-4.0959556E-12	+8.1343444E-12
+1.9800000E+02	+5.8279901E-12	+4.8971035E-12
+1.9840000E+02	+4.8940544E-12	-3.0780048E-12
+1.9880000E+02	-5.8178682E-13	-3.9793694E-12
+1.9920000E+02	-2.4244605E-12	-1.0216591E-12
+1.9960000E+02	-1.4012522E-12	+7.7877021E-13
+2.0000000E+02	-3.6345691E-13	+6.6102379E-13
+2.0040000E+02	-7.1633535E-13	+6.2304387E-13
+2.0080000E+02	+5.8688093E-16	+2.0869394E-12
+2.0120000E+02	+2.9259259E-12	+1.1337080E-12
+2.0160000E+02	+2.2230686E-12	-3.0413115E-12
+2.0200000E+02	-2.6222911E-12	-2.7950389E-12
+2.0240000E+02	-2.6907710E-12	+2.1007215E-12
+2.0280000E+02	+1.8942607E-12	+2.1401430E-12
+2.0320000E+02	+1.6418692E-12	-2.1583096E-12
+2.0360000E+02	-2.6724411E-12	-1.7014936E-12
+2.0400000E+02	-2.5513628E-12	+2.9244823E-12
+2.0440000E+02	+2.3602350E-12	+3.9904033E-12
+2.0480000E+02	+5.4293752E-12	-6.8383051E-13
+2.0520000E+02	+1.9368203E-12	-6.1321005E-12
+2.0560000E+02	-5.5489938E-12	-4.8668068E-12
+2.0600000E+02	-7.2196122E-12	+3.5907948E-12
+2.0640000E+02	+7.1194975E-13	+8.2053069E-12
+2.0680000E+02	+7.4601341E-12	+2.2435834E-12
+2.0720000E+02	+4.3736429E-12	-5.2088308E-12
+2.0760000E+02	-2.1825338E-12	-5.0833621E-12
+2.0800000E+02	-4.3234315E-12	-6.7632119E-13
+2.0840000E+02	-2.5945331E-12	+2.5947544E-12
+2.0880000E+02	+7.1737265E-13	+3.2671913E-12
+2.0920000E+02	+2.9445083E-12	+5.3237082E-13
+2.0960000E+02	+7.5318226E-13	-2.2714219E-12
+2.1000000E+02	-1.9568192E-12	-7.0350767E-14
+2.1040000E+02	+9.5826996E-13	+2.4261167E-12
+2.1080000E+02	+3.6175946E-12	-1.6349370E-12
+2.1120000E+02	-1.4753029E-12	-5.0161087E-12
+2.1160000E+02	-5.9080001E-12	+4.5640025E-13
+2.1200000E+02	-9.5818777E-13	+5.7383133E-12
+2.1240000E+02	+4.4028517E-12	+2.0306733E-12
+2.1280000E+02	+2.1031599E-12	-2.3356588E-12
+2.1320000E+02	-3.4494129E-13	-9.3005426E-13
+2.1360000E+02	+1.1681936E-12	-7.3431725E-13
+2.1400000E+02	-4.1693344E-13	-3.4085217E-12
+2.1440000E+02	-4.8684856E-12	-1.1980284E-12
+2.1480000E+02	-3.4460616E-12	+4.8905238E-12
+2.1520000E+02	+3.3875359E-12	+5.3687603E-12
+2.1560000E+02	+6.1238063E-12	-9.0901479E-13
+2.1600000E+02	+1.5700697E-12	-5.3541017E-12
+2.1640000E+02	-3.3504596E-12	-3.0530987E-12
+2.1680000E+02	-2.9460523E-12	+9.3014020E-13
+2.1720000E+02	-9.2193214E-13	+1.3163051E-12
+2.1760000E+02	-1.1317211E-12	+1.4956061E-12
+2.1800000E+02	+6.8647137E-13	+3.3600630E-12
+2.1840000E+02	+4.4530630E-12	+9.3601320E-13
+2.1880000E+02	+2.3628292E-12	-4.0286726E-12
+2.1920000E+02	-2.4229386E-12	-2.5893961E-12
+2.1960000E+02	-1.0811136E-12	+5.6020198E-13
+2.2000000E+02	-4.4311057E-13	-1.9434362E-12
+2.2040000E+02	-5.5427672E-12	-2.2444105E-13
+2.2080000E+02	-2.6851930E-12	+8.3957249E-12
+2.2120000E+02	+9.3224569E-12	+6.2714536E-12
+2.2160000E+02	+9.7597238E-12	-7.7684709E-12
+2.2200000E+02	-4.0483219E-12	-1.1849033E-11
+2.2240000E+02	-1.1686240E-11	-7.5616770E-13
+2.2280000E+02	-5.2039928E-12	+9.2182968E-12
+2.2320000E+02	+5.2226458E-12	+8.0416707E-12
+2.2360000E+02	+8.6633730E-12	-1.0021511E-12
+2.2400000E+02	+2.1276809E-12	-7.2975985E-12
+2.2440000E+02	-4.8509687E-12	-3.3448208E-12
+2.2480000E+02	-2.6110340E-12	+2.4854262E-12
+2.2520000E+02	+1.1160814E-12	+6.3157987E-13
+2.2560000E+02	-1.4884812E-12	-1.0457267E-12
+2.2600000E+02	-1.8873006E-12	+2.7361494E-12
+2.2640000E+02	+2.6163469E-12	+2.7968241E-12
+2.2680000E+02	+2.9035403E-12	-1.3320562E-12
+2.2720000E+02	+3.4977490E-13	-1.7403994E-12
+2.2760000E+02	+5.1782678E-13	-1.4768259E-12
+2.2800000E+02	-1.3601271E-12	-3.1130063E-12
+2.2840000E+02	-5.0302006E-12	-1.0762830E-13
+2.2880000E+02	-2.4026594E-12	+5.4457494E-12
+2.2920000E+02	+4.0982523E-12	+4.6066471E-12
+2.2960000E+02	+5.8198678E-12	-1.4194121E-12
+2.3000000E+02	+1.6319780E-12	-5.5653434E-12
+2.3040000E+02	-4.0049234E-12	-3.9600535E-12
+2.3080000E+02	-4.7769716E-12	+1.8730584E-12
+2.3120000E+02	+1.5884820E-13	+3.9127009E-12
+2.3160000E+02	+1.8603420E-12	+3.2334958E-13
+2.3200000E+02	-7.1257867E-13	+4.5632005E-13
+2.3240000E+02	+2.0869632E-12	+2.8991248E-12
+2.3280000E+02	+5.3694703E-12	-2.4533735E-12
+2.3320000E+02	-1.5723341E-12	-7.1215785E-12
+2.3360000E+02	-7.4329637E-12	+1.2966850E-14
+2.3400000E+02	-1.3837279E-12	+6.1483113E-12
+2.3440000E+02	+3.7207948E-12	+1.8926884E-12
+2.3480000E+02	+1.2262159E-12	-9.9709651E-13
+2.3520000E+02	+1.1527492E-12	+3.5083010E-13
+2.3560000E+02	+2.1571057E-12	-2.1951725E-12
+2.3600000E+02	-2.1267630E-12	-3.4144301E-12
+2.3640000E+02	-3.6029323E-12	+1.4242884E-12
+2.3680000E+02	+7.8426973E-13	+2.6909433E-12
+2.3720000E+02	+1.1386602E-12	-7.7868005E-13
+2.3760000E+02	-1.5875537E-12	+3.2093851E-13
+2.3800000E+02	+1.0190421E-12	+2.9296842E-12
+2.3840000E+02	+4.2180284E-12	-6.4871419E-13
+2.3880000E+02	+6.1320695E-13	-4.8607514E-12
+2.3920000E+02	-4.5609298E-12	-2.2129986E-12
+2.3960000E+02	-3.5008842E-12	+3.4693370E-12
+2.4000000E+02	+2.1150033E-12	+4.0490416E-12
+2.4040000E+02	+3.8525260E-12	-1.1448521E-12
+2.4080000E+02	-9.9671324E-13	-3.3145582E-12
+2.4120000E+02	-3.0211264E-12	+1.6651654E-12
+2.4160000E+02	+2.6791383E-12	+3.4128083E-12
+2.4200000E+02	+4.5151358E-12	-3.3115504E-12
+2.4240000E+02	-2.9298611E-12	-5.8660408E-12
+2.4280000E+02	-6.6886872E-12	+1.3248272E-12
+2.4320000E+02	-1.1418815E-12	+6.2412093E-12
+2.4360000E+02	+4.1861416E-12	+3.6514766E-12
+2.4400000E+02	+5.2636309E-12	-8.0461579E-13
+2.4440000E+02	+3.0555167E-12	-5.3285845E-12
+2.4480000E+02	-3.7890781E-12	-6.2898846E-12
+2.4520000E+02	-7.9788810E-12	+1.2294362E-12
+2.4560000E+02	-1.3594330E-12	+7.7678996E-12
+2.4600000E+02	+6.0156408E-12	+3.0013388E-12
+2.4640000E+02	+3.1571800E-12	-3.6394072E-12
+2.4680000E+02	-1.7206500E-12	-1.9584211E-12
+2.4720000E+02	-1.4348705E-13	+1.0422234E-12
+2.4760000E+02	+1.7611701E-12	-1.2787163E-12
+2.4800000E+02	-1.4905473E-12	-3.3617639E-12
+2.4840000E+02	-4.9088688E-12	+2.4680286E-13
+2.4880000E+02	-1.9965401E-12	+5.4873761E-12
+2.4920000E+02	+4.6301264E-12	+4.2663684E-12
+2.4960000E+02	+5.4904319E-12	-2.5420106E-12
+2.5000000E+02	-1.9511126E-14	-4.9660571E-12
+2.5040000E+02	-2.6735057E-12	-1.8984710E-12
+2.5080000E+02	-2.3924817E-12	-7.0331694E-13
+2.5120000E+02	-4.0567482E-12	+1.2310396E-12
+2.5160000E+02	-1.1180462E-12	+6.3118237E-12
+2.5200000E+02	+6.8593133E-12	+3.6825111E-12
+2.5240000E+02	+5.3996245E-12	-5.7785409E-12
+2.5280000E+02	-3.7586774E-12	-5.5660392E-12
+2.5320000E+02	-4.1260016E-12	+1.7616269E-12
+2.5360000E+02	+5.8287195E-13	+1.6738679E-12
+2.5400000E+02	-8.2544471E-13	-5.0870760E-13
+2.5440000E+02	-1.2213264E-12	+2.4696538E-12
+2.5480000E+02	+2.8109940E-12	+1.9891056E-12
+2.5520000E+02	+2.0497097E-12	-2.0325911E-12
+2.5560000E+02	-8.3341354E-13	-1.0063386E-12
+2.5600000E+02	+9.4844728E-13	+7.7547185E-14
+2.5640000E+02	+3.6983114E-13	-3.0888250E-12
+2.5680000E+02	-4.4719644E-12	-1.7533890E-12
+2.5720000E+02	-3.6701684E-12	+4.3750140E-12
+2.5760000E+02	+2.6550525E-12	+5.2071504E-12
+2.5800000E+02	+5.5209037E-12	+1.3591749E-13
+2.5840000E+02	+2.9429092E-12	-4.2497073E-12
+2.5880000E+02	-1.7234961E-12	-4.6328309E-12
+2.5920000E+02	-4.4723537E-12	-1.1317368E-12
+2.5960000E+02	-3.1638434E-12	+2.4505135E-12
+2.6000000E+02	-6.9888529E-13	+3.4837739E-12
+2.6040000E+02	+1.8616845E-12	+3.7914505E-12
+2.6080000E+02	+5.6812622E-12	+1.1471444E-12
+2.6120000E+02	+4.4091178E-12	-5.7362631E-12
+2.6160000E+02	-4.0948785E-12	-6.6700947E-12
+2.6200000E+02	-7.0714326E-12	+1.5921832E-12
+2.6240000E+02	-6.1276507E-13	+5.5035004E-12
+2.6280000E+02	+2.6439553E-12	+1.5462311E-12
+2.6320000E+02	+8.4331829E-13	+3.3649514E-13
+2.6360000E+02	+2.2742817E-12	+1.0995985E-12
+2.6400000E+02	+3.3101588E-12	-2.5033807E-12
+2.6440000E+02	-1.1250164E-12	-4.6814393E-12
+2.6480000E+02	-4.4753919E-12	-1.0574729E-12
+2.6520000E+02	-2.9065375E-12	+2.6668879E-12
+2.6560000E+02	-2.3156766E-14	+3.4576974E-12
+2.6600000E+02	+2.3438858E-12	+2.4210539E-12
+2.6640000E+02	+3.3933486E-12	+4.6710656E-14
+2.6680000E+02	+2.7444116E-12	-2.3270124E-12
+2.6720000E+02	+6.0829873E-13	-4.6231847E-12
+2.6760000E+02	-4.8888473E-12	-4.5247048E-12
+2.6800000E+02	-8.1742083E-12	+3.4178787E-12
+2.6840000E+02	+8.0331906E-13	+1.0442637E-11
+2.6880000E+02	+1.0767968E-11	+1.9057391E-12
+2.6920000E+02	+3.6515825E-12	-9.3107249E-12
+2.6960000E+02	-6.8165965E-12	-3.8049638E-12
+2.7000000E+02	-2.4045860E-12	+4.2462640E-12
+2.7040000E+02	+2.3450528E-12	+1.0288671E-13
+2.7080000E+02	-2.1476307E-12	-1.3440934E-12
+2.7120000E+02	-9.1912112E-13	+3.5216512E-12
+2.7160000E+02	+3.6712255E-12	+4.1414872E-13
+2.7200000E+02	-7.8139611E-13	-2.8478478E-12
+2.7240000E+02	-1.7498547E-12	+2.8798806E-12
+2.7280000E+02	+5.5312346E-12	+1.1706221E-12
+2.7320000E+02	+1.6092233E-12	-7.9256017E-12
+2.7360000E+02	-9.1218787E-12	-3.0190406E-12
+2.7400000E+02	-4.8069156E-12	+8.4607398E-12
+2.7440000E+02	+5.8822839E-12	+6.0844727E-12
+2.7480000E+02	+6.0627842E-12	-2.0076263E-12
+2.7520000E+02	+2.0570244E-12	-4.4188329E-12
+2.7560000E+02	-1.4733491E-12	-5.1186116E-12
+2.7600000E+02	-6.3377032E-12	-1.9009336E-12
+2.7640000E+02	-4.6078244E-12	+5.5330815E-12
+2.7680000E+02	+3.2280753E-12	+5.7601090E-12
+2.7720000E+02	+5.0381063E-12	-4.2208340E-13
+2.7760000E+02	+1.8173187E-12	-2.8254539E-12
+2.7800000E+02	-6.3764192E-14	-2.7742305E-12
+2.7840000E+02	-2.3458410E-12	-2.1172876E-12
+2.7880000E+02	-2.8457581E-12	+1.0420051E-12
+2.7920000E+02	-2.7132904E-13	+1.8489260E-12
+2.7960000E+02	-4.4751700E-13	+7.7298817E-13
+2.8000000E+02	+6.0498671E-14	+3.1017205E-12
+2.8040000E+02	+5.0434235E-12	+1.6620641E-12
+2.8080000E+02	+3.6625905E-12	-5.5072720E-12
+2.8120000E+02	-4.3338601E-12	-4.9931235E-12
+2.8160000E+02	-4.9031723E-12	+2.0165969E-12
+2.8200000E+02	-5.2067486E-13	+3.1772902E-12
+2.8240000E+02	+2.5079372E-13	+2.3173579E-12
+2.8280000E+02	+2.7718072E-12	+2.9488130E-12
+2.8320000E+02	+5.3698721E-12	-1.8709045E-12
+2.8360000E+02	-1.5887478E-13	-6.2586483E-12
+2.8400000E+02	-5.4558403E-12	-1.5347441E-12
+2.8440000E+02	-2.4823760E-12	+3.4416057E-12
+2.8480000E+02	+1.1122618E-12	+2.3851962E-12
+2.8520000E+02	+1.4919933E-12	+6.1106349E-13
+2.8560000E+02	+1.1682457E-12	-4.5754003E-13
+2.8600000E+02	-7.3943126E-15	-5.7053341E-13
+2.8640000E+02	+6.5454843E-13	+5.6619944E-13
+2.8680000E+02	+2.0256723E-12	-1.7528948E-12
+2.8720000E+02	-2.1297900E-12	-3.7664187E-12
+2.8760000E+02	-4.9313349E-12	+1.6490800E-12
+2.8800000E+02	+7.0194814E-13	+4.8300880E-12
+2.8840000E+02	+3.2886053E-12	-8.5978795E-15
+2.8880000E+02	-2.4233402E-13	-7.7634699E-13
+2.8920000E+02	+1.7589672E-12	+1.6528802E-12
+2.8960000E+02	+3.8728007E-12	-3.2869683E-12
+2.9000000E+02	-3.1500389E-12	-6.0121740E-12
+2.9040000E+02	-7.0161350E-12	+1.3740818E-12
+2.9080000E+02	-1.3117050E-12	+6.1361409E-12
+2.9120000E+02	+3.3057388E-12	+3.7663463E-12
+2.9160000E+02	+4.9213849E-12	+7.5550700E-13
+2.9200000E+02	+4.7726176E-12	-4.2499660E-12
+2.9240000E+02	-2.0136287E-12	-7.3974486E-12
+2.9280000E+02	-7.7463027E-12	-8.2769586E-13
+2.9320000E+02	-3.0121719E-12	+5.7662412E-12
+2.9360000E+02	+2.2709233E-12	+3.5146865E-12
+2.9400000E+02	+1.9987801E-12	+1.3758398E-12
+2.9440000E+02	+3.8021333E-12	+1.0132290E-12
+2.9480000E+02	+4.3291149E-12	-4.1730918E-12
+2.9520000E+02	-2.5146469E-12	-6.5601834E-12
+2.9560000E+02	-6.6844628E-12	-3.1613448E-13
+2.9600000E+02	-2.9987454E-12	+4.4667974E-12
+2.9640000E+02	+5.6291504E-13	+4.2999688E-12
+2.9680000E+02	+3.5792885E-12	+3.7337789E-12
+2.9720000E+02	+6.9966497E-12	-1.0431884E-12
+2.9760000E+02	+2.3501939E-12	-8.2143487E-12
+2.9800000E+02	-7.1624037E-12	-5.2890762E-12
+2.9840000E+02	-6.6392266E-12	+4.4541406E-12
+2.9880000E+02	+1.2612507E-12	+5.8894543E-12
+2.9920000E+02	+3.3344038E-12	+1.1717264E-12
+2.9960000E+02	+2.0160357E-12	+6.9325290E-14
+3.0000000E+02	+3.1025794E-12	-1.1545587E-12
+3.0040000E+02	+8.2416525E-13	-4.7666296E-12
+3.0080000E+02	-4.6515578E-12	-2.9149347E-12
+3.0120000E+02	-4.1345165E-12	+3.0480840E-12
+3.0160000E+02	+7.7292319E-13	+3.9220183E-12
+3.0200000E+02	+2.3387445E-12	+1.2030958E-12
+3.0240000E+02	+2.1584905E-12	+2.9515905E-15
+3.0280000E+02	+2.2354388E-12	-1.8868871E-12
+3.0320000E+02	-7.2343506E-13	-3.6178786E-12
+3.0360000E+02	-3.8369701E-12	-6.6236914E-13
+3.0400000E+02	-1.6017143E-12	+3.1020690E-12
+3.0440000E+02	+2.0051726E-12	+1.7335422E-12
+3.0480000E+02	+1.1475149E-12	-1.2200774E-12
+3.0520000E+02	-1.1827382E-12	-3.0552215E-13
+3.0560000E+02	+2.1372973E-13	+1.8980566E-12
+3.0600000E+02	+2.9571393E-12	-2.2790460E-14
+3.0640000E+02	+8.6066967E-13	-3.7516936E-12
+3.0680000E+02	-3.7822988E-12	-1.9971002E-12
+3.0720000E+02	-2.7176587E-12	+2.9147680E-12
+3.0760000E+02	+1.4625104E-12	+2.4415250E-12
+3.0800000E+02	+9.7356603E-13	-5.2206688E-14
+3.0840000E+02	+6.7004492E-13	+1.3575140E-12
+3.0880000E+02	+3.7926360E-12	-3.5930388E-13
+3.0920000E+02	+8.3079180E-13	-5.4375145E-12
+3.0960000E+02	-5.6379522E-12	-2.2732072E-12
+3.1000000E+02	-3.1176886E-12	+4.2731536E-12
+3.1040000E+02	+1.8346795E-12	+2.6665664E-12
+3.1080000E+02	+7.1528777E-13	+7.5261923E-13
+3.1120000E+02	+2.5008876E-12	+2.2961340E-12
+3.1160000E+02	+5.3997945E-12	-2.7692128E-12
+3.1200000E+02	-1.5398830E-12	-7.4516413E-12
+3.1240000E+02	-7.5830512E-12	-5.6038754E-13
+3.1280000E+02	-2.5105260E-12	+5.5688286E-12
+3.1320000E+02	+1.9559667E-12	+3.3183075E-12
+3.1360000E+02	+2.4432671E-12	+2.1087045E-12
+3.1400000E+02	+5.2920419E-12	-4.2228767E-14
+3.1440000E+02	+3.0690358E-12	-6.5698329E-12
+3.1480000E+02	-5.6086944E-12	-5.7283159E-12
+3.1520000E+02	-6.8902042E-12	+2.8831866E-12
+3.1560000E+02	-5.1788836E-13	+6.0527366E-12
+3.1600000E+02	+3.4728784E-12	+3.3178488E-12
+3.1640000E+02	+4.5407774E-12	-8.0857749E-14
+3.1680000E+02	+2.8749193E-12	-3.8692128E-12
+3.1720000E+02	-1.7329165E-12	-4.3116109E-12
+3.1760000E+02	-3.7317622E-12	-8.9916461E-13
+3.1800000E+02	-2.9321279E-12	+1.4128425E-12
+3.1840000E+02	-1.7068167E-12	+3.5916747E-12
+3.1880000E+02	+2.7230555E-12	+4.3974003E-12
+3.1920000E+02	+5.6133153E-12	-8.2590362E-13
+3.1960000E+02	+1.1811888E-12	-4.8866912E-12
+3.2000000E+02	-2.4866580E-12	-2.3621028E-12
+3.2040000E+02	-2.1609317E-12	-7.1116014E-13
+3.2080000E+02	-3.5841178E-12	+6.3164689E-13
+3.2120000E+02	-1.5921407E-12	+5.2011108E-12
+3.2160000E+02	+5.1638303E-12	+3.5702961E-12
+3.2200000E+02	+4.4551558E-12	-3.7194660E-12
+3.2240000E+02	-1.6103743E-12	-3.8491231E-12
+3.2280000E+02	-1.9728230E-12	-2.6596486E-13
+3.2320000E+02	-1.2386826E-12	-4.2435648E-13
+3.2360000E+02	-2.3725817E-12	+1.1270458E-12
+3.2400000E+02	+2.8022537E-13	+3.0802122E-12
+3.2440000E+02	+2.2582289E-12	+6.1546224E-13
+3.2480000E+02	+8.7228672E-13	-2.3789725E-13
+3.2520000E+02	+2.1647729E-12	-1.3127125E-13
+3.2560000E+02	+1.4573202E-12	-3.9798994E-12
+3.2600000E+02	-4.4726268E-12	-3.2820068E-12
+3.2640000E+02	-4.5271828E-12	+3.4306750E-12
+3.2680000E+02	+1.2349823E-12	+4.5300583E-12
+3.2720000E+02	+3.0847122E-12	+1.3111349E-12
+3.2760000E+02	+3.3188983E-12	-5.6157377E-13
+3.2800000E+02	+2.2125172E-12	-4.1742560E-12
+3.2840000E+02	-3.7714877E-12	-4.2681037E-12
+3.2880000E+02	-4.8733470E-12	+2.5260330E-12
+3.2920000E+02	+1.1668116E-12	+3.8244548E-12
+3.2960000E+02	+1.5264620E-12	-4.0151544E-13
+3.3000000E+02	-6.0095741E-13	+1.1689611E-12
+3.3040000E+02	+3.3015939E-12	+1.6385707E-12
+3.3080000E+02	+2.9531599E-12	-4.1773392E-12
+3.3120000E+02	-3.6263189E-12	-3.8062283E-12
+3.3160000E+02	-3.6210566E-12	+2.0413280E-12
+3.3200000E+02	+1.8627048E-13	+2.2551608E-12
+3.3240000E+02	+8.6015022E-14	+1.1397656E-12
+3.3280000E+02	+1.4382594E-12	+2.1300391E-12
+3.3320000E+02	+3.5681555E-12	-7.0512773E-13
+3.3360000E+02	+5.9616788E-13	-3.6836014E-12
+3.3400000E+02	-2.4497759E-12	-1.7655141E-12
+3.3440000E+02	-2.1967819E-12	+3.8239343E-13
+3.3480000E+02	-1.6635351E-12	+1.6618689E-12
+3.3520000E+02	+4.2287441E-13	+2.8412281E-12
+3.3560000E+02	+2.6599130E-12	+8.7793605E-13
+3.3600000E+02	+1.5041322E-12	-1.1876573E-12
+3.3640000E+02	+9.7584833E-13	-9.6394260E-13
+3.3680000E+02	+7.4561065E-13	-2.9457867E-12
+3.3720000E+02	-3.9158841E-12	-3.0981378E-12
+3.3760000E+02	-5.2243706E-12	+3.4885536E-12
+3.3800000E+02	+1.8351143E-12	+6.2531200E-12
+3.3840000E+02	+5.6677590E-12	+3.7938406E-13
+3.3880000E+02	+2.2744726E-12	-3.5305923E-12
+3.3920000E+02	-4.8016024E-13	-3.1196640E-12
+3.3960000E+02	-2.6356213E-12	-2.5012405E-12
+3.4000000E+02	-4.4588950E-12	+1.1071764E-12
+3.4040000E+02	-7.3753213E-13	+4.8283715E-12
+3.4080000E+02	+3.6455406E-12	+2.0312052E-12
+3.4120000E+02	+2.1294525E-12	-1.5215210E-12
+3.4160000E+02	+6.0551731E-13	-8.8254255E-13
+3.4200000E+02	+1.2937207E-12	-1.8412336E-12
+3.4240000E+02	-1.6810314E-12	-3.5763971E-12
+3.4280000E+02	-5.0587926E-12	+1.9577757E-13
+3.4320000E+02	-2.0119392E-12	+5.1088875E-12
+3.4360000E+02	+3.6202643E-12	+4.0582005E-12
+3.4400000E+02	+5.1310915E-12	-1.0575320E-12
+3.4440000E+02	+1.7189974E-12	-4.8054919E-12
+3.4480000E+02	-3.1970919E-12	-3.7774743E-12
+3.4520000E+02	-4.4588874E-12	+9.0045947E-13
+3.4560000E+02	-1.2571834E-12	+3.6084755E-12
+3.4600000E+02	+1.6090573E-12	+2.5433155E-12
+3.4640000E+02	+2.5971994E-12	+7.8878978E-13
+3.4680000E+02	+2.7654353E-12	-1.5500976E-12
+3.4720000E+02	+5.1812701E-14	-3.7383414E-12
+3.4760000E+02	-3.5567808E-12	-1.4825742E-12
+3.4800000E+02	-2.1294704E-12	+2.5157444E-12
+3.4840000E+02	+1.1945582E-12	+1.7252722E-12
+3.4880000E+02	+4.3075062E-13	-1.9513052E-13
+3.4920000E+02	+1.0893674E-13	+1.2574163E-12
+3.4960000E+02	+2.7269045E-12	+2.8881498E-13
+3.5000000E+02	+1.0516125E-12	-3.5022888E-12
+3.5040000E+02	-3.4255733E-12	-1.6679331E-12
+3.5080000E+02	-1.6878160E-12	+2.6948090E-12
+3.5120000E+02	+1.7524133E-12	+9.2547883E-13
+3.5160000E+02	-4.5544283E-13	-1.0772178E-12
+3.5200000E+02	-9.7190466E-13	+2.0061125E-12
+3.5240000E+02	+3.1752860E-12	+1.4357556E-12
+3.5280000E+02	+2.1735960E-12	-3.5317630E-12
+3.5320000E+02	-2.9337537E-12	-2.7328780E-12
+3.5360000E+02	-2.7070996E-12	+1.5773725E-12
+3.5400000E+02	-9.1367878E-14	+1.9174154E-12
+3.5440000E+02	+4.9556732E-13	+1.5597858E-12
+3.5480000E+02	+2.4478185E-12	+1.1655002E-12
+3.5520000E+02	+2.5706082E-12	-2.6405122E-12
+3.5560000E+02	-2.3019124E-12	-3.3224944E-12
+3.5600000E+02	-3.2786324E-12	+1.7703952E-12
+3.5640000E+02	+1.3858220E-12	+2.5998054E-12
+3.5680000E+02	+1.6719682E-12	-1.3265916E-12
+3.5720000E+02	-1.5284740E-12	-9.3636737E-13
+3.5760000E+02	-7.0085391E-13	+1.7202792E-12
+3.5800000E+02	+1.5599801E-12	+1.0121994E-12
+3.5840000E+02	+1.6425767E-12	-8.1085813E-13
+3.5880000E+02	+5.2080872E-13	-2.1947547E-12
+3.5920000E+02	-2.2805227E-12	-2.1495091E-12
+3.5960000E+02	-3.5962598E-12	+1.6962751E-12
+3.6000000E+02	+5.2109762E-13	+4.3653087E-12
+3.6040000E+02	+4.1415021E-12	+9.0474771E-13
+3.6080000E+02	+2.1130585E-12	-2.9275423E-12
+3.6120000E+02	-1.0630285E-12	-2.6981258E-12
+3.6160000E+02	-2.4857474E-12	-8.8614510E-13
+3.6200000E+02	-2.3276876E-12	+1.6104586E-12
+3.6240000E+02	+4.6773826E-13	+2.8557948E-12
+3.6280000E+02	+2.3949601E-12	+4.4124860E-13
+3.6320000E+02	+7.1095222E-13	-1.2193696E-12
+3.6360000E+02	+1.5901274E-13	-1.9812962E-13
+3.6400000E+02	+9.1364521E-13	-1.1896222E-12
+3.6440000E+02	-1.4922787E-12	-2.1790767E-12
+3.6480000E+02	-3.0620442E-12	+9.9559022E-13
+3.6520000E+02	-4.7254545E-14	+3.1464654E-12
+3.6560000E+02	+2.3050093E-12	+1.1690805E-12
+3.6600000E+02	+1.8803839E-12	-7.5936792E-13
+3.6640000E+02	+9.9250854E-13	-1.8659085E-12
+3.6680000E+02	-1.1092324E-12	-2.3555400E-12
+3.6720000E+02	-2.8554278E-12	-1.0233161E-13
+3.6760000E+02	-1.2927998E-12	+2.3130214E-12
+3.6800000E+02	+9.0976416E-13	+1.9859361E-12
+3.6840000E+02	+1.8923736E-12	+8.7930902E-13
+3.6880000E+02	+2.4581785E-12	-1.0223280E-12
+3.6920000E+02	+3.1908133E-13	-3.3218593E-12
+3.6960000E+02	-3.2283040E-12	-1.6503777E-12
+3.7000000E+02	-2.4982296E-12	+2.2680233E-12
+3.7040000E+02	+8.0995056E-13	+2.5751614E-12
+3.7080000E+02	+1.8818723E-12	+6.5023838E-13
+3.7120000E+02	+1.6771773E-12	-6.9654155E-13
+3.7160000E+02	+5.4147606E-13	-2.0454984E-12
+3.7200000E+02	-1.7975474E-12	-1.4051577E-12
+3.7240000E+02	-1.6412594E-12	+1.1931898E-12
+3.7280000E+02	+5.7896915E-13	+1.2574324E-12
+3.7320000E+02	+5.0402591E-13	-2.3427718E-13
+3.7360000E+02	-2.5821606E-13	+2.3795172E-13
+3.7400000E+02	+6.1482731E-13	+5.4103736E-13
+3.7440000E+02	+8.2743565E-13	-4.4016427E-13
+3.7480000E+02	+2.3768276E-13	-8.4097757E-13
+3.7520000E+02	-4.1497840E-13	-1.1637395E-12
+3.7560000E+02	-1.9848182E-12	-4.2561789E-13
+3.7600000E+02	-1.4648665E-12	+2.3915858E-12
+3.7640000E+02	+2.2364911E-12	+2.3775297E-12
+3.7680000E+02	+2.8570990E-12	-1.5820386E-12
+3.7720000E+02	-6.6382026E-13	-2.7371029E-12
+3.7760000E+02	-2.0564538E-12	-2.1241743E-13
+3.7800000E+02	-7.9479561E-13	+1.0432528E-12
+3.7840000E+02	+2.4921277E-14	+9.7912324E-13
+3.7880000E+02	+8.3586277E-13	+6.9800060E-13
+3.7920000E+02	+9.6334293E-13	-5.6256572E-13
+3.7960000E+02	-3.8514880E-13	-8.0021638E-13
+3.8000000E+02	-4.0412137E-13	+4.5176499E-13
+3.8040000E+02	+7.6473047E-13	+4.6770330E-14
+3.8080000E+02	-4.1004111E-14	-1.1788140E-12
+3.8120000E+02	-1.4657078E-12	-2.3481978E-13
+3.8160000E+02	-7.9480938E-13	+1.4166674E-12
+3.8200000E+02	+9.3958049E-13	+1.4217918E-12
+3.8240000E+02	+1.8523746E-12	-1.0934977E-13
+3.8280000E+02	+8.4996385E-13	-1.8856570E-12
+3.8320000E+02	-1.4647241E-12	-1.6446258E-12
+3.8360000E+02	-2.0206365E-12	+6.9886713E-13
+3.8400000E+02	-1.8061375E-13	+1.8595250E-12
+3.8440000E+02	+1.2229426E-12	+9.1119825E-13
+3.8480000E+02	+1.2986927E-12	-3.2938808E-13
+3.8520000E+02	+5.2653917E-13	-1.2856429E-12
+3.8560000E+02	-9.6286261E-13	-1.0798194E-12
+3.8600000E+02	-1.1845710E-12	+5.2231469E-13
+3.8640000E+02	+1.7328084E-13	+8.5446979E-13
+3.8680000E+02	+2.4173695E-13	-5.7556217E-14
+3.8720000E+02	-1.9809179E-13	+4.3298884E-13
+3.8760000E+02	+9.6909527E-13	+5.0023122E-13
+3.8800000E+02	+8.0223606E-13	-1.2567112E-12
+3.8840000E+02	-1.3031136E-12	-9.5160220E-13
+3.8880000E+02	-8.7390358E-13	+1.2079142E-12
+3.8920000E+02	+1.1015505E-12	+6.0517774E-13
+3.8960000E+02	+2.7497707E-13	-1.0760178E-12
+3.9000000E+02	-1.1385825E-12	-4.8197902E-14
+3.9040000E+02	-5.0940063E-14	+1.2081412E-12
+3.9080000E+02	+1.1549335E-12	+3.1201629E-13
+3.9120000E+02	+7.4493944E-13	-8.6552343E-13
+3.9160000E+02	-3.0412978E-13	-1.1782722E-12
+3.9200000E+02	-1.4221952E-12	-4.5714599E-13
+3.9240000E+02	-1.2536105E-12	+1.3442419E-12
+3.9280000E+02	+9.2337882E-13	+1.8840946E-12
+3.9320000E+02	+2.1859239E-12	-2.6042506E-13
+3.9360000E+02	+4.5946629E-13	-2.0984550E-12
+3.9400000E+02	-1.6889647E-12	-1.0371407E-12
+3.9440000E+02	-1.3342649E-12	+1.1295381E-12
+3.9480000E+02	+6.3323456E-13	+1.3226414E-12
+3.9520000E+02	+1.0884933E-12	-3.7426653E-13
+3.9560000E+02	-4.2353929E-13	-7.9055107E-13
+3.9600000E+02	-5.8952934E-13	+7.2494870E-13
+3.9640000E+02	+1.1216979E-12	+5.7816048E-13
+3.9680000E+02	+7.4067221E-13	-1.4220207E-12
+3.9720000E+02	-1.4780584E-12	-9.5859582E-13
+3.9760000E+02	-1.0609366E-12	+1.2464687E-12
+3.9800000E+02	+8.0669294E-13	+8.9864052E-13
+3.9840000E+02	+4.1324003E-13	-3.2969163E-13
+3.9880000E+02	-9.6137180E-15	+3.2842191E-13
+3.9920000E+02	+1.1482214E-12	-1.4519870E-14
+3.9960000E+02	+2.8377687E-13	-1.8151753E-12
+4.0000000E+02	-2.1264070E-12	-8.0446991E-13
