+0.0000000E+00	-1.9177698E-07	+0.0000000E+00
+4.0000000E-01	-1.2881939E-07	+1.2643771E-07
+8.0000000E-01	-2.3360875E-08	+1.6036081E-07
+1.2000000E+00	+6.7371869E-08	+1.5156677E-07
+1.6000000E+00	+1.6720211E-07	+8.6893515E-08
+2.0000000E+00	+1.9245184E-07	-5.8922566E-08
+2.4000000E+00	+9.6218980E-08	-1.7013844E-07
+2.8000000E+00	-2.8593405E-08	-1.8619677E-07
+3.2000000E+00	-1.4250635E-07	-1.3946201E-07
+3.6000000E+00	-2.1957785E-07	-1.0929802E-08
+4.0000000E+00	-1.7254349E-07	+1.5375679E-07
+4.4000000E+00	-1.9233651E-08	+2.3155267E-07
+4.8000000E+00	+1.4310937E-07	+1.8887095E-07
+5.2000000E+00	+2.4581800E-07	+4.0988258E-08
+5.6000000E+00	+2.0626697E-07	-1.5312757E-07
+6.0000000E+00	+3.1729126E-08	-2.5033680E-07
+6.4000000E+00	-1.4772423E-07	-1.9705508E-07
+6.8000000E+00	-2.5025901E-07	-3.7563743E-08
+7.2000000E+00	-1.9741481E-07	+1.7441309E-07
+7.6000000E+00	+3.1974038E-08	+2.4973986E-07
+8.0000000E+00	+1.8575274E-07	+8.2881453E-08
+8.4000000E+00	+1.0754645E-07	-6.5451461E-08
+8.8000000E+00	+3.0567906E-08	-4.6424650E-08
+9.2000000E+00	+4.2329768E-08	-5.6013297E-08
+9.6000000E+00	-2.2491676E-08	-9.4309062E-08
+1.0000000E+01	-8.3699444E-08	-2.0648176E-08
+1.0400000E+01	-3.0363393E-08	+3.4083344E-08
+1.0800000E+01	-8.5689753E-09	+2.5765281E-09
+1.1200000E+01	-3.0207238E-08	+1.6165850E-08
+1.1600000E+01	-6.4475172E-10	+3.1414538E-08
+1.2000000E+01	-5.1886666E-09	+6.5123030E-09
+1.2400000E+01	-2.2682472E-08	+4.8034649E-08
+1.2800000E+01	+5.4012231E-08	+7.2704579E-08
+1.3200000E+01	+9.6697995E-08	-7.7408388E-09
+1.3600000E+01	+5.8454171E-08	-5.1843171E-08
+1.4000000E+01	+6.0459779E-08	-8.2613795E-08
+1.4400000E+01	-1.9010316E-08	-1.8349765E-07
+1.4800000E+01	-2.3600574E-07	-1.2122178E-07
+1.5200000E+01	-2.6667668E-07	+1.6658538E-07
+1.5600000E+01	-5.7896754E-09	+3.2630006E-07
+1.6000000E+01	+2.4907012E-07	+1.9563897E-07
+1.6400000E+01	+3.0012547E-07	-6.2295696E-08
+1.6800000E+01	+1.3929899E-07	-2.6280018E-07
+1.7200000E+01	-1.0994328E-07	-2.4891466E-07
+1.7600000E+01	-2.1242342E-07	-6.5139320E-08
+1.8000000E+01	-1.6012374E-07	+6.0638685E-08
+1.8400000E+01	-1.1146400E-07	+1.2634579E-07
+1.8800000E+01	-3.9810949E-09	+2.0430923E-07
+1.9200000E+01	+1.7314923E-07	+1.4198983E-07
+1.9600000E+01	+1.9996334E-07	-5.0204134E-08
+2.0000000E+01	+8.1666656E-08	-1.4429878E-07
+2.0400000E+01	-1.0975891E-08	-1.4326925E-07
+2.0800000E+01	-1.0489137E-07	-1.2248074E-07
+2.1200000E+01	-1.8627534E-07	-3.6273246E-09
+2.1600000E+01	-1.1972135E-07	+1.5569183E-07
+2.2000000E+01	+5.5535116E-08	+1.8913639E-07
+2.2400000E+01	+1.9287448E-07	+6.4779581E-08
+2.2800000E+01	+1.6331998E-07	-1.4612159E-07
+2.3200000E+01	-7.7061139E-08	-2.2238598E-07
+2.3600000E+01	-2.4322479E-07	+6.0911677E-09
+2.4000000E+01	-5.8887107E-08	+2.3025277E-07
+2.4400000E+01	+1.8258883E-07	+1.1203072E-07
+2.4800000E+01	+1.3877198E-07	-1.0107439E-07
+2.5200000E+01	-2.4824925E-09	-1.1919349E-07
+2.5600000E+01	-4.6072709E-08	-7.6257989E-08
+2.6000000E+01	-9.4145568E-08	-5.7609187E-08
+2.6400000E+01	-1.4050751E-07	+3.5106193E-08
+2.6800000E+01	-7.1712326E-08	+1.4992203E-07
+2.7200000E+01	+6.9181565E-08	+1.6006927E-07
+2.7600000E+01	+1.6419208E-07	+6.1501427E-08
+2.8000000E+01	+1.6027268E-07	-6.4009085E-08
+2.8400000E+01	+9.3286914E-08	-1.5091006E-07
+2.8800000E+01	-1.4119027E-08	-2.1421767E-07
+2.9200000E+01	-2.1374957E-07	-1.9172478E-07
+2.9600000E+01	-3.5773283E-07	+7.0701191E-08
+3.0000000E+01	-1.5265814E-07	+3.8615951E-07
+3.0400000E+01	+2.4937152E-07	+3.4208641E-07
+3.0800000E+01	+3.9659356E-07	-8.7696928E-09
+3.1200000E+01	+2.1925238E-07	-2.8770015E-07
+3.1600000E+01	-7.6042988E-08	-3.2987311E-07
+3.2000000E+01	-2.8813953E-07	-1.2464929E-07
+3.2400000E+01	-2.1333418E-07	+1.4410284E-07
+3.2800000E+01	-2.2564758E-09	+1.5673120E-07
+3.3200000E+01	+1.7870032E-09	+6.2233877E-08
+3.3600000E+01	+7.3729662E-09	+1.5837552E-07
+3.4000000E+01	+2.4052920E-07	+1.2146557E-07
+3.4400000E+01	+2.4562910E-07	-2.1429113E-07
+3.4800000E+01	-1.0910404E-07	-2.9691586E-07
+3.5200000E+01	-2.5200621E-07	-1.2638955E-08
+3.5600000E+01	-9.4226330E-08	+1.3596231E-07
+3.6000000E+01	-3.0366966E-10	+1.1023470E-07
+3.6400000E+01	+6.8089375E-08	+1.0893160E-07
+3.6800000E+01	+1.6200333E-07	+7.3149485E-09
+3.7200000E+01	+8.9828386E-08	-1.5160144E-07
+3.7600000E+01	-8.1871319E-08	-1.5806165E-07
+3.8000000E+01	-1.9289493E-07	-3.4966171E-08
+3.8400000E+01	-1.7514045E-07	+1.7676496E-07
+3.8800000E+01	+1.0211078E-07	+3.0013697E-07
+3.9200000E+01	+3.6472523E-07	+1.5125203E-08
+3.9600000E+01	+1.3045034E-07	-3.3846231E-07
+4.0000000E+01	-2.2900627E-07	-1.8553784E-07
+4.0400000E+01	-1.4000753E-07	+8.8527997E-08
+4.0800000E+01	-7.8835376E-09	+1.8397071E-09
+4.1200000E+01	-1.6643237E-07	+4.1040385E-09
+4.1600000E+01	-9.9524511E-08	+2.7598401E-07
+4.2000000E+01	+2.6188173E-07	+2.3937145E-07
+4.2400000E+01	+3.2150400E-07	-1.2528792E-07
+4.2800000E+01	+6.0864165E-08	-2.7773201E-07
+4.3200000E+01	-1.1076387E-07	-1.9013682E-07
+4.3600000E+01	-1.8415187E-07	-1.0128972E-07
+4.4000000E+01	-2.4658474E-07	+4.0425243E-08
+4.4400000E+01	-1.6365225E-07	+2.4374836E-07
+4.4800000E+01	+8.9989174E-08	+3.1426914E-07
+4.5200000E+01	+3.2632222E-07	+1.3621084E-07
+4.5600000E+01	+3.1932123E-07	-1.9121909E-07
+4.6000000E+01	+2.0434724E-08	-3.7094098E-07
+4.6400000E+01	-2.7589999E-07	-2.0100923E-07
+4.6800000E+01	-2.6598563E-07	+9.4913190E-08
+4.7200000E+01	-7.4318882E-08	+1.9646488E-07
+4.7600000E+01	+4.1893109E-08	+1.5169064E-07
+4.8000000E+01	+1.1290898E-07	+1.1376852E-07
+4.8400000E+01	+1.9872762E-07	+7.0966927E-09
+4.8800000E+01	+1.4141642E-07	-1.8563212E-07
+4.9200000E+01	-9.5305153E-08	-2.2849828E-07
+4.9600000E+01	-2.3795699E-07	-2.3219364E-08
+5.0000000E+01	-1.1970845E-07	+1.7524636E-07
+5.0400000E+01	+7.0200572E-08	+1.6146395E-07
+5.0800000E+01	+1.3884269E-07	+3.8604718E-08
+5.1200000E+01	+1.1517100E-07	-6.2418818E-08
+5.1600000E+01	+4.1350997E-08	-1.3278134E-07
+5.2000000E+01	-8.0379919E-08	-1.3435082E-07
+5.2400000E+01	-1.7494202E-07	-2.9988506E-08
+5.2800000E+01	-1.6000306E-07	+1.3332452E-07
+5.3200000E+01	+9.9391402E-09	+2.5424228E-07
+5.3600000E+01	+2.6383774E-07	+1.5496039E-07
+5.4000000E+01	+2.9209304E-07	-1.7503206E-07
+5.4400000E+01	-2.4791645E-08	-3.3485433E-07
+5.4800000E+01	-2.5716451E-07	-1.1091738E-07
+5.5200000E+01	-1.5509934E-07	+9.4303080E-08
+5.5600000E+01	-6.9861667E-08	+7.4603378E-08
+5.6000000E+01	-9.5495539E-08	+1.4637982E-07
+5.6400000E+01	+9.2133592E-08	+2.6593208E-07
+5.6800000E+01	+3.4096606E-07	+6.2553889E-08
+5.7200000E+01	+2.2826535E-07	-2.7324235E-07
+5.7600000E+01	-9.2947299E-08	-3.0641209E-07
+5.8000000E+01	-2.4600905E-07	-1.0729685E-07
+5.8400000E+01	-2.2383100E-07	+7.3532146E-08
+5.8800000E+01	-1.2197512E-07	+1.9959478E-07
+5.9200000E+01	+5.4342770E-08	+2.3937449E-07
+5.9600000E+01	+2.2129668E-07	+1.2918840E-07
+6.0000000E+01	+2.5322192E-07	-8.3150312E-08
+6.0400000E+01	+9.9526196E-08	-2.5774177E-07
+6.0800000E+01	-1.4831042E-07	-2.3502541E-07
+6.1200000E+01	-2.6347186E-07	-1.3823114E-08
+6.1600000E+01	-1.4924902E-07	+1.8243000E-07
+6.2000000E+01	+3.9831143E-08	+2.0144073E-07
+6.2400000E+01	+1.5926902E-07	+9.6383210E-08
+6.2800000E+01	+1.7173055E-07	-5.3375756E-08
+6.3200000E+01	+6.5401685E-08	-1.6467589E-07
+6.3600000E+01	-8.7187129E-08	-1.5019361E-07
+6.4000000E+01	-1.7335780E-07	-2.7183087E-08
+6.4400000E+01	-1.3773817E-07	+1.3067753E-07
+6.4800000E+01	+3.8968044E-08	+2.0796025E-07
+6.5200000E+01	+2.1412577E-07	+6.8654761E-08
+6.5600000E+01	+1.5008027E-07	-1.5323744E-07
+6.6000000E+01	-4.8515512E-08	-1.6685044E-07
+6.6400000E+01	-1.0155176E-07	-5.3639362E-08
+6.6800000E+01	-1.0009106E-07	-2.7670650E-08
+6.7200000E+01	-1.6693649E-07	+5.7467198E-08
+6.7600000E+01	-6.4580462E-08	+2.4727123E-07
+6.8000000E+01	+2.1980015E-07	+2.0975318E-07
+6.8400000E+01	+2.9889608E-07	-8.6901063E-08
+6.8800000E+01	+9.1352983E-08	-2.7221232E-07
+6.9200000E+01	-1.2671730E-07	-2.2404814E-07
+6.9600000E+01	-2.3795445E-07	-7.5141011E-08
+7.0000000E+01	-2.3464249E-07	+1.2060376E-07
+7.0400000E+01	-6.8780560E-08	+2.6979721E-07
+7.0800000E+01	+1.6211136E-07	+2.2949408E-07
+7.1200000E+01	+2.7490844E-07	+3.1164105E-08
+7.1600000E+01	+2.0787090E-07	-1.8135125E-07
+7.2000000E+01	-1.3950948E-09	-2.7762799E-07
+7.2400000E+01	-2.1140921E-07	-1.6634095E-07
+7.2800000E+01	-2.3284457E-07	+5.5422719E-08
+7.3200000E+01	-9.7657907E-08	+1.6711009E-07
+7.3600000E+01	+1.0000491E-08	+1.6185120E-07
+7.4000000E+01	+1.0396206E-07	+1.5223208E-07
+7.4400000E+01	+2.3695141E-07	+4.2593303E-08
+7.4800000E+01	+2.0085703E-07	-2.0755567E-07
+7.5200000E+01	-8.6993949E-08	-2.9362950E-07
+7.5600000E+01	-2.8119102E-07	-6.0986116E-08
+7.6000000E+01	-1.6796018E-07	+1.7462001E-07
+7.6400000E+01	+2.2486891E-08	+1.9265624E-07
+7.6800000E+01	+1.3368389E-07	+1.1663316E-07
+7.7200000E+01	+1.9910649E-07	-2.2045525E-08
+7.7600000E+01	+9.7040526E-08	-2.0827786E-07
+7.8000000E+01	-1.5346638E-07	-1.8168604E-07
+7.8400000E+01	-2.0446045E-07	+6.2090569E-08
+7.8800000E+01	-2.9571528E-08	+1.5775081E-07
+7.9200000E+01	+5.5872037E-08	+8.5915746E-08
+7.9600000E+01	+8.3185329E-08	+6.6461943E-08
+8.0000000E+01	+1.6273325E-07	-2.1084080E-08
+8.0400000E+01	+7.1306322E-08	-1.9198969E-07
+8.0800000E+01	-1.3991686E-07	-1.4291671E-07
+8.1200000E+01	-1.4325330E-07	+3.1904809E-08
+8.1600000E+01	-7.3328069E-08	+5.1361098E-08
+8.2000000E+01	-1.0552482E-07	+1.1135900E-07
+8.2400000E+01	+4.8637963E-08	+2.5823717E-07
+8.2800000E+01	+3.2825615E-07	+9.3189407E-08
+8.3200000E+01	+2.4249749E-07	-2.7104095E-07
+8.3600000E+01	-1.0509675E-07	-3.1344807E-07
+8.4000000E+01	-2.5407949E-07	-9.2535053E-08
+8.4400000E+01	-2.2481966E-07	+7.8854393E-08
+8.4800000E+01	-1.3493466E-07	+2.2690220E-07
+8.5200000E+01	+1.0201448E-07	+2.8677656E-07
+8.5600000E+01	+3.0675977E-07	+8.0213956E-08
+8.6000000E+01	+2.2247917E-07	-1.9280156E-07
+8.6400000E+01	-1.0076220E-08	-2.5318910E-07
+8.6800000E+01	-1.6388939E-07	-1.4627855E-07
+8.7200000E+01	-2.0291564E-07	+1.0276285E-08
+8.7600000E+01	-1.2179515E-07	+1.4498387E-07
+8.8000000E+01	+1.8684217E-08	+1.6406923E-07
+8.8400000E+01	+1.0011643E-07	+9.8697476E-08
+8.8800000E+01	+1.4175008E-07	+3.1062190E-08
+8.9200000E+01	+1.6030272E-07	-8.8557707E-08
+8.9600000E+01	+3.3792066E-08	-2.2527274E-07
+9.0000000E+01	-1.9859972E-07	-1.6826987E-07
+9.0400000E+01	-2.5751525E-07	+9.5075599E-08
+9.0800000E+01	-4.0857691E-08	+2.6781742E-07
+9.1200000E+01	+1.9835302E-07	+1.5688819E-07
+9.1600000E+01	+2.1249206E-07	-7.6277638E-08
+9.2000000E+01	+5.5958945E-08	-1.9036410E-07
+9.2400000E+01	-9.9388026E-08	-1.5489621E-07
+9.2800000E+01	-1.8898650E-07	-2.8825027E-08
+9.3200000E+01	-1.4892264E-07	+1.4903396E-07
+9.3600000E+01	+5.3782775E-08	+2.1634376E-07
+9.4000000E+01	+2.0516882E-07	+5.3617682E-08
+9.4400000E+01	+1.2111037E-07	-1.2249446E-07
+9.4800000E+01	-1.0090481E-08	-1.1184200E-07
+9.5200000E+01	-2.5960759E-08	-7.2038731E-08
+9.5600000E+01	-7.5641192E-08	-9.3585535E-08
+9.6000000E+01	-1.7870446E-07	-7.0471710E-09
+9.6400000E+01	-1.3348281E-07	+1.7144894E-07
+9.6800000E+01	+5.8683422E-08	+2.2912148E-07
+9.7200000E+01	+2.2689896E-07	+1.1485555E-07
+9.7600000E+01	+2.6560403E-07	-1.0677563E-07
+9.8000000E+01	+8.8213583E-08	-3.1429736E-07
+9.8400000E+01	-2.2980018E-07	-2.7081070E-07
+9.8800000E+01	-3.5448574E-07	+4.8217910E-08
+9.9200000E+01	-1.4469449E-07	+2.9970419E-07
+9.9600000E+01	+1.3517791E-07	+2.5858972E-07
+1.0000000E+02	+2.4572896E-07	+5.7990848E-08
+1.0040000E+02	+1.8989721E-07	-1.2395781E-07
+1.0080000E+02	+3.6403887E-08	-2.0817399E-07
+1.0120000E+02	-1.2160828E-07	-1.5267631E-07
+1.0160000E+02	-1.7325693E-07	-1.0166320E-08
+1.0200000E+02	-1.1239036E-07	+1.0072003E-07
+1.0240000E+02	-1.5584399E-08	+1.3467169E-07
+1.0280000E+02	+7.3107384E-08	+1.0981363E-07
+1.0320000E+02	+1.3394961E-07	+3.3863713E-08
+1.0360000E+02	+1.2948657E-07	-7.8214814E-08
+1.0400000E+02	+2.9800137E-08	-1.6715681E-07
+1.0440000E+02	-1.2907386E-07	-1.4238092E-07
+1.0480000E+02	-2.1375923E-07	+2.9255617E-08
+1.0520000E+02	-9.5988035E-08	+2.1679176E-07
+1.0560000E+02	+1.5002765E-07	+2.0293076E-07
+1.0600000E+02	+2.5476887E-07	-3.6236527E-08
+1.0640000E+02	+8.4992075E-08	-2.3281378E-07
+1.0680000E+02	-1.4341667E-07	-1.6908618E-07
+1.0720000E+02	-1.8166636E-07	+1.8511237E-08
+1.0760000E+02	-9.3141690E-08	+1.1364156E-07
+1.0800000E+02	-1.0561285E-08	+1.4437884E-07
+1.0840000E+02	+1.1208792E-07	+1.3875342E-07
+1.0880000E+02	+2.1238491E-07	-1.2500393E-08
+1.0920000E+02	+1.0164045E-07	-1.9577047E-07
+1.0960000E+02	-9.7871060E-08	-1.6479014E-07
+1.1000000E+02	-1.3338035E-07	-2.7763144E-08
+1.1040000E+02	-1.0854536E-07	+1.2851401E-08
+1.1080000E+02	-1.4028556E-07	+9.2327678E-08
+1.1120000E+02	-2.0978058E-08	+2.4563768E-07
+1.1160000E+02	+2.4229010E-07	+1.7512476E-07
+1.1200000E+02	+2.8535503E-07	-1.2424293E-07
+1.1240000E+02	+5.3200831E-08	-2.8417325E-07
+1.1280000E+02	-1.5946733E-07	-2.0114979E-07
+1.1320000E+02	-2.4414998E-07	-3.7076369E-08
+1.1360000E+02	-2.1646840E-07	+1.6021804E-07
+1.1400000E+02	-8.4458005E-09	+2.9892695E-07
+1.1440000E+02	+2.5431107E-07	+1.7933787E-07
+1.1480000E+02	+2.7370506E-07	-1.1464374E-07
+1.1520000E+02	+4.6442239E-08	-2.5580696E-07
+1.1560000E+02	-1.4676849E-07	-1.5387747E-07
+1.1600000E+02	-1.6792928E-07	+8.0895962E-09
+1.1640000E+02	-9.3186057E-08	+9.8827373E-08
+1.1680000E+02	-5.3221451E-09	+1.1735055E-07
+1.1720000E+02	+6.6681478E-08	+8.7171838E-08
+1.1760000E+02	+1.0834524E-07	+2.2209203E-08
+1.1800000E+02	+1.0032934E-07	-6.3831983E-08
+1.1840000E+02	+2.0992933E-08	-1.2939493E-07
+1.1880000E+02	-9.5856430E-08	-1.0519530E-07
+1.1920000E+02	-1.4994951E-07	+1.2816919E-08
+1.1960000E+02	-8.7316629E-08	+1.3222767E-07
+1.2000000E+02	+5.1905388E-08	+1.6483917E-07
+1.2040000E+02	+1.8604459E-07	+6.7759955E-08
+1.2080000E+02	+1.8620634E-07	-1.3558813E-07
+1.2120000E+02	-2.4911724E-08	-2.5830217E-07
+1.2160000E+02	-2.5184720E-07	-1.0770568E-07
+1.2200000E+02	-2.0893726E-07	+1.6390590E-07
+1.2240000E+02	+2.7173701E-08	+2.3243665E-07
+1.2280000E+02	+1.6239589E-07	+1.0028702E-07
+1.2320000E+02	+1.6064813E-07	-2.5804646E-08
+1.2360000E+02	+1.1614061E-07	-1.2607364E-07
+1.2400000E+02	-1.6274671E-08	-1.9645184E-07
+1.2440000E+02	-1.7727896E-07	-1.0817161E-07
+1.2480000E+02	-1.7596259E-07	+7.2032759E-08
+1.2520000E+02	-5.9360943E-08	+1.4368524E-07
+1.2560000E+02	+2.1335090E-08	+1.4153052E-07
+1.2600000E+02	+1.2487271E-07	+1.3079415E-07
+1.2640000E+02	+2.3347912E-07	-1.3808154E-08
+1.2680000E+02	+1.3441735E-07	-2.3131376E-07
+1.2720000E+02	-1.2293916E-07	-2.4022894E-07
+1.2760000E+02	-2.4453133E-07	-3.8176133E-08
+1.2800000E+02	-1.7248883E-07	+1.3995440E-07
+1.2840000E+02	-2.6291313E-08	+2.1614110E-07
+1.2880000E+02	+1.5262271E-07	+1.7831934E-07
+1.2920000E+02	+2.5076415E-07	-1.8082435E-08
+1.2960000E+02	+1.2046496E-07	-2.1971700E-07
+1.3000000E+02	-1.1023675E-07	-2.0022034E-07
+1.3040000E+02	-1.9170094E-07	-2.0717444E-08
+1.3080000E+02	-1.1423925E-07	+1.0823818E-07
+1.3120000E+02	-5.7183626E-09	+1.3592695E-07
+1.3160000E+02	+8.7123395E-08	+9.8359160E-08
+1.3200000E+02	+1.3336255E-07	+1.1058026E-09
+1.3240000E+02	+8.4997039E-08	-1.0236273E-07
+1.3280000E+02	-2.4542766E-08	-1.2691067E-07
+1.3320000E+02	-1.0890052E-07	-6.3464245E-08
+1.3360000E+02	-1.2214759E-07	+3.8048422E-08
+1.3400000E+02	-5.6481001E-08	+1.2363865E-07
+1.3440000E+02	+6.2698098E-08	+1.3355335E-07
+1.3480000E+02	+1.5536898E-07	+3.9126867E-08
+1.3520000E+02	+1.3913522E-07	-1.0397501E-07
+1.3560000E+02	+7.5170397E-09	-1.8940399E-07
+1.3600000E+02	-1.5854360E-07	-1.3592097E-07
+1.3640000E+02	-2.2408192E-07	+4.9734073E-08
+1.3680000E+02	-9.5569107E-08	+2.2721723E-07
+1.3720000E+02	+1.3721149E-07	+2.1340139E-07
+1.3760000E+02	+2.4734346E-07	+9.0540557E-09
+1.3800000E+02	+1.4448977E-07	-1.7824073E-07
+1.3840000E+02	-3.6856821E-08	-2.0436546E-07
+1.3880000E+02	-1.6020937E-07	-1.0941446E-07
+1.3920000E+02	-1.9043938E-07	+3.6123593E-08
+1.3960000E+02	-1.0271058E-07	+1.7012731E-07
+1.4000000E+02	+6.5686365E-08	+1.8412929E-07
+1.4040000E+02	+1.6730329E-07	+6.1833764E-08
+1.4080000E+02	+1.4077668E-07	-6.4065245E-08
+1.4120000E+02	+6.8476508E-08	-1.2744531E-07
+1.4160000E+02	-2.8714872E-08	-1.5949544E-07
+1.4200000E+02	-1.6224038E-07	-1.0316668E-07
+1.4240000E+02	-1.9958114E-07	+7.7379036E-08
+1.4280000E+02	-4.9744783E-08	+2.1149941E-07
+1.4320000E+02	+1.3296313E-07	+1.5462033E-07
+1.4360000E+02	+1.8664330E-07	-1.0142341E-09
+1.4400000E+02	+1.2544804E-07	-1.3217168E-07
+1.4440000E+02	-1.7350096E-08	-1.9483943E-07
+1.4480000E+02	-1.8491461E-07	-1.0780724E-07
+1.4520000E+02	-1.9365117E-07	+1.0856789E-07
+1.4560000E+02	+3.8071195E-09	+2.1115881E-07
+1.4600000E+02	+1.6053051E-07	+8.4658773E-08
+1.4640000E+02	+1.2319333E-07	-6.7360842E-08
+1.4680000E+02	+2.9419264E-08	-1.0026366E-07
+1.4720000E+02	-2.8798703E-08	-9.2335539E-08
+1.4760000E+02	-9.8527066E-08	-5.9298387E-08
+1.4800000E+02	-1.2464145E-07	+4.8189832E-08
+1.4840000E+02	-3.4261198E-08	+1.3528001E-07
+1.4880000E+02	+8.0866624E-08	+1.0813431E-07
+1.4920000E+02	+1.3275023E-07	+1.9807574E-08
+1.4960000E+02	+1.2328446E-07	-8.6896800E-08
+1.5000000E+02	+1.7542433E-08	-1.7892537E-07
+1.5040000E+02	-1.5333205E-07	-1.3649038E-07
+1.5080000E+02	-2.1179573E-07	+4.9862488E-08
+1.5120000E+02	-8.8509735E-08	+1.9976252E-07
+1.5160000E+02	+9.5804458E-08	+1.9726515E-07
+1.5200000E+02	+2.2203720E-07	+5.9146699E-08
+1.5240000E+02	+1.9615415E-07	-1.4770387E-07
+1.5280000E+02	-8.3792458E-09	-2.5213613E-07
+1.5320000E+02	-2.0242432E-07	-1.2858734E-07
+1.5360000E+02	-1.9704408E-07	+7.3966242E-08
+1.5400000E+02	-6.8696332E-08	+1.6649195E-07
+1.5440000E+02	+5.7623323E-08	+1.5737172E-07
+1.5480000E+02	+1.5552482E-07	+6.9569807E-08
+1.5520000E+02	+1.4826794E-07	-7.5743876E-08
+1.5560000E+02	+2.9522350E-08	-1.3975151E-07
+1.5600000E+02	-5.1947485E-08	-9.7799515E-08
+1.5640000E+02	-8.9910709E-08	-6.7358482E-08
+1.5680000E+02	-1.5733212E-07	+8.9336280E-09
+1.5720000E+02	-1.0394066E-07	+1.7535642E-07
+1.5760000E+02	+1.1635878E-07	+1.9235473E-07
+1.5800000E+02	+2.1297912E-07	-1.1867029E-08
+1.5840000E+02	+8.8144236E-08	-1.5451861E-07
+1.5880000E+02	-3.9838839E-08	-1.3952169E-07
+1.5920000E+02	-1.2226456E-07	-8.7056762E-08
+1.5960000E+02	-1.8088416E-07	+4.6040778E-08
+1.6000000E+02	-5.6844980E-08	+2.1241529E-07
+1.6040000E+02	+1.7737192E-07	+1.4581054E-07
+1.6080000E+02	+1.8734613E-07	-9.5629850E-08
+1.6120000E+02	-2.7028194E-09	-1.6659179E-07
+1.6160000E+02	-9.2451710E-08	-6.3321512E-08
+1.6200000E+02	-7.5875004E-08	-5.0438601E-09
+1.6240000E+02	-8.5160345E-08	+3.0941362E-08
+1.6280000E+02	-4.9482371E-08	+1.1246892E-07
+1.6320000E+02	+7.3106894E-08	+1.2470696E-07
+1.6360000E+02	+1.5263692E-07	+1.6220251E-08
+1.6400000E+02	+1.1268254E-07	-1.1062042E-07
+1.6440000E+02	-9.6374092E-09	-1.6571681E-07
+1.6480000E+02	-1.4207066E-07	-1.0709669E-07
+1.6520000E+02	-1.8290748E-07	+4.4895488E-08
+1.6560000E+02	-8.4452602E-08	+1.7590146E-07
+1.6600000E+02	+8.2162706E-08	+1.8491876E-07
+1.6640000E+02	+2.0629029E-07	+5.9422095E-08
+1.6680000E+02	+1.8481985E-07	-1.3585969E-07
+1.6720000E+02	-6.3417212E-09	-2.3665062E-07
+1.6760000E+02	-1.9338023E-07	-1.2004411E-07
+1.6800000E+02	-1.8324632E-07	+8.0032827E-08
+1.6840000E+02	-4.5454440E-08	+1.5583409E-07
+1.6880000E+02	+5.5922614E-08	+1.2268382E-07
+1.6920000E+02	+1.1943470E-07	+6.3881862E-08
+1.6960000E+02	+1.4474814E-07	-4.6301065E-08
+1.7000000E+02	+5.1475970E-08	-1.5139119E-07
+1.7040000E+02	-8.7828510E-08	-1.1920786E-07
+1.7080000E+02	-1.2070204E-07	-7.8037512E-09
+1.7120000E+02	-8.4777216E-08	+5.4581791E-08
+1.7160000E+02	-4.7858790E-08	+1.0521164E-07
+1.7200000E+02	+6.0643804E-08	+1.3999491E-07
+1.7240000E+02	+1.8221556E-07	+2.6850826E-08
+1.7280000E+02	+1.1717283E-07	-1.5842977E-07
+1.7320000E+02	-8.0576036E-08	-1.7072171E-07
+1.7360000E+02	-1.6434659E-07	-1.8613472E-08
+1.7400000E+02	-9.9779352E-08	+9.9145159E-08
+1.7440000E+02	-1.2239296E-09	+1.3196106E-07
+1.7480000E+02	+1.0361819E-07	+9.9859037E-08
+1.7520000E+02	+1.6016777E-07	-2.6735867E-08
+1.7560000E+02	+6.7158582E-08	-1.5963645E-07
+1.7600000E+02	-9.9427808E-08	-1.3845331E-07
+1.7640000E+02	-1.5534827E-07	+5.6803412E-09
+1.7680000E+02	-7.9623904E-08	+1.0849150E-07
+1.7720000E+02	+1.7454990E-08	+1.1622719E-07
+1.7760000E+02	+8.4770532E-08	+7.5720834E-08
+1.7800000E+02	+1.2501261E-07	+1.8478137E-09
+1.7840000E+02	+1.0214096E-07	-1.0322908E-07
+1.7880000E+02	-1.7590674E-08	-1.6492401E-07
+1.7920000E+02	-1.5510421E-07	-9.1264250E-08
+1.7960000E+02	-1.6807843E-07	+7.3060530E-08
+1.8000000E+02	-4.3527963E-08	+1.7089900E-07
+1.8040000E+02	+9.3534694E-08	+1.3763591E-07
+1.8080000E+02	+1.6190238E-07	+2.9984797E-08
+1.8120000E+02	+1.4206391E-07	-1.0335136E-07
+1.8160000E+02	+9.6515417E-09	-1.9080483E-07
+1.8200000E+02	-1.5627310E-07	-1.2209376E-07
+1.8240000E+02	-1.8067344E-07	+5.9791440E-08
+1.8280000E+02	-4.8271356E-08	+1.6050854E-07
+1.8320000E+02	+7.6231973E-08	+1.1501387E-07
+1.8360000E+02	+1.1130698E-07	+2.7513993E-08
+1.8400000E+02	+9.9973433E-08	-4.4386699E-08
+1.8440000E+02	+4.8555723E-08	-1.0931345E-07
+1.8480000E+02	-5.6203034E-08	-1.2078894E-07
+1.8520000E+02	-1.3892508E-07	-2.9470343E-08
+1.8560000E+02	-1.0509437E-07	+9.7001600E-08
+1.8600000E+02	+1.6427541E-08	+1.3554521E-07
+1.8640000E+02	+1.0750475E-07	+6.6012594E-08
+1.8680000E+02	+1.1496197E-07	-3.2761808E-08
+1.8720000E+02	+5.8849498E-08	-1.1046196E-07
+1.8760000E+02	-5.4375242E-08	-1.3231718E-07
+1.8800000E+02	-1.6069260E-07	-3.1609151E-08
+1.8840000E+02	-1.1451860E-07	+1.3453618E-07
+1.8880000E+02	+6.5199418E-08	+1.6211739E-07
+1.8920000E+02	+1.5492617E-07	+1.8932981E-08
+1.8960000E+02	+8.2640696E-08	-9.4494097E-08
+1.9000000E+02	-4.3884793E-09	-9.7860055E-08
+1.9040000E+02	-5.6517044E-08	-7.7938252E-08
+1.9080000E+02	-1.1666220E-07	-2.3827594E-08
+1.9120000E+02	-1.0571547E-07	+9.4502218E-08
+1.9160000E+02	+2.2751373E-08	+1.4814080E-07
+1.9200000E+02	+1.2675402E-07	+6.1945839E-08
+1.9240000E+02	+1.1428230E-07	-4.7719282E-08
+1.9280000E+02	+5.3059302E-08	-1.0313355E-07
+1.9320000E+02	-2.8799770E-08	-1.2650529E-07
+1.9360000E+02	-1.3512338E-07	-7.5265338E-08
+1.9400000E+02	-1.5831426E-07	+7.3036385E-08
+1.9440000E+02	-2.9872594E-08	+1.7811259E-07
+1.9480000E+02	+1.2308983E-07	+1.2261652E-07
+1.9520000E+02	+1.5913539E-07	-1.8762563E-08
+1.9560000E+02	+8.5213902E-08	-1.2185357E-07
+1.9600000E+02	-3.0203693E-08	-1.4042033E-07
+1.9640000E+02	-1.2385202E-07	-7.0143511E-08
+1.9680000E+02	-1.3110351E-07	+4.8271788E-08
+1.9720000E+02	-4.6004563E-08	+1.2610529E-07
+1.9760000E+02	+6.1835678E-08	+1.1257113E-07
+1.9800000E+02	+1.2179920E-07	+2.7263696E-08
+1.9840000E+02	+9.7509412E-08	-7.3578776E-08
+1.9880000E+02	+5.2765054E-09	-1.1712777E-07
+1.9920000E+02	-7.9623124E-08	-7.5933429E-08
+1.9960000E+02	-1.0618540E-07	+4.1607737E-09
+2.0000000E+02	-7.5315813E-08	+8.3874336E-08
+2.0040000E+02	+2.0091046E-08	+1.2573670E-07
+2.0080000E+02	+1.2809028E-07	+5.7446102E-08
+2.0120000E+02	+1.1657216E-07	-8.3502036E-08
+2.0160000E+02	-1.1274187E-08	-1.3311940E-07
+2.0200000E+02	-9.9503171E-08	-5.9227189E-08
+2.0240000E+02	-9.9670278E-08	+2.7259986E-08
+2.0280000E+02	-5.6947337E-08	+9.3417046E-08
+2.0320000E+02	+4.2431120E-08	+1.2086888E-07
+2.0360000E+02	+1.3911450E-07	+3.2353253E-08
+2.0400000E+02	+9.8408061E-08	-1.0419604E-07
+2.0440000E+02	-3.1202632E-08	-1.2501341E-07
+2.0480000E+02	-9.7607564E-08	-4.7224587E-08
+2.0520000E+02	-9.4866120E-08	+2.6224470E-08
+2.0560000E+02	-5.7238825E-08	+8.9192505E-08
+2.0600000E+02	+3.3420390E-08	+1.1312342E-07
+2.0640000E+02	+1.1345030E-07	+4.3645428E-08
+2.0680000E+02	+1.0115487E-07	-5.6887068E-08
+2.0720000E+02	+2.9203593E-08	-1.0699242E-07
+2.0760000E+02	-5.5055503E-08	-1.0167525E-07
+2.0800000E+02	-1.2335985E-07	-3.0534538E-08
+2.0840000E+02	-1.0713260E-07	+8.2343570E-08
+2.0880000E+02	-1.6406854E-09	+1.3534844E-07
+2.0920000E+02	+9.9400604E-08	+8.7276989E-08
+2.0960000E+02	+1.3283578E-07	-1.5220468E-08
+2.1000000E+02	+7.7832020E-08	-1.1715439E-07
+2.1040000E+02	-4.9503273E-08	-1.3692289E-07
+2.1080000E+02	-1.3664904E-07	-3.6280226E-08
+2.1120000E+02	-9.9523187E-08	+8.0237189E-08
+2.1160000E+02	-3.8864306E-09	+1.1258070E-07
+2.1200000E+02	+7.2840929E-08	+7.7233332E-08
+2.1240000E+02	+1.0963343E-07	-1.8290736E-09
+2.1280000E+02	+6.6708018E-08	-9.1826810E-08
+2.1320000E+02	-3.7246585E-08	-1.0284455E-07
+2.1360000E+02	-9.2916071E-08	-2.6236701E-08
+2.1400000E+02	-6.9510576E-08	+4.3589367E-08
+2.1440000E+02	-2.2733955E-08	+7.4173383E-08
+2.1480000E+02	+3.8877504E-08	+7.7986836E-08
+2.1520000E+02	+9.9522639E-08	+2.1295466E-08
+2.1560000E+02	+8.1254928E-08	-7.8413325E-08
+2.1600000E+02	-2.2636245E-08	-1.1555922E-07
+2.1640000E+02	-1.0823810E-07	-4.5671606E-08
+2.1680000E+02	-9.8265708E-08	+5.9617963E-08
+2.1720000E+02	-1.2601650E-08	+1.1189289E-07
+2.1760000E+02	+7.8556278E-08	+7.9345246E-08
+2.1800000E+02	+1.1190420E-07	-1.0387618E-08
+2.1840000E+02	+6.4078773E-08	-9.5030088E-08
+2.1880000E+02	-3.5244886E-08	-1.1187268E-07
+2.1920000E+02	-1.1104766E-07	-4.0557090E-08
+2.1960000E+02	-9.6830128E-08	+6.2151935E-08
+2.2000000E+02	-1.0757447E-08	+1.0651338E-07
+2.2040000E+02	+6.5062363E-08	+7.1131783E-08
+2.2080000E+02	+8.8099601E-08	+6.3579830E-09
+2.2120000E+02	+7.0957032E-08	-5.2540306E-08
+2.2160000E+02	+1.7663611E-08	-9.4972210E-08
+2.2200000E+02	-6.5230715E-08	-8.6420700E-08
+2.2240000E+02	-1.1791385E-07	-3.7917676E-09
+2.2280000E+02	-7.7296956E-08	+9.5043601E-08
+2.2320000E+02	+2.8069277E-08	+1.1798852E-07
+2.2360000E+02	+1.0490026E-07	+5.0953647E-08
+2.2400000E+02	+1.0466192E-07	-4.3420730E-08
+2.2440000E+02	+3.8273185E-08	-1.0887394E-07
+2.2480000E+02	-6.3582999E-08	-1.0381581E-07
+2.2520000E+02	-1.2622380E-07	-8.5275648E-09
+2.2560000E+02	-7.4269037E-08	+9.9560229E-08
+2.2600000E+02	+3.9673605E-08	+1.0589168E-07
+2.2640000E+02	+9.2839804E-08	+2.5054831E-08
+2.2680000E+02	+6.7379569E-08	-4.4472666E-08
+2.2720000E+02	+1.6134022E-08	-7.2542039E-08
+2.2760000E+02	-4.2826349E-08	-6.3226359E-08
+2.2800000E+02	-7.8930352E-08	-5.3558218E-09
+2.2840000E+02	-4.9389318E-08	+5.9377296E-08
+2.2880000E+02	+1.4994451E-08	+6.9677688E-08
+2.2920000E+02	+5.6922226E-08	+3.4225620E-08
+2.2960000E+02	+6.6461126E-08	-1.5448406E-08
+2.3000000E+02	+3.8221568E-08	-6.6369925E-08
+2.3040000E+02	-3.1432786E-08	-8.1275425E-08
+2.3080000E+02	-9.3484522E-08	-2.6043470E-08
+2.3120000E+02	-8.2740810E-08	+6.6131695E-08
+2.3160000E+02	+7.2029238E-09	+1.1344773E-07
+2.3200000E+02	+1.0232791E-07	+6.0284883E-08
+2.3240000E+02	+1.0730918E-07	-5.1285747E-08
+2.3280000E+02	+1.9254009E-08	-1.1196418E-07
+2.3320000E+02	-7.0579649E-08	-7.8680402E-08
+2.3360000E+02	-1.0046991E-07	+7.9693462E-10
+2.3400000E+02	-6.5892251E-08	+7.5529805E-08
+2.3440000E+02	+1.7459926E-08	+9.9155968E-08
+2.3480000E+02	+8.4977694E-08	+4.3647032E-08
+2.3520000E+02	+7.6206005E-08	-3.2933773E-08
+2.3560000E+02	+2.8567805E-08	-6.3313816E-08
+2.3600000E+02	-1.1531447E-08	-6.6853669E-08
+2.3640000E+02	-6.1762557E-08	-5.2480289E-08
+2.3680000E+02	-9.5712632E-08	+1.5798654E-08
+2.3720000E+02	-4.7557757E-08	+9.5633488E-08
+2.3760000E+02	+5.1284061E-08	+9.6191834E-08
+2.3800000E+02	+1.0558863E-07	+1.6836566E-08
+2.3840000E+02	+7.7480996E-08	-7.0510536E-08
+2.3880000E+02	-6.5607282E-09	-1.0393911E-07
+2.3920000E+02	-8.6049140E-08	-5.8347787E-08
+2.3960000E+02	-9.7563847E-08	+3.3472690E-08
+2.4000000E+02	-3.0343842E-08	+9.7363535E-08
+2.4040000E+02	+6.1584728E-08	+7.9586210E-08
+2.4080000E+02	+9.7041995E-08	-8.1403643E-09
+2.4120000E+02	+3.9855277E-08	-8.0002649E-08
+2.4160000E+02	-3.9537345E-08	-6.3825015E-08
+2.4200000E+02	-5.6405787E-08	-5.4136647E-09
+2.4240000E+02	-3.6069139E-08	+2.3160818E-08
+2.4280000E+02	-2.0471586E-08	+4.0893861E-08
+2.4320000E+02	+1.9609423E-08	+5.5433361E-08
+2.4360000E+02	+6.6374201E-08	+1.6880607E-08
+2.4400000E+02	+5.0631810E-08	-4.7776505E-08
+2.4440000E+02	-6.7343130E-09	-6.3774559E-08
+2.4480000E+02	-4.6332681E-08	-3.9092456E-08
+2.4520000E+02	-6.8310659E-08	+1.6141975E-09
+2.4560000E+02	-5.3704906E-08	+6.5219876E-08
+2.4600000E+02	+2.7823231E-08	+9.5819869E-08
+2.4640000E+02	+1.0435972E-07	+2.9767661E-08
+2.4680000E+02	+8.2599984E-08	-7.2585579E-08
+2.4720000E+02	-1.1918134E-08	-1.0612688E-07
+2.4760000E+02	-8.8265664E-08	-5.2226973E-08
+2.4800000E+02	-9.1974423E-08	+3.6036223E-08
+2.4840000E+02	-2.7120129E-08	+9.0445836E-08
+2.4880000E+02	+5.0221330E-08	+7.2491508E-08
+2.4920000E+02	+8.0237356E-08	+7.8228937E-09
+2.4960000E+02	+5.4946442E-08	-4.9208372E-08
+2.5000000E+02	+2.7281402E-09	-6.8925688E-08
+2.5040000E+02	-4.4923783E-08	-4.8011484E-08
+2.5080000E+02	-6.3401632E-08	-2.6928960E-09
+2.5120000E+02	-4.8252741E-08	+4.1367738E-08
+2.5160000E+02	-6.8320955E-09	+6.7967617E-08
+2.5200000E+02	+5.1488867E-08	+5.7488364E-08
+2.5240000E+02	+8.6431027E-08	-6.1996235E-09
+2.5280000E+02	+4.7276734E-08	-8.0373322E-08
+2.5320000E+02	-4.2237674E-08	-8.5381407E-08
+2.5360000E+02	-9.2289610E-08	-1.1383288E-08
+2.5400000E+02	-5.8518979E-08	+6.6041438E-08
+2.5440000E+02	+1.8052334E-08	+8.1434137E-08
+2.5480000E+02	+7.3300507E-08	+3.2796428E-08
+2.5520000E+02	+6.8227957E-08	-3.9712008E-08
+2.5560000E+02	+4.6685751E-09	-7.7361455E-08
+2.5600000E+02	-6.0013918E-08	-4.2329490E-08
+2.5640000E+02	-5.9500353E-08	+2.5938629E-08
+2.5680000E+02	-9.2902139E-09	+5.1010964E-08
+2.5720000E+02	+2.2045773E-08	+3.0290370E-08
+2.5760000E+02	+2.7914053E-08	+1.3783506E-08
+2.5800000E+02	+3.9678401E-08	-3.2651937E-09
+2.5840000E+02	+3.2095535E-08	-4.2661842E-08
+2.5880000E+02	-1.9720121E-08	-6.0467382E-08
+2.5920000E+02	-6.5694217E-08	-1.9838660E-08
+2.5960000E+02	-5.7583515E-08	+4.1133857E-08
+2.6000000E+02	-5.9975657E-09	+7.4029327E-08
+2.6040000E+02	+5.8187584E-08	+5.6664285E-08
+2.6080000E+02	+8.8236760E-08	-1.3851933E-08
+2.6120000E+02	+4.1040902E-08	-8.5340964E-08
+2.6160000E+02	-4.7916927E-08	-8.2318341E-08
+2.6200000E+02	-9.1183228E-08	-7.9543568E-09
+2.6240000E+02	-5.7343123E-08	+6.3678400E-08
+2.6280000E+02	+1.2956320E-08	+7.8456381E-08
+2.6320000E+02	+6.3235751E-08	+3.7051497E-08
+2.6360000E+02	+6.3419546E-08	-2.1075640E-08
+2.6400000E+02	+2.6234009E-08	-5.5399900E-08
+2.6440000E+02	-1.9270508E-08	-5.5606886E-08
+2.6480000E+02	-5.3975106E-08	-2.5426181E-08
+2.6520000E+02	-5.5999669E-08	+2.4101185E-08
+2.6560000E+02	-1.7706573E-08	+5.7685086E-08
+2.6600000E+02	+3.0149255E-08	+5.0282249E-08
+2.6640000E+02	+5.7928417E-08	+1.3357690E-08
+2.6680000E+02	+5.3095483E-08	-3.7271512E-08
+2.6720000E+02	+2.1957663E-09	-7.2169379E-08
+2.6760000E+02	-6.3576234E-08	-4.3359961E-08
+2.6800000E+02	-6.9405126E-08	+3.2167961E-08
+2.6840000E+02	-8.5253504E-09	+7.0626531E-08
+2.6880000E+02	+4.7548062E-08	+4.2476686E-08
+2.6920000E+02	+5.7460179E-08	-9.7746578E-09
+2.6960000E+02	+2.8282722E-08	-4.9191924E-08
+2.7000000E+02	-2.2288235E-08	-5.2897418E-08
+2.7040000E+02	-5.5886999E-08	-1.1840529E-08
+2.7080000E+02	-3.9305854E-08	+3.7458575E-08
+2.7120000E+02	+6.1962501E-09	+4.8964143E-08
+2.7160000E+02	+3.6917029E-08	+2.4007073E-08
+2.7200000E+02	+3.9362469E-08	-8.5626304E-09
+2.7240000E+02	+2.3037504E-08	-3.2152944E-08
+2.7280000E+02	-4.7393649E-09	-4.2417677E-08
+2.7320000E+02	-3.8770602E-08	-3.0611678E-08
+2.7360000E+02	-5.6685315E-08	+1.1652846E-08
+2.7400000E+02	-2.7755772E-08	+5.9290276E-08
+2.7440000E+02	+3.4565198E-08	+6.1097565E-08
+2.7480000E+02	+7.1364502E-08	+8.2453960E-09
+2.7520000E+02	+5.0446179E-08	-5.1476523E-08
+2.7560000E+02	-8.4314902E-09	-7.2602834E-08
+2.7600000E+02	-6.4100333E-08	-3.9443673E-08
+2.7640000E+02	-7.1071701E-08	+2.8616024E-08
+2.7680000E+02	-1.7468604E-08	+7.2804763E-08
+2.7720000E+02	+4.5002604E-08	+5.3031093E-08
+2.7760000E+02	+6.2489279E-08	-1.6350891E-09
+2.7800000E+02	+3.6809084E-08	-4.3143010E-08
+2.7840000E+02	-5.9429277E-09	-5.3361093E-08
+2.7880000E+02	-4.2425389E-08	-3.0440275E-08
+2.7920000E+02	-4.8949646E-08	+1.1681111E-08
+2.7960000E+02	-2.2494677E-08	+4.2073972E-08
+2.8000000E+02	+1.4647029E-08	+4.3343586E-08
+2.8040000E+02	+4.1470298E-08	+1.9349584E-08
+2.8080000E+02	+4.3858916E-08	-1.8455617E-08
+2.8120000E+02	+1.4820053E-08	-4.8013544E-08
+2.8160000E+02	-3.0346093E-08	-4.3703560E-08
+2.8200000E+02	-5.6226866E-08	-1.4259614E-09
+2.8240000E+02	-3.4286509E-08	+4.7701196E-08
+2.8280000E+02	+2.1949496E-08	+5.5392819E-08
+2.8320000E+02	+5.6886854E-08	+1.0747805E-08
+2.8360000E+02	+3.7812324E-08	-3.8499591E-08
+2.8400000E+02	-7.3760690E-09	-4.9046928E-08
+2.8440000E+02	-4.0355199E-08	-2.4621207E-08
+2.8480000E+02	-4.5267038E-08	+1.5363726E-08
+2.8520000E+02	-1.5693688E-08	+4.6654283E-08
+2.8560000E+02	+2.8569657E-08	+3.9728555E-08
+2.8600000E+02	+4.6096940E-08	+9.4007389E-10
+2.8640000E+02	+2.8494328E-08	-3.1441315E-08
+2.8680000E+02	-1.8086636E-09	-4.1029974E-08
+2.8720000E+02	-3.1914669E-08	-2.9381505E-08
+2.8760000E+02	-4.7117439E-08	+4.5953865E-09
+2.8800000E+02	-2.8350891E-08	+4.1914162E-08
+2.8840000E+02	+1.4815457E-08	+5.0784817E-08
+2.8880000E+02	+5.0771291E-08	+2.2474720E-08
+2.8920000E+02	+5.2780079E-08	-2.6720750E-08
+2.8960000E+02	+1.1360885E-08	-6.1629047E-08
+2.9000000E+02	-4.4371569E-08	-4.6391741E-08
+2.9040000E+02	-6.2379199E-08	+8.5687904E-09
+2.9080000E+02	-2.9634940E-08	+5.2137190E-08
+2.9120000E+02	+2.0647914E-08	+5.3332183E-08
+2.9160000E+02	+5.2884540E-08	+1.7571554E-08
+2.9200000E+02	+4.5631274E-08	-3.0162139E-08
+2.9240000E+02	+2.9418677E-09	-5.2243325E-08
+2.9280000E+02	-3.6572453E-08	-3.0674440E-08
+2.9320000E+02	-4.0958718E-08	+7.8377425E-09
+2.9360000E+02	-1.9711163E-08	+3.0595108E-08
+2.9400000E+02	+5.9113523E-09	+3.3645282E-08
+2.9440000E+02	+2.8686947E-08	+2.0939812E-08
+2.9480000E+02	+3.7838839E-08	-8.3123573E-09
+2.9520000E+02	+1.7574009E-08	-3.7863508E-08
+2.9560000E+02	-2.1678693E-08	-3.7347364E-08
+2.9600000E+02	-4.2493295E-08	-3.3940690E-09
+2.9640000E+02	-2.6757602E-08	+3.0695730E-08
+2.9680000E+02	+6.3357698E-09	+3.8784534E-08
+2.9720000E+02	+3.4379433E-08	+2.1417160E-08
+2.9760000E+02	+4.2069049E-08	-1.4794189E-08
+2.9800000E+02	+1.2772405E-08	-4.7672093E-08
+2.9840000E+02	-3.5895906E-08	-3.7688708E-08
+2.9880000E+02	-4.9834169E-08	+1.1218414E-08
+2.9920000E+02	-1.6424828E-08	+4.3712210E-08
+2.9960000E+02	+2.1121711E-08	+3.5378430E-08
+3.0000000E+02	+3.7176913E-08	+8.9942255E-09
+3.0040000E+02	+3.3913431E-08	-2.0586749E-08
+3.0080000E+02	+7.2617893E-09	-4.2618349E-08
+3.0120000E+02	-3.1032359E-08	-3.3603959E-08
+3.0160000E+02	-4.5746702E-08	+4.3904586E-09
+3.0200000E+02	-2.4742484E-08	+3.7196587E-08
+3.0240000E+02	+1.1141181E-08	+4.2187606E-08
+3.0280000E+02	+3.8970019E-08	+2.0682729E-08
+3.0320000E+02	+4.3425095E-08	-1.5835716E-08
+3.0360000E+02	+1.6920997E-08	-4.6280159E-08
+3.0400000E+02	-2.7779827E-08	-4.4354504E-08
+3.0440000E+02	-5.4071966E-08	-3.4804706E-09
+3.0480000E+02	-3.3049987E-08	+4.2119250E-08
+3.0520000E+02	+1.4630131E-08	+4.7597550E-08
+3.0560000E+02	+4.1124963E-08	+1.5453752E-08
+3.0600000E+02	+3.4768330E-08	-1.7405023E-08
+3.0640000E+02	+1.2327888E-08	-3.5735979E-08
+3.0680000E+02	-1.9624290E-08	-3.4997753E-08
+3.0720000E+02	-4.1686402E-08	-4.7348787E-09
+3.0760000E+02	-2.5550927E-08	+3.1188467E-08
+3.0800000E+02	+9.7743866E-09	+3.3533821E-08
+3.0840000E+02	+2.5663491E-08	+1.2259831E-08
+3.0880000E+02	+2.5321749E-08	-5.8606204E-09
+3.0920000E+02	+1.7271200E-08	-2.4364774E-08
+3.0960000E+02	-1.0446459E-08	-3.4276012E-08
+3.1000000E+02	-3.8545873E-08	-1.0217972E-08
+3.1040000E+02	-2.8970832E-08	+2.8594603E-08
+3.1080000E+02	+8.3527435E-09	+3.8037284E-08
+3.1120000E+02	+3.3353793E-08	+1.4387969E-08
+3.1160000E+02	+3.0800154E-08	-1.6080234E-08
+3.1200000E+02	+7.6669990E-09	-3.4262530E-08
+3.1240000E+02	-2.2999073E-08	-2.8895843E-08
+3.1280000E+02	-3.9113375E-08	+1.1078595E-09
+3.1320000E+02	-2.2666561E-08	+3.3874849E-08
+3.1360000E+02	+1.5035397E-08	+3.8273732E-08
+3.1400000E+02	+3.8665207E-08	+9.5215797E-09
+3.1440000E+02	+2.8947481E-08	-2.3211158E-08
+3.1480000E+02	+1.5384435E-09	-3.4204741E-08
+3.1520000E+02	-2.2426197E-08	-2.4446477E-08
+3.1560000E+02	-3.4802103E-08	-1.3549442E-09
+3.1600000E+02	-2.6210630E-08	+2.7459989E-08
+3.1640000E+02	+5.5298442E-09	+4.0327880E-08
+3.1680000E+02	+3.6674455E-08	+2.0877330E-08
+3.1720000E+02	+3.9378303E-08	-1.6496073E-08
+3.1760000E+02	+1.1172949E-08	-4.1239022E-08
+3.1800000E+02	-2.5539380E-08	-3.3798175E-08
+3.1840000E+02	-4.1302634E-08	-4.9100258E-10
+3.1880000E+02	-2.5076791E-08	+3.0731657E-08
+3.1920000E+02	+7.3787093E-09	+3.7562223E-08
+3.1960000E+02	+3.3297443E-08	+1.8026972E-08
+3.2000000E+02	+3.4506525E-08	-1.5435500E-08
+3.2040000E+02	+7.0089946E-09	-3.5773779E-08
+3.2080000E+02	-2.2647042E-08	-2.3633892E-08
+3.2120000E+02	-2.7362935E-08	+2.0634364E-09
+3.2160000E+02	-1.6494660E-08	+1.7246170E-08
+3.2200000E+02	-1.6647704E-09	+2.5278988E-08
+3.2240000E+02	+2.1337345E-08	+2.0942622E-08
+3.2280000E+02	+3.2487619E-08	-7.2618412E-09
+3.2320000E+02	+1.0335607E-08	-3.1689868E-08
+3.2360000E+02	-1.8940700E-08	-2.3708670E-08
+3.2400000E+02	-2.6997960E-08	-8.1229556E-10
+3.2440000E+02	-2.0073717E-08	+1.8351320E-08
+3.2480000E+02	+5.4729922E-10	+3.1583032E-08
+3.2520000E+02	+3.0965962E-08	+1.9998538E-08
+3.2560000E+02	+3.5536180E-08	-1.8417531E-08
+3.2600000E+02	+1.1974383E-09	-3.9899536E-08
+3.2640000E+02	-3.1051427E-08	-2.0019650E-08
+3.2680000E+02	-3.0221481E-08	+1.2213229E-08
+3.2720000E+02	-9.0974329E-09	+2.7313561E-08
+3.2760000E+02	+1.2318863E-08	+2.4002140E-08
+3.2800000E+02	+2.6099631E-08	+8.3306841E-09
+3.2840000E+02	+2.5402677E-08	-1.4514101E-08
+3.2880000E+02	+5.3959162E-09	-3.0992330E-08
+3.2920000E+02	-2.2296830E-08	-2.4234776E-08
+3.2960000E+02	-3.2825214E-08	+3.1494474E-09
+3.3000000E+02	-1.7587897E-08	+2.6554913E-08
+3.3040000E+02	+7.6707547E-09	+3.0129059E-08
+3.3080000E+02	+2.8414779E-08	+1.5682354E-08
+3.3120000E+02	+3.3268106E-08	-1.3018416E-08
+3.3160000E+02	+9.1406179E-09	-3.7557318E-08
+3.3200000E+02	-2.7166060E-08	-2.8117703E-08
+3.3240000E+02	-3.5624819E-08	+7.2945790E-09
+3.3280000E+02	-1.2938561E-08	+2.8771122E-08
+3.3320000E+02	+1.1119208E-08	+2.4844834E-08
+3.3360000E+02	+2.4041072E-08	+9.2837407E-09
+3.3400000E+02	+2.3766520E-08	-1.2081303E-08
+3.3440000E+02	+4.7087516E-09	-2.6858197E-08
+3.3480000E+02	-1.8361905E-08	-1.8391641E-08
+3.3520000E+02	-2.2957436E-08	+2.9603238E-09
+3.3560000E+02	-1.2177595E-08	+1.6675398E-08
+3.3600000E+02	+2.4355446E-09	+2.0533645E-08
+3.3640000E+02	+1.8767345E-08	+1.3777896E-08
+3.3680000E+02	+2.5432313E-08	-7.7588841E-09
+3.3720000E+02	+7.9989316E-09	-2.7947509E-08
+3.3760000E+02	-2.0302029E-08	-2.2238794E-08
+3.3800000E+02	-2.9263167E-08	+5.3170870E-09
+3.3840000E+02	-1.1384377E-08	+2.6028482E-08
+3.3880000E+02	+1.3322900E-08	+2.3398428E-08
+3.3920000E+02	+2.5923594E-08	+4.3789492E-09
+3.3960000E+02	+2.0447538E-08	-1.7711432E-08
+3.4000000E+02	-1.8000769E-09	-2.8607817E-08
+3.4040000E+02	-2.5549768E-08	-1.5434831E-08
+3.4080000E+02	-2.6749681E-08	+1.2538800E-08
+3.4120000E+02	-4.8319210E-09	+2.7132830E-08
+3.4160000E+02	+1.6186429E-08	+1.8870132E-08
+3.4200000E+02	+2.3166504E-08	+1.4177095E-09
+3.4240000E+02	+1.7821178E-08	-1.5618346E-08
+3.4280000E+02	+4.0624343E-10	-2.5487047E-08
+3.4320000E+02	-2.0733166E-08	-1.7463898E-08
+3.4360000E+02	-2.7446034E-08	+5.5599511E-09
+3.4400000E+02	-1.3192935E-08	+2.5406596E-08
+3.4440000E+02	+1.1935488E-08	+2.7016623E-08
+3.4480000E+02	+2.9707317E-08	+7.1066292E-09
+3.4520000E+02	+2.3363437E-08	-2.0208163E-08
+3.4560000E+02	-2.9604054E-09	-2.9888535E-08
+3.4600000E+02	-2.4271041E-08	-1.4332681E-08
+3.4640000E+02	-2.4352938E-08	+9.5211023E-09
+3.4680000E+02	-7.5828887E-09	+2.3424370E-08
+3.4720000E+02	+1.2886071E-08	+1.9744283E-08
+3.4760000E+02	+2.2371829E-08	+1.8967684E-09
+3.4800000E+02	+1.4210145E-08	-1.5320782E-08
+3.4840000E+02	-2.5376514E-09	-1.8982510E-08
+3.4880000E+02	-1.4750692E-08	-9.9858618E-09
+3.4920000E+02	-1.6864178E-08	+3.9043736E-09
+3.4960000E+02	-8.6450753E-09	+1.5408854E-08
+3.5000000E+02	+6.4284916E-09	+1.7612042E-08
+3.5040000E+02	+1.9374525E-08	+6.3581304E-09
+3.5080000E+02	+1.7879440E-08	-1.3204506E-08
+3.5120000E+02	-1.3981963E-09	-2.3595683E-08
+3.5160000E+02	-2.1095797E-08	-1.1614065E-08
+3.5200000E+02	-2.0848989E-08	+1.0952958E-08
+3.5240000E+02	-3.4110275E-09	+2.2567221E-08
+3.5280000E+02	+1.5731983E-08	+1.6863921E-08
+3.5320000E+02	+2.4419774E-08	-2.5925045E-09
+3.5360000E+02	+1.1951047E-08	-2.3218062E-08
+3.5400000E+02	-1.3842913E-08	-2.2136170E-08
+3.5440000E+02	-2.3695123E-08	+3.1397148E-10
+3.5480000E+02	-1.1440022E-08	+1.5809644E-08
+3.5520000E+02	+1.7060941E-09	+1.6117385E-08
+3.5560000E+02	+1.1503808E-08	+1.2551931E-08
+3.5600000E+02	+2.0680054E-08	+3.3750144E-10
+3.5640000E+02	+1.3835933E-08	-1.9054587E-08
+3.5680000E+02	-8.4762620E-09	-2.2407240E-08
+3.5720000E+02	-2.1544605E-08	-6.1042412E-09
+3.5760000E+02	-1.7844592E-08	+1.1014383E-08
+3.5800000E+02	-4.9461404E-09	+2.1201227E-08
+3.5840000E+02	+1.4511470E-08	+1.9558097E-08
+3.5880000E+02	+2.6628779E-08	-7.1929979E-10
+3.5920000E+02	+1.4076029E-08	-2.3361667E-08
+3.5960000E+02	-1.1518738E-08	-2.3494698E-08
+3.6000000E+02	-2.3756931E-08	-3.5492688E-09
+3.6040000E+02	-1.5442098E-08	+1.5222201E-08
+3.6080000E+02	+1.9662275E-09	+1.9549237E-08
+3.6120000E+02	+1.4881446E-08	+1.0254849E-08
+3.6160000E+02	+1.6592779E-08	-4.1751366E-09
+3.6200000E+02	+7.5909720E-09	-1.5054971E-08
+3.6240000E+02	-7.0530799E-09	-1.5445865E-08
+3.6280000E+02	-1.6411822E-08	-3.4958518E-09
+3.6320000E+02	-1.1954275E-08	+1.0469590E-08
+3.6360000E+02	+2.8486348E-10	+1.4817967E-08
+3.6400000E+02	+1.0947540E-08	+1.0016009E-08
+3.6440000E+02	+1.6457237E-08	-1.8385078E-09
+3.6480000E+02	+9.0355894E-09	-1.6633720E-08
+3.6520000E+02	-1.0518313E-08	-1.7509836E-08
+3.6560000E+02	-2.0218698E-08	+4.4959932E-10
+3.6600000E+02	-9.6889876E-09	+1.5834923E-08
+3.6640000E+02	+5.6479025E-09	+1.5871425E-08
+3.6680000E+02	+1.5479281E-08	+6.7788944E-09
+3.6720000E+02	+1.6856267E-08	-8.4357766E-09
+3.6760000E+02	+2.5894134E-09	-2.0748475E-08
+3.6800000E+02	-1.7006168E-08	-1.3120230E-08
+3.6840000E+02	-1.8693534E-08	+7.3166086E-09
+3.6880000E+02	-4.0726400E-09	+1.6832394E-08
+3.6920000E+02	+8.2681414E-09	+1.2126876E-08
+3.6960000E+02	+1.3265468E-08	+3.2383587E-09
+3.7000000E+02	+1.2500990E-08	-7.0388795E-09
+3.7040000E+02	+3.5954965E-09	-1.5257655E-08
+3.7080000E+02	-1.0168474E-08	-1.3594217E-08
+3.7120000E+02	-1.8158899E-08	-5.1343903E-10
+3.7160000E+02	-1.1951265E-08	+1.4973842E-08
+3.7200000E+02	+5.2756150E-09	+1.8946042E-08
+3.7240000E+02	+1.8308640E-08	+6.7486691E-09
+3.7280000E+02	+1.5918067E-08	-1.0260055E-08
+3.7320000E+02	+1.7650176E-09	-1.8408726E-08
+3.7360000E+02	-1.3390433E-08	-1.2751112E-08
+3.7400000E+02	-1.8345505E-08	+3.2394300E-09
+3.7440000E+02	-7.6696911E-09	+1.6662617E-08
+3.7480000E+02	+8.8907843E-09	+1.4940582E-08
+3.7520000E+02	+1.5968983E-08	+1.4441931E-09
+3.7560000E+02	+1.0100326E-08	-1.0842600E-08
+3.7600000E+02	-2.0652222E-09	-1.3852707E-08
+3.7640000E+02	-1.1636201E-08	-6.6329792E-09
+3.7680000E+02	-1.1817979E-08	+4.7441828E-09
+3.7720000E+02	-3.8535164E-09	+1.1603049E-08
+3.7760000E+02	+6.2302312E-09	+1.0712896E-08
+3.7800000E+02	+1.3175770E-08	+2.1264027E-09
+3.7840000E+02	+1.0195909E-08	-1.0285589E-08
+3.7880000E+02	-3.1021020E-09	-1.4788602E-08
+3.7920000E+02	-1.3950731E-08	-5.6703252E-09
+3.7960000E+02	-1.2643499E-08	+7.7273341E-09
+3.8000000E+02	-1.7558972E-09	+1.5011881E-08
+3.8040000E+02	+1.1692066E-08	+1.0995305E-08
+3.8080000E+02	+1.6420187E-08	-3.8710986E-09
+3.8120000E+02	+5.3414129E-09	-1.5849781E-08
+3.8160000E+02	-9.4871397E-09	-1.2119542E-08
+3.8200000E+02	-1.3545218E-08	-4.5168719E-11
+3.8240000E+02	-8.7413173E-09	+8.9483134E-09
+3.8280000E+02	+3.1064430E-10	+1.2934205E-08
+3.8320000E+02	+1.0945741E-08	+8.5301188E-09
+3.8360000E+02	+1.3575092E-08	-3.8810346E-09
+3.8400000E+02	+4.8488735E-09	-1.2493845E-08
+3.8440000E+02	-5.7200625E-09	-1.1087471E-08
+3.8480000E+02	-1.1851684E-08	-3.7266729E-09
+3.8520000E+02	-1.1621438E-08	+6.6975310E-09
+3.8560000E+02	-2.1118021E-09	+1.4460937E-08
+3.8600000E+02	+1.1023680E-08	+1.0692645E-08
+3.8640000E+02	+1.5335389E-08	-2.8478527E-09
+3.8680000E+02	+6.5479907E-09	-1.4144901E-08
+3.8720000E+02	-7.7838244E-09	-1.3278005E-08
+3.8760000E+02	-1.4756220E-08	-9.5643423E-10
+3.8800000E+02	-8.4725744E-09	+1.0679341E-08
+3.8840000E+02	+2.9668993E-09	+1.1898291E-08
+3.8880000E+02	+1.0202040E-08	+5.2011796E-09
+3.8920000E+02	+1.0743145E-08	-4.4332271E-09
+3.8960000E+02	+2.8708152E-09	-1.1836402E-08
+3.9000000E+02	-8.4657515E-09	-8.7715425E-09
+3.9040000E+02	-1.1038617E-08	+2.2522107E-09
+3.9080000E+02	-4.2675717E-09	+8.8933454E-09
+3.9120000E+02	+3.1942497E-09	+8.5958588E-09
+3.9160000E+02	+9.1390878E-09	+3.9255908E-09
+3.9200000E+02	+9.8164141E-09	-5.7371451E-09
+3.9240000E+02	+2.8390929E-10	-1.2231293E-08
+3.9280000E+02	-1.0136418E-08	-6.5599595E-09
+3.9320000E+02	-1.0529375E-08	+4.1459285E-09
+3.9360000E+02	-3.6113536E-09	+1.0415266E-08
+3.9400000E+02	+5.9951739E-09	+1.0219547E-08
+3.9440000E+02	+1.3090229E-08	+1.1855584E-09
+3.9480000E+02	+8.3276048E-09	-1.1047348E-08
+3.9520000E+02	-4.9038925E-09	-1.2488327E-08
+3.9560000E+02	-1.1856324E-08	-2.7868554E-09
+3.9600000E+02	-8.7726478E-09	+6.6171787E-09
+3.9640000E+02	-1.0322559E-09	+1.0517616E-08
+3.9680000E+02	+7.3526314E-09	+7.7918164E-09
+3.9720000E+02	+1.0713625E-08	-8.0384268E-10
+3.9760000E+02	+6.0872931E-09	-8.5400093E-09
+3.9800000E+02	-2.2866591E-09	-1.0154319E-08
+3.9840000E+02	-9.5553361E-09	-5.2167420E-09
+3.9880000E+02	-1.0615284E-08	+4.5963239E-09
+3.9920000E+02	-2.4510635E-09	+1.1535938E-08
+3.9960000E+02	+7.6089994E-09	+8.4266997E-09
+4.0000000E+02	+1.0721454E-08	-5.5293831E-10
