+0.0000000E+00	-3.5398297E-13	+0.0000000E+00
+4.0000000E-01	+2.7465268E-14	+3.3187316E-13
+8.0000000E-01	+2.6505788E-13	-4.0102440E-14
+1.2000000E+00	-3.3633309E-14	-1.5556611E-13
+1.6000000E+00	-1.5461007E-14	+1.7622055E-14
+2.0000000E+00	+9.0151355E-15	-1.2841542E-13
+2.4000000E+00	-2.3839735E-13	-1.9930284E-14
+2.8000000E+00	-4.7766520E-14	+2.7927200E-13
+3.2000000E+00	+2.3502023E-13	+7.4662940E-14
+3.6000000E+00	+7.7664244E-14	-1.1967218E-13
+4.0000000E+00	+2.5078908E-14	-4.4061291E-14
+4.4000000E+00	+1.7472721E-14	-1.4616968E-13
+4.8000000E+00	-2.0231755E-13	-7.7614630E-14
+5.2000000E+00	-1.0015023E-13	+1.8268090E-13
+5.6000000E+00	+1.1139131E-13	+6.2265100E-14
+6.0000000E+00	-2.9526951E-14	-3.5284044E-14
+6.4000000E+00	-6.8738381E-16	+1.3724194E-13
+6.8000000E+00	+2.0578906E-13	+3.0716147E-14
+7.2000000E+00	+1.1427070E-13	-1.8810598E-13
+7.6000000E+00	-6.9514584E-14	-2.1210597E-13
+8.0000000E+00	-2.7697372E-13	-1.2050388E-13
+8.4000000E+00	-3.1553242E-13	+2.7810945E-13
+8.8000000E+00	+2.1833192E-13	+4.3648184E-13
+9.2000000E+00	+4.2341837E-13	-1.3541635E-13
+9.6000000E+00	-8.6402189E-14	-2.6200691E-13
+1.0000000E+01	+6.5712179E-15	+1.2096470E-13
+1.0400000E+01	+2.5490933E-13	-2.9721331E-13
+1.0800000E+01	-5.1089281E-13	-4.5546788E-13
+1.1200000E+01	-6.4622251E-13	+5.7275745E-13
+1.1600000E+01	+4.6416236E-13	+7.3239954E-13
+1.2000000E+01	+6.3916212E-13	-2.3540340E-13
+1.2400000E+01	+8.1780137E-15	-3.4907866E-13
+1.2800000E+01	+7.7230197E-14	-1.4450366E-13
+1.3200000E+01	-8.4982338E-14	-5.0941958E-13
+1.3600000E+01	-7.8712529E-13	-1.8292687E-13
+1.4000000E+01	-5.8052755E-13	+7.8043230E-13
+1.4400000E+01	+4.4913278E-13	+9.6128735E-13
+1.4800000E+01	+1.1687228E-12	+1.2531127E-13
+1.5200000E+01	+7.5434713E-13	-1.1081032E-12
+1.5600000E+01	-8.0107443E-13	-1.2055520E-12
+1.6000000E+01	-1.2949676E-12	+3.9464646E-13
+1.6400000E+01	+1.1233202E-13	+9.7226166E-13
+1.6800000E+01	+3.5947837E-13	-1.6039420E-13
+1.7200000E+01	-6.2561102E-13	+2.8104487E-13
+1.7600000E+01	+6.4539468E-13	+1.4110759E-12
+1.8000000E+01	+2.2462208E-12	-5.1813284E-13
+1.8400000E+01	+1.2086138E-13	-2.7781702E-12
+1.8800000E+01	-2.7147435E-12	-1.0638861E-12
+1.9200000E+01	-1.9408056E-12	+1.9612920E-12
+1.9600000E+01	+6.8856922E-13	+2.3639650E-12
+2.0000000E+01	+2.0958382E-12	+7.0762238E-13
+2.0400000E+01	+1.7496632E-12	-1.1660639E-12
+2.0800000E+01	+1.1997098E-13	-2.0715350E-12
+2.1200000E+01	-1.5813498E-12	-1.2950279E-12
+2.1600000E+01	-1.9257279E-12	+5.1771763E-13
+2.2000000E+01	-6.3447426E-13	+1.8081683E-12
+2.2400000E+01	+1.0742128E-12	+1.3428094E-12
+2.2800000E+01	+1.2604817E-12	-1.5242135E-13
+2.3200000E+01	+4.1038915E-13	-3.9156039E-13
+2.3600000E+01	+8.9106690E-13	-1.9633376E-13
+2.4000000E+01	+8.7569151E-13	-1.9934789E-12
+2.4400000E+01	-2.3584439E-12	-2.4802291E-12
+2.4800000E+01	-3.9965984E-12	+1.7231490E-12
+2.5200000E+01	+2.5944361E-13	+4.7645437E-12
+2.5600000E+01	+4.3784651E-12	+1.4749905E-12
+2.6000000E+01	+2.7641977E-12	-2.8892302E-12
+2.6400000E+01	-8.1569957E-13	-3.0473605E-12
+2.6800000E+01	-2.1801453E-12	-1.0516604E-12
+2.7200000E+01	-1.9792954E-12	+5.2167705E-13
+2.7600000E+01	-1.2024181E-12	+1.6110161E-12
+2.8000000E+01	+1.3609100E-13	+2.2108073E-12
+2.8400000E+01	+2.0188052E-12	+1.7778601E-12
+2.8800000E+01	+3.2676747E-12	-6.7402794E-13
+2.9200000E+01	+1.2378810E-12	-3.6552039E-12
+2.9600000E+01	-2.7581967E-12	-2.8317661E-12
+3.0000000E+01	-3.3098645E-12	+9.8838264E-13
+3.0400000E+01	-8.1622954E-13	+2.3295178E-12
+3.0800000E+01	+1.8502239E-13	+1.7599846E-12
+3.1200000E+01	+1.3010165E-12	+2.2869166E-12
+3.1600000E+01	+4.0487013E-12	+4.7837689E-13
+3.2000000E+01	+2.8704457E-12	-4.3093636E-12
+3.2400000E+01	-2.8842412E-12	-4.8226017E-12
+3.2800000E+01	-5.3875976E-12	+3.0427879E-13
+3.3200000E+01	-2.3832000E-12	+4.1512081E-12
+3.3600000E+01	+1.4477861E-12	+4.0468762E-12
+3.4000000E+01	+3.9568662E-12	+1.7399040E-12
+3.4400000E+01	+4.1659208E-12	-2.1139402E-12
+3.4800000E+01	+7.2547351E-13	-4.8357027E-12
+3.5200000E+01	-3.4330819E-12	-3.3491599E-12
+3.5600000E+01	-4.5947171E-12	+4.7395360E-13
+3.6000000E+01	-2.8870884E-12	+3.8497271E-12
+3.6400000E+01	+1.3319885E-12	+5.3241588E-12
+3.6800000E+01	+5.8896596E-12	+1.9759231E-12
+3.7200000E+01	+4.7187540E-12	-4.4147987E-12
+3.7600000E+01	-1.5884979E-12	-5.7285581E-12
+3.8000000E+01	-4.5190131E-12	-1.3243338E-12
+3.8400000E+01	-3.0115855E-12	+1.5039351E-12
+3.8800000E+01	-2.1567826E-12	+2.6694691E-12
+3.9200000E+01	+3.4996049E-13	+5.0242660E-12
+3.9600000E+01	+5.9680861E-12	+3.0493423E-12
+4.0000000E+01	+6.1523807E-12	-4.6284747E-12
+4.0400000E+01	-1.5587879E-12	-7.6767932E-12
+4.0800000E+01	-6.9708891E-12	-2.0122110E-12
+4.1200000E+01	-4.6980531E-12	+4.2886816E-12
+4.1600000E+01	+6.8624743E-13	+5.5333749E-12
+4.2000000E+01	+4.3691928E-12	+2.4171713E-12
+4.2400000E+01	+3.8278911E-12	-1.9184409E-12
+4.2800000E+01	+5.6517031E-13	-3.0677859E-12
+4.3200000E+01	-5.5976453E-13	-1.8357604E-12
+4.3600000E+01	-1.1959486E-12	-2.5668817E-12
+4.4000000E+01	-4.9652085E-12	-1.2010522E-12
+4.4400000E+01	-4.4153626E-12	+5.6434495E-12
+4.4800000E+01	+4.3784338E-12	+7.1209604E-12
+4.5200000E+01	+8.1702878E-12	-1.7964287E-12
+4.5600000E+01	+9.0859124E-13	-7.0820596E-12
+4.6000000E+01	-4.2461150E-12	-2.4951062E-12
+4.6400000E+01	-2.2091018E-12	+7.6094558E-13
+4.6800000E+01	-2.0244702E-12	+1.0721793E-13
+4.7200000E+01	-2.9660533E-12	+3.0693098E-12
+4.7600000E+01	+2.0653250E-12	+5.7333339E-12
+4.8000000E+01	+7.0182397E-12	+4.4789522E-13
+4.8400000E+01	+3.3197990E-12	-6.2324147E-12
+4.8800000E+01	-3.6134948E-12	-5.2735851E-12
+4.9200000E+01	-5.4338193E-12	+1.1933762E-13
+4.9600000E+01	-2.9715275E-12	+3.6788554E-12
+5.0000000E+01	+6.7749378E-13	+4.5828382E-12
+5.0400000E+01	+4.2697416E-12	+2.3972037E-12
+5.0800000E+01	+4.3515195E-12	-2.3811139E-12
+5.1200000E+01	+1.0389300E-13	-4.4498993E-12
+5.1600000E+01	-2.6954732E-12	-1.9893868E-12
+5.2000000E+01	-2.3516067E-12	-1.9374279E-13
+5.2400000E+01	-3.0917273E-12	+9.0427654E-13
+5.2800000E+01	-1.9007492E-12	+4.9200084E-12
+5.3200000E+01	+5.0641003E-12	+5.0664740E-12
+5.3600000E+01	+7.4478923E-12	-3.5883371E-12
+5.4000000E+01	-1.1760880E-12	-8.1877865E-12
+5.4400000E+01	-7.0206131E-12	-1.1642383E-12
+5.4800000E+01	-2.4973865E-12	+4.3372951E-12
+5.5200000E+01	+1.0050886E-12	+2.3027039E-12
+5.5600000E+01	+6.3379425E-13	+1.9680881E-12
+5.6000000E+01	+3.7845497E-12	+1.9461897E-12
+5.6400000E+01	+4.6051105E-12	-4.0925722E-12
+5.6800000E+01	-3.0368965E-12	-6.5482282E-12
+5.7200000E+01	-7.2702988E-12	+1.1341294E-12
+5.7600000E+01	-9.5245751E-13	+6.6723523E-12
+5.8000000E+01	+5.0271780E-12	+2.6401626E-12
+5.8400000E+01	+3.5775426E-12	-2.8371756E-12
+5.8800000E+01	-6.5787967E-13	-3.6876539E-12
+5.9200000E+01	-3.1219101E-12	-1.0470137E-12
+5.9600000E+01	-1.9864783E-12	+2.1702857E-12
+6.0000000E+01	+1.1717713E-12	+2.0631791E-12
+6.0400000E+01	+1.3598763E-12	-4.4622087E-13
+6.0800000E+01	-2.4362153E-13	-1.1368200E-13
+6.1200000E+01	+1.3178971E-12	+6.9647886E-13
+6.1600000E+01	+1.7710343E-12	-2.5124229E-12
+6.2000000E+01	-3.0732746E-12	-3.2345395E-12
+6.2400000E+01	-4.6710758E-12	+2.7493917E-12
+6.2800000E+01	+1.5480489E-12	+5.5719965E-12
+6.3200000E+01	+5.4961594E-12	+2.1463764E-13
+6.3600000E+01	+1.9724314E-12	-4.2529220E-12
+6.4000000E+01	-2.0308891E-12	-3.0843986E-12
+6.4400000E+01	-3.0785745E-12	-6.0119168E-13
+6.4800000E+01	-2.8519377E-12	+1.8702523E-12
+6.5200000E+01	-1.4672551E-13	+3.9856325E-12
+6.5600000E+01	+3.6208159E-12	+2.1971274E-12
+6.6000000E+01	+3.3952657E-12	-1.9232856E-12
+6.6400000E+01	+4.0254594E-13	-3.0949385E-12
+6.6800000E+01	-1.1773075E-12	-2.3424006E-12
+6.7200000E+01	-2.9453729E-12	-1.8515495E-12
+6.7600000E+01	-5.0102524E-12	+1.6974110E-12
+6.8000000E+01	-1.2591988E-12	+7.1937279E-12
+6.8400000E+01	+7.5930243E-12	+5.1577354E-12
+6.8800000E+01	+8.8859909E-12	-6.0145153E-12
+6.9200000E+01	-2.9658589E-12	-1.1404472E-11
+6.9600000E+01	-1.2136133E-11	-5.3026020E-13
+7.0000000E+01	-3.3219693E-12	+1.1170331E-11
+7.0400000E+01	+9.2004815E-12	+4.5593119E-12
+7.0800000E+01	+3.9993664E-12	-7.2250658E-12
+7.1200000E+01	-6.1379444E-12	-2.0684194E-12
+7.1600000E+01	+3.3459143E-13	+6.3758060E-12
+7.2000000E+01	+7.7619726E-12	-2.2048205E-12
+7.2400000E+01	-2.8160008E-12	-9.6010083E-12
+7.2800000E+01	-1.0975302E-11	+1.9713733E-12
+7.3200000E+01	+3.2005021E-14	+1.1116518E-11
+7.3600000E+01	+9.7022001E-12	+2.2724207E-12
+7.4000000E+01	+4.1597304E-12	-6.9665304E-12
+7.4400000E+01	-3.5942556E-12	-5.1047637E-12
+7.4800000E+01	-5.0222044E-12	+4.5289670E-13
+7.5200000E+01	-1.7241505E-12	+4.2623097E-12
+7.5600000E+01	+3.4369443E-12	+2.5820894E-12
+7.6000000E+01	+2.2335269E-12	-3.1570145E-12
+7.6400000E+01	-3.7886429E-12	-1.1741288E-12
+7.6800000E+01	-7.2769960E-14	+5.3182431E-12
+7.7200000E+01	+7.3675318E-12	-4.7609102E-13
+7.7600000E+01	-1.4672629E-13	-9.3406751E-12
+7.8000000E+01	-1.0640050E-11	-1.0382066E-12
+7.8400000E+01	-2.7564353E-12	+1.0869333E-11
+7.8800000E+01	+9.9553532E-12	+4.5309573E-12
+7.9200000E+01	+5.9098939E-12	-8.1547865E-12
+7.9600000E+01	-5.9536427E-12	-6.6158204E-12
+8.0000000E+01	-6.6170805E-12	+3.9018231E-12
+8.0400000E+01	+2.4419585E-12	+6.1049785E-12
+8.0800000E+01	+5.3938884E-12	-1.7882110E-12
+8.1200000E+01	-1.8901711E-12	-4.7858510E-12
+8.1600000E+01	-4.4506215E-12	+2.4870891E-12
+8.2000000E+01	+3.2278101E-12	+4.3646238E-12
+8.2400000E+01	+4.3306991E-12	-3.8106821E-12
+8.2800000E+01	-4.0916526E-12	-4.0714548E-12
+8.3200000E+01	-3.3613249E-12	+4.1201085E-12
+8.3600000E+01	+4.0881419E-12	+2.1454559E-12
+8.4000000E+01	+5.9431497E-13	-4.2121692E-12
+8.4400000E+01	-4.5948667E-12	+9.3646298E-13
+8.4800000E+01	+2.0359907E-12	+5.1284731E-12
+8.5200000E+01	+5.4899992E-12	-2.4142299E-12
+8.5600000E+01	-2.0544209E-12	-5.2453549E-12
+8.6000000E+01	-4.0332864E-12	+1.2712359E-12
+8.6400000E+01	+6.3364573E-13	+1.7592360E-12
+8.6800000E+01	-1.2873002E-12	-7.6379676E-13
+8.7200000E+01	-2.0790833E-12	+4.4590817E-12
+8.7600000E+01	+6.9357915E-12	+4.5798984E-12
+8.8000000E+01	+7.7812296E-12	-8.0141477E-12
+8.8400000E+01	-7.3957956E-12	-1.0838082E-11
+8.8800000E+01	-1.2837605E-11	+5.3499963E-12
+8.9200000E+01	+2.6649357E-12	+1.3154995E-11
+8.9600000E+01	+1.1729690E-11	-3.8128748E-13
+9.0000000E+01	+6.0531863E-13	-9.1355644E-12
+9.0400000E+01	-6.3933124E-12	+8.0349699E-14
+9.0800000E+01	+2.1008820E-12	+4.5785871E-12
+9.1200000E+01	+4.3728226E-12	-4.4967217E-12
+9.1600000E+01	-6.0483439E-12	-5.7427858E-12
+9.2000000E+01	-7.8974079E-12	+5.7822774E-12
+9.2400000E+01	+3.4203067E-12	+9.5656003E-12
+9.2800000E+01	+9.5060295E-12	+4.2248439E-13
+9.3200000E+01	+4.3959359E-12	-7.0539813E-12
+9.3600000E+01	-2.4787450E-12	-6.8939334E-12
+9.4000000E+01	-6.6830599E-12	-3.0138264E-12
+9.4400000E+01	-7.6642835E-12	+3.4352646E-12
+9.4800000E+01	-2.0585813E-12	+9.8023670E-12
+9.5200000E+01	+8.5092789E-12	+8.1022141E-12
+9.5600000E+01	+1.2677024E-11	-4.0356979E-12
+9.6000000E+01	+2.2062152E-12	-1.4186086E-11
+9.6400000E+01	-1.2075973E-11	-8.0994098E-12
+9.6800000E+01	-1.1573922E-11	+7.0879199E-12
+9.7200000E+01	+1.0245049E-12	+1.1378007E-11
+9.7600000E+01	+7.5726959E-12	+3.8972702E-12
+9.8000000E+01	+5.8719502E-12	-1.5494277E-12
+9.8400000E+01	+4.4527692E-12	-4.1983844E-12
+9.8800000E+01	+4.3156812E-13	-8.1621863E-12
+9.9200000E+01	-8.1202340E-12	-6.1711228E-12
+9.9600000E+01	-1.0705744E-11	+4.2365673E-12
+1.0000000E+02	-2.1646159E-12	+1.2135370E-11
+1.0040000E+02	+9.7148588E-12	+8.8344581E-12
+1.0080000E+02	+1.3446238E-11	-4.1619138E-12
+1.0120000E+02	+2.5971070E-12	-1.4477500E-11
+1.0160000E+02	-1.1785695E-11	-8.1562923E-12
+1.0200000E+02	-1.0558213E-11	+6.6491506E-12
+1.0240000E+02	+1.2518386E-12	+9.0598712E-12
+1.0280000E+02	+4.4316497E-12	+2.1892554E-12
+1.0320000E+02	+2.3095022E-12	+1.3362218E-12
+1.0360000E+02	+5.8108328E-12	+8.6024278E-13
+1.0400000E+02	+5.9142171E-12	-7.0727119E-12
+1.0440000E+02	-4.4700286E-12	-1.0650879E-11
+1.0480000E+02	-1.2976781E-11	-1.1320649E-12
+1.0520000E+02	-7.7064035E-12	+1.1765705E-11
+1.0560000E+02	+7.3196952E-12	+1.2875666E-11
+1.0600000E+02	+1.4846173E-11	-1.2427371E-12
+1.0640000E+02	+4.2171854E-12	-1.3080499E-11
+1.0680000E+02	-8.4388458E-12	-7.0793133E-12
+1.0720000E+02	-6.4116949E-12	+2.7461703E-12
+1.0760000E+02	-2.0143192E-12	+2.6594129E-12
+1.0800000E+02	-2.6064910E-12	+4.5259844E-12
+1.0840000E+02	+4.6279922E-12	+7.3952341E-12
+1.0880000E+02	+1.0140714E-11	-3.2708341E-12
+1.0920000E+02	-1.9799347E-12	-1.0315968E-11
+1.0960000E+02	-8.5608102E-12	+2.0857782E-12
+1.1000000E+02	+4.0760391E-12	+6.2877999E-12
+1.1040000E+02	+4.9636841E-12	-7.3611911E-12
+1.1080000E+02	-1.0551628E-11	-5.4015378E-12
+1.1120000E+02	-7.3833649E-12	+1.2111026E-11
+1.1160000E+02	+1.1083404E-11	+9.7747322E-12
+1.1200000E+02	+1.1067041E-11	-7.5637380E-12
+1.1240000E+02	-2.7028573E-12	-1.0092730E-11
+1.1280000E+02	-6.5881148E-12	-1.7518544E-12
+1.1320000E+02	-4.1743858E-12	+1.3549994E-12
+1.1360000E+02	-4.0441471E-12	+3.7240589E-12
+1.1400000E+02	+6.7582062E-13	+7.9174641E-12
+1.1440000E+02	+9.1258600E-12	+3.7109752E-12
+1.1480000E+02	+7.7144173E-12	-7.5297776E-12
+1.1520000E+02	-4.0256356E-12	-9.8340405E-12
+1.1560000E+02	-9.3560133E-12	+1.7486767E-13
+1.1600000E+02	-2.4070324E-12	+6.5850544E-12
+1.1640000E+02	+2.6763976E-12	+2.6502040E-12
+1.1680000E+02	+3.9134026E-13	+8.3794053E-13
+1.1720000E+02	+2.6263460E-12	+3.6208783E-12
+1.1760000E+02	+8.0483638E-12	-2.0174798E-12
+1.1800000E+02	+8.1121446E-13	-1.1469257E-11
+1.1840000E+02	-1.2871801E-11	-4.9556663E-12
+1.1880000E+02	-9.1441691E-12	+1.1967829E-11
+1.1920000E+02	+9.2380070E-12	+1.2188104E-11
+1.1960000E+02	+1.3367097E-11	-5.7192526E-12
+1.2000000E+02	-2.6252377E-12	-1.2631201E-11
+1.2040000E+02	-1.0572335E-11	+9.3218521E-13
+1.2080000E+02	+1.0599398E-12	+8.1906860E-12
+1.2120000E+02	+6.5392525E-12	-2.7410095E-12
+1.2160000E+02	-5.1122468E-12	-6.3598301E-12
+1.2200000E+02	-7.8232586E-12	+7.0000079E-12
+1.2240000E+02	+7.3137528E-12	+1.0456988E-11
+1.2280000E+02	+1.3289713E-11	-5.4278448E-12
+1.2320000E+02	-1.4276624E-12	-1.5176776E-11
+1.2360000E+02	-1.5208074E-11	-3.8701575E-12
+1.2400000E+02	-9.1465552E-12	+1.3062728E-11
+1.2440000E+02	+9.1792472E-12	+1.2997769E-11
+1.2480000E+02	+1.4409120E-11	-4.6624190E-12
+1.2520000E+02	-9.3685846E-13	-1.3119178E-11
+1.2560000E+02	-9.7341644E-12	-7.4659518E-13
+1.2600000E+02	+2.2124847E-13	+5.5342268E-12
+1.2640000E+02	+2.0257970E-12	-3.5452827E-12
+1.2680000E+02	-8.0847686E-12	-3.9584455E-13
+1.2720000E+02	-1.0725176E-12	+1.2233898E-11
+1.2760000E+02	+1.4498729E-11	+3.5677761E-12
+1.2800000E+02	+6.6762670E-12	-1.4058373E-11
+1.2840000E+02	-1.1089725E-11	-8.9662790E-12
+1.2880000E+02	-9.3767471E-12	+6.7143865E-12
+1.2920000E+02	+2.5683102E-12	+7.6799548E-12
+1.2960000E+02	+4.6099051E-12	-1.4639871E-13
+1.3000000E+02	-1.7496680E-13	-1.5815907E-12
+1.3040000E+02	-9.1366133E-14	+2.2701698E-12
+1.3080000E+02	+5.0413121E-12	+1.0284811E-12
+1.3120000E+02	+4.1832763E-12	-6.6272012E-12
+1.3160000E+02	-5.4757039E-12	-8.1793624E-12
+1.3200000E+02	-1.0900436E-11	+1.0632668E-12
+1.3240000E+02	-5.7468269E-12	+1.0283854E-11
+1.3280000E+02	+5.1908436E-12	+1.2883844E-11
+1.3320000E+02	+1.7757503E-11	+3.9934502E-12
+1.3360000E+02	+1.5296691E-11	-1.8217298E-11
+1.3400000E+02	-1.3420422E-11	-2.5704997E-11
+1.3440000E+02	-3.2152013E-11	+4.2587536E-12
+1.3480000E+02	-6.8490216E-12	+3.2599036E-11
+1.3520000E+02	+2.6797032E-11	+1.6751307E-11
+1.3560000E+02	+2.2659231E-11	-1.6425406E-11
+1.3600000E+02	-4.5336484E-12	-2.3128537E-11
+1.3640000E+02	-1.8544036E-11	-5.5177124E-12
+1.3680000E+02	-1.1219481E-11	+1.0911539E-11
+1.3720000E+02	+3.0358237E-12	+1.1735197E-11
+1.3760000E+02	+8.0683644E-12	+2.5883474E-12
+1.3800000E+02	+4.7256393E-12	-2.5221465E-12
+1.3840000E+02	+2.3175979E-12	-3.8058044E-12
+1.3880000E+02	-1.6236553E-12	-4.6535634E-12
+1.3920000E+02	-4.1621535E-12	+4.6371179E-13
+1.3960000E+02	+2.0209237E-12	+2.0168175E-12
+1.4000000E+02	+2.5357712E-13	-6.5767576E-12
+1.4040000E+02	-1.2785889E-11	-7.6069282E-13
+1.4080000E+02	-4.3334564E-12	+1.8174507E-11
+1.4120000E+02	+2.0152354E-11	+1.0207678E-11
+1.4160000E+02	+1.6282579E-11	-1.7122273E-11
+1.4200000E+02	-9.2251158E-12	-1.9950742E-11
+1.4240000E+02	-1.9193084E-11	-1.5957631E-12
+1.4280000E+02	-1.2248291E-11	+1.3479958E-11
+1.4320000E+02	+4.0949502E-12	+1.9607707E-11
+1.4360000E+02	+2.1650752E-11	+6.2658330E-12
+1.4400000E+02	+1.4467763E-11	-1.8158849E-11
+1.4440000E+02	-1.0719720E-11	-1.8097488E-11
+1.4480000E+02	-1.6344722E-11	+2.0437493E-12
+1.4520000E+02	-5.1127881E-12	+1.0256758E-11
+1.4560000E+02	+2.2733592E-12	+8.9741606E-12
+1.4600000E+02	+9.3115271E-12	+4.7580241E-12
+1.4640000E+02	+8.6800249E-12	-7.3411997E-12
+1.4680000E+02	-5.0302217E-12	-8.7925947E-12
+1.4720000E+02	-5.9926213E-12	+4.1301193E-12
+1.4760000E+02	+5.3648284E-12	+2.2554082E-12
+1.4800000E+02	-2.9847598E-13	-8.1211513E-12
+1.4840000E+02	-1.0764765E-11	+3.4102976E-13
+1.4880000E+02	-2.1205761E-12	+1.1429510E-11
+1.4920000E+02	+8.9212925E-12	+5.8163346E-12
+1.4960000E+02	+8.8490194E-12	-3.3294491E-12
+1.5000000E+02	+3.9311883E-12	-9.5967977E-12
+1.5040000E+02	-7.4747604E-12	-1.0672236E-11
+1.5080000E+02	-1.4839130E-11	+3.2163471E-12
+1.5120000E+02	-1.4459551E-12	+1.5377139E-11
+1.5160000E+02	+1.2676367E-11	+4.5511308E-12
+1.5200000E+02	+4.7808433E-12	-8.4015306E-12
+1.5240000E+02	-4.7834606E-12	-2.0388665E-12
+1.5280000E+02	+2.5182091E-12	+3.6850573E-12
+1.5320000E+02	+5.8491339E-12	-7.0052136E-12
+1.5360000E+02	-9.6426527E-12	-1.0647422E-11
+1.5400000E+02	-1.6420472E-11	+9.5194688E-12
+1.5440000E+02	+6.9427048E-12	+2.1233206E-11
+1.5480000E+02	+2.3691927E-11	-3.2288191E-12
+1.5520000E+02	-5.1420151E-14	-2.3456364E-11
+1.5560000E+02	-2.1236809E-11	-1.3381163E-12
+1.5600000E+02	-6.5093499E-13	+1.8314885E-11
+1.5640000E+02	+1.5847880E-11	-1.3810720E-12
+1.5680000E+02	-3.4370136E-12	-1.4306729E-11
+1.5720000E+02	-1.3316914E-11	+4.3034079E-12
+1.5760000E+02	+3.4897756E-12	+1.1962742E-11
+1.5800000E+02	+9.3827002E-12	-1.4662591E-12
+1.5840000E+02	+5.8359874E-13	-5.3409051E-12
+1.5880000E+02	-4.7523048E-13	-1.3640582E-12
+1.5920000E+02	-1.2221264E-13	-3.9133634E-12
+1.5960000E+02	-6.4359720E-12	-2.9635958E-12
+1.6000000E+02	-6.8469541E-12	+6.2788610E-12
+1.6040000E+02	+3.6322232E-12	+1.0090977E-11
+1.6080000E+02	+1.1524047E-11	+3.2641799E-13
+1.6120000E+02	+3.8927157E-12	-1.0757385E-11
+1.6160000E+02	-8.3229962E-12	-5.5291822E-12
+1.6200000E+02	-4.4757842E-12	+5.3797671E-12
+1.6240000E+02	+3.1440963E-12	+1.0075960E-12
+1.6280000E+02	-3.7584208E-12	-2.3276721E-12
+1.6320000E+02	-2.8502943E-12	+8.3940614E-12
+1.6360000E+02	+1.1765861E-11	+3.9518731E-12
+1.6400000E+02	+4.6292372E-12	-1.3436686E-11
+1.6440000E+02	-1.3698999E-11	-4.1685931E-12
+1.6480000E+02	-2.5071331E-12	+1.3263102E-11
+1.6520000E+02	+1.2788371E-11	+2.5133457E-13
+1.6560000E+02	-1.6455941E-12	-1.2509048E-11
+1.6600000E+02	-1.2142208E-11	+2.3769410E-12
+1.6640000E+02	+1.6970686E-12	+1.1111532E-11
+1.6680000E+02	+8.9559072E-12	-5.2983803E-14
+1.6720000E+02	+1.6282503E-12	-5.6985393E-12
+1.6760000E+02	-1.9740190E-12	-2.3883670E-12
+1.6800000E+02	-1.7025853E-12	-1.1660776E-12
+1.6840000E+02	-2.6866628E-12	-2.6393541E-13
+1.6880000E+02	-2.7281514E-12	+2.0384548E-12
+1.6920000E+02	-5.6204503E-13	+4.6512980E-12
+1.6960000E+02	+5.2159963E-12	+4.1809357E-12
+1.7000000E+02	+7.5306275E-12	-4.1922526E-12
+1.7040000E+02	-2.0228890E-12	-9.4901434E-12
+1.7080000E+02	-9.5515754E-12	-4.0621455E-13
+1.7120000E+02	-2.1973158E-12	+7.9965013E-12
+1.7160000E+02	+5.7290451E-12	+2.8669280E-12
+1.7200000E+02	+2.5649992E-12	-3.8465711E-12
+1.7240000E+02	-3.1446406E-12	-1.9836367E-12
+1.7280000E+02	-1.9976243E-12	+3.7785928E-12
+1.7320000E+02	+5.2298613E-12	+3.2051659E-12
+1.7360000E+02	+5.5865175E-12	-6.5854366E-12
+1.7400000E+02	-6.9967609E-12	-8.4479705E-12
+1.7440000E+02	-1.0690971E-11	+6.1031898E-12
+1.7480000E+02	+4.2210635E-12	+1.1297423E-11
+1.7520000E+02	+9.8186393E-12	-2.2056578E-12
+1.7560000E+02	-1.0432184E-12	-6.6441960E-12
+1.7600000E+02	-2.9155848E-12	+1.3574980E-12
+1.7640000E+02	+3.0621354E-12	+1.0196926E-13
+1.7680000E+02	-5.9360437E-13	-5.3333202E-12
+1.7720000E+02	-6.9381836E-12	-1.2539127E-12
+1.7760000E+02	-5.0888335E-12	+6.7921161E-12
+1.7800000E+02	+4.5044190E-12	+9.5829361E-12
+1.7840000E+02	+1.3180448E-11	-6.5988156E-13
+1.7880000E+02	+3.3149896E-12	-1.4754395E-11
+1.7920000E+02	-1.4090156E-11	-5.6768768E-12
+1.7960000E+02	-5.0814249E-12	+1.1976160E-11
+1.8000000E+02	+9.8461351E-12	+1.1911469E-12
+1.8040000E+02	-5.0959750E-12	-9.1141483E-12
+1.8080000E+02	-1.0487106E-11	+1.1920466E-11
+1.8120000E+02	+1.7150814E-11	+1.3563333E-11
+1.8160000E+02	+1.6913900E-11	-1.9217957E-11
+1.8200000E+02	-1.7749659E-11	-1.8638988E-11
+1.8240000E+02	-1.7181088E-11	+1.3731169E-11
+1.8280000E+02	+9.1109329E-12	+1.2053025E-11
+1.8320000E+02	+4.1598576E-12	-6.0039573E-12
+1.8360000E+02	-5.8202051E-12	+4.4442398E-12
+1.8400000E+02	+1.1286159E-11	+8.6835051E-12
+1.8440000E+02	+1.3388069E-11	-1.4402782E-11
+1.8480000E+02	-1.3088873E-11	-1.7913219E-11
+1.8520000E+02	-2.0279043E-11	+8.1538926E-12
+1.8560000E+02	+1.5811158E-12	+1.9379573E-11
+1.8600000E+02	+1.5440101E-11	+4.2669928E-12
+1.8640000E+02	+7.5635015E-12	-9.9076774E-12
+1.8680000E+02	-4.8284033E-12	-7.6717303E-12
+1.8720000E+02	-5.2765569E-12	+1.9851145E-12
+1.8760000E+02	+2.1686228E-12	+1.9574001E-12
+1.8800000E+02	-5.9190448E-13	-4.8920797E-12
+1.8840000E+02	-8.6604251E-12	+1.3441321E-12
+1.8880000E+02	+3.7762684E-13	+1.1663244E-11
+1.8920000E+02	+1.2577229E-11	+1.2105370E-12
+1.8960000E+02	+1.8638859E-12	-1.1123200E-11
+1.9000000E+02	-8.1385292E-12	-3.3600044E-13
+1.9040000E+02	+3.6813630E-12	+5.1453119E-12
+1.9080000E+02	+3.6189469E-12	-9.3543898E-12
+1.9120000E+02	-1.5017179E-11	-4.2912524E-12
+1.9160000E+02	-6.8007673E-12	+1.8855026E-11
+1.9200000E+02	+1.9656492E-11	+9.8423696E-12
+1.9240000E+02	+1.1742630E-11	-1.7303959E-11
+1.9280000E+02	-1.2793936E-11	-1.1198307E-11
+1.9320000E+02	-7.8471012E-12	+7.7904927E-12
+1.9360000E+02	+3.9211907E-12	+2.4207953E-12
+1.9400000E+02	-3.5775583E-12	-2.1326040E-12
+1.9440000E+02	-2.3854181E-12	+8.5168820E-12
+1.9480000E+02	+1.1306691E-11	+3.8068480E-12
+1.9520000E+02	+5.2066964E-12	-1.1792712E-11
+1.9560000E+02	-1.0713125E-11	-5.6999587E-12
+1.9600000E+02	-5.1373405E-12	+9.2540514E-12
+1.9640000E+02	+8.4262222E-12	+4.1426076E-12
+1.9680000E+02	+3.7455720E-12	-8.5626067E-12
+1.9720000E+02	-9.1747613E-12	-4.7929732E-12
+1.9760000E+02	-7.4267773E-12	+9.2336580E-12
+1.9800000E+02	+7.7390547E-12	+1.0890861E-11
+1.9840000E+02	+1.3775777E-11	-4.3034833E-12
+1.9880000E+02	+5.3363751E-13	-1.4606896E-11
+1.9920000E+02	-1.2517607E-11	-5.4243998E-12
+1.9960000E+02	-8.7274124E-12	+7.7019451E-12
+2.0000000E+02	+1.4322516E-12	+9.1990434E-12
+2.0040000E+02	+6.5543823E-12	+4.3830732E-12
+2.0080000E+02	+7.9240116E-12	-1.6430659E-12
+2.0120000E+02	+3.8483464E-12	-8.1625202E-12
+2.0160000E+02	-5.2497518E-12	-8.0488850E-12
+2.0200000E+02	-9.6369380E-12	+4.2765946E-13
+2.0240000E+02	-4.4904366E-12	+8.3466570E-12
+2.0280000E+02	+5.0376634E-12	+7.8444335E-12
+2.0320000E+02	+8.7509962E-12	-1.3069792E-12
+2.0360000E+02	+1.1841926E-12	-7.3729758E-12
+2.0400000E+02	-4.7412210E-12	-1.3810923E-12
+2.0440000E+02	+7.7340565E-13	+2.2289053E-12
+2.0480000E+02	+9.2117277E-13	-4.3757591E-12
+2.0520000E+02	-7.9896457E-12	-1.1551086E-12
+2.0560000E+02	-2.4176890E-12	+1.0265805E-11
+2.0600000E+02	+1.0485417E-11	+3.6257260E-12
+2.0640000E+02	+3.6462765E-12	-8.8064728E-12
+2.0680000E+02	-6.1309971E-12	-1.8200911E-12
+2.0720000E+02	+1.7379221E-12	+3.6755057E-12
+2.0760000E+02	+2.4458797E-12	-6.1794288E-12
+2.0800000E+02	-1.0270637E-11	-2.8429501E-12
+2.0840000E+02	-4.5521788E-12	+1.2885210E-11
+2.0880000E+02	+1.3429064E-11	+6.7381134E-12
+2.0920000E+02	+8.4333378E-12	-1.2027493E-11
+2.0960000E+02	-9.4175779E-12	-8.9389590E-12
+2.1000000E+02	-8.0663161E-12	+6.6168792E-12
+2.1040000E+02	+4.5262677E-12	+6.1352909E-12
+2.1080000E+02	+3.7597522E-12	-3.6360483E-12
+2.1120000E+02	-3.9412775E-12	-1.5416991E-12
+2.1160000E+02	+1.7639858E-13	+5.0686559E-12
+2.1200000E+02	+6.5232936E-12	-1.3946348E-12
+2.1240000E+02	-2.3566874E-12	-7.9210854E-12
+2.1280000E+02	-9.0971239E-12	+3.3417209E-12
+2.1320000E+02	+4.4686495E-12	+1.0056093E-11
+2.1360000E+02	+1.0817392E-11	-5.6197568E-12
+2.1400000E+02	-6.5225995E-12	-1.1262594E-11
+2.1440000E+02	-1.1089226E-11	+6.9424817E-12
+2.1480000E+02	+6.8760918E-12	+9.9153595E-12
+2.1520000E+02	+7.4941985E-12	-6.6313137E-12
+2.1560000E+02	-6.7326749E-12	-3.9298623E-12
+2.1600000E+02	+2.2949568E-13	+7.6808485E-12
+2.1640000E+02	+9.6749103E-12	-4.0967748E-12
+2.1680000E+02	-6.7331923E-12	-1.2437131E-11
+2.1720000E+02	-1.5243614E-11	+7.5092494E-12
+2.1760000E+02	+6.3826339E-12	+1.7173542E-11
+2.1800000E+02	+1.7485323E-11	-3.9585960E-12
+2.1840000E+02	-1.2856397E-12	-1.5958592E-11
+2.1880000E+02	-1.3041959E-11	-5.4481015E-13
+2.1920000E+02	-8.3360124E-13	+9.7218552E-12
+2.1960000E+02	+7.1475654E-12	-4.4262506E-13
+2.2000000E+02	-2.6291078E-12	-6.1593936E-12
+2.2040000E+02	-6.9195957E-12	+4.6835242E-12
+2.2080000E+02	+5.6425065E-12	+8.8124487E-12
+2.2120000E+02	+1.0671233E-11	-5.0647775E-12
+2.2160000E+02	-3.2538464E-12	-1.1250814E-11
+2.2200000E+02	-9.7549266E-12	+1.1523752E-12
+2.2240000E+02	-5.9805544E-14	+6.1961592E-12
+2.2280000E+02	+1.4301485E-12	-4.9894273E-13
+2.2320000E+02	-2.9711249E-12	+3.1612051E-12
+2.2360000E+02	+6.2150788E-12	+6.6101208E-12
+2.2400000E+02	+1.0001312E-11	-6.9400675E-12
+2.2440000E+02	-5.4462733E-12	-1.1580743E-11
+2.2480000E+02	-1.0250988E-11	+2.7121844E-12
+2.2520000E+02	+1.9559592E-13	+5.8477580E-12
+2.2560000E+02	-7.3443509E-13	+7.5753253E-13
+2.2600000E+02	-5.3174982E-13	+7.8156689E-12
+2.2640000E+02	+1.3503158E-11	+3.7810511E-12
+2.2680000E+02	+7.8332485E-12	-1.6345255E-11
+2.2720000E+02	-1.5818824E-11	-1.1091204E-11
+2.2760000E+02	-1.2129271E-11	+1.2470079E-11
+2.2800000E+02	+7.6665812E-12	+1.0242057E-11
+2.2840000E+02	+5.7191172E-12	-3.0685332E-12
+2.2880000E+02	-3.0636309E-14	+2.5461667E-13
+2.2920000E+02	+6.0253199E-12	-8.3774657E-13
+2.2960000E+02	+2.0029234E-13	-1.0052181E-11
+2.3000000E+02	-1.1420848E-11	-2.2191426E-12
+2.3040000E+02	-4.0695486E-12	+1.0101681E-11
+2.3080000E+02	+6.8739970E-12	+4.8563908E-12
+2.3120000E+02	+4.2639637E-12	-2.9699619E-12
+2.3160000E+02	+4.0494458E-13	-2.6124691E-12
+2.3200000E+02	-6.4628331E-13	-2.4831056E-12
+2.3240000E+02	-3.1288448E-12	-8.3670599E-13
+2.3280000E+02	-1.3484747E-12	+2.7651015E-12
+2.3320000E+02	+2.0927406E-12	+9.1558549E-13
+2.3360000E+02	+4.9822212E-14	-1.7392873E-12
+2.3400000E+02	-1.9884682E-12	+4.8893863E-13
+2.3440000E+02	+2.7370349E-14	+2.6934166E-12
+2.3480000E+02	+3.3900682E-12	+1.7320629E-12
+2.3520000E+02	+4.5818326E-12	-3.5422549E-12
+2.3560000E+02	-2.8017399E-12	-7.8816744E-12
+2.3600000E+02	-1.0790509E-11	+1.1718610E-12
+2.3640000E+02	-9.8489579E-13	+1.2557179E-11
+2.3680000E+02	+1.2757236E-11	+3.0838537E-12
+2.3720000E+02	+4.5299384E-12	-1.1397655E-11
+2.3760000E+02	-8.8725129E-12	-4.9131344E-12
+2.3800000E+02	-4.1164551E-12	+5.8109715E-12
+2.3840000E+02	+2.8899351E-12	+2.3124268E-12
+2.3880000E+02	-1.2670292E-13	-6.7868975E-13
+2.3920000E+02	+4.4925490E-13	+2.7513862E-12
+2.3960000E+02	+5.1383568E-12	-3.4034478E-13
+2.4000000E+02	+9.5134550E-13	-6.9499974E-12
+2.4040000E+02	-7.9559626E-12	-3.1853375E-12
+2.4080000E+02	-5.9562461E-12	+8.0421395E-12
+2.4120000E+02	+7.2280305E-12	+8.7291097E-12
+2.4160000E+02	+1.0910497E-11	-5.6919773E-12
+2.4200000E+02	-3.7802363E-12	-1.1963996E-11
+2.4240000E+02	-1.1549765E-11	+1.9681035E-12
+2.4280000E+02	+7.5745801E-13	+9.6404162E-12
+2.4320000E+02	+6.5582285E-12	-5.2907555E-13
+2.4360000E+02	-1.4017275E-12	-2.9006121E-12
+2.4400000E+02	+6.3456294E-13	+3.1628291E-12
+2.4440000E+02	+5.3157655E-12	-3.4650365E-12
+2.4480000E+02	-5.2974294E-12	-7.2420486E-12
+2.4520000E+02	-8.4226482E-12	+6.1853184E-12
+2.4560000E+02	+6.4467904E-12	+8.6287375E-12
+2.4600000E+02	+7.9969895E-12	-6.4785583E-12
+2.4640000E+02	-6.5523876E-12	-6.9499848E-12
+2.4680000E+02	-5.9899266E-12	+6.6902199E-12
+2.4720000E+02	+6.6797545E-12	+5.4532445E-12
+2.4760000E+02	+5.3363529E-12	-6.2266050E-12
+2.4800000E+02	-5.1722342E-12	-5.2761687E-12
+2.4840000E+02	-4.7028643E-12	+3.6703471E-12
+2.4880000E+02	+2.2268101E-12	+3.1053248E-12
+2.4920000E+02	+2.9642948E-13	-1.5657946E-12
+2.4960000E+02	-2.3629626E-12	+3.4396896E-12
+2.5000000E+02	+7.3894510E-12	+4.9502600E-12
+2.5040000E+02	+9.1171246E-12	-1.0632814E-11
+2.5080000E+02	-1.2362670E-11	-1.4099416E-11
+2.5120000E+02	-1.8773618E-11	+1.2174258E-11
+2.5160000E+02	+1.0209799E-11	+2.1991017E-11
+2.5200000E+02	+2.2929830E-11	-7.1029654E-12
+2.5240000E+02	-3.7491976E-12	-2.1336309E-11
+2.5280000E+02	-1.7571092E-11	+9.9657670E-13
+2.5320000E+02	-6.2061759E-13	+1.2454468E-11
+2.5360000E+02	+6.9810665E-12	+1.0073667E-12
+2.5400000E+02	+4.5721901E-13	-2.0190935E-12
+2.5440000E+02	+1.8951974E-12	+5.3567088E-13
+2.5480000E+02	+1.5097299E-12	-4.6060892E-12
+2.5520000E+02	-6.2386917E-12	-2.2116826E-12
+2.5560000E+02	-2.6462992E-12	+7.0202030E-12
+2.5600000E+02	+7.1168249E-12	+2.9935398E-12
+2.5640000E+02	+3.4473677E-12	-6.5623136E-12
+2.5680000E+02	-5.3022239E-12	-4.0633163E-12
+2.5720000E+02	-4.6928900E-12	+3.3180019E-12
+2.5760000E+02	+7.5519856E-13	+5.0375369E-12
+2.5800000E+02	+4.7950903E-12	+2.0216961E-12
+2.5840000E+02	+4.4887546E-12	-3.8254007E-12
+2.5880000E+02	-2.2509780E-12	-6.1201644E-12
+2.5920000E+02	-6.5768828E-12	+4.3804663E-13
+2.5960000E+02	-1.1401223E-12	+5.8397073E-12
+2.6000000E+02	+4.2213892E-12	+2.0987321E-12
+2.6040000E+02	+2.3063903E-12	-2.2457476E-12
+2.6080000E+02	-4.4276417E-13	-1.9409737E-12
+2.6120000E+02	-1.4064291E-12	-8.5121141E-13
+2.6160000E+02	-1.5993062E-12	+1.1447131E-12
+2.6200000E+02	+1.4272590E-12	+2.0289964E-12
+2.6240000E+02	+2.4739478E-12	-2.2224879E-12
+2.6280000E+02	-3.2031074E-12	-3.1690044E-12
+2.6320000E+02	-4.0983831E-12	+3.8932749E-12
+2.6360000E+02	+3.8901197E-12	+4.9743097E-12
+2.6400000E+02	+5.3630209E-12	-3.0573256E-12
+2.6440000E+02	-1.5986029E-12	-4.9044469E-12
+2.6480000E+02	-3.5238570E-12	-2.7460260E-14
+2.6520000E+02	-1.3163368E-12	+1.5316656E-12
+2.6560000E+02	-4.4593165E-13	+1.9561871E-12
+2.6600000E+02	+1.9848871E-12	+1.6877193E-12
+2.6640000E+02	+1.6618774E-12	-1.7882040E-12
+2.6680000E+02	-1.9326260E-12	-2.5365773E-13
+2.6720000E+02	+2.1636422E-12	+2.9020770E-12
+2.6760000E+02	+4.8538219E-12	-4.8491130E-12
+2.6800000E+02	-6.9593761E-12	-7.5037694E-12
+2.6840000E+02	-1.0196744E-11	+7.8503409E-12
+2.6880000E+02	+7.2932604E-12	+1.2137236E-11
+2.6920000E+02	+1.2686307E-11	-5.5215824E-12
+2.6960000E+02	-3.0990662E-12	-1.1601730E-11
+2.7000000E+02	-9.1233137E-12	+6.7547964E-13
+2.7040000E+02	-1.2594757E-12	+5.8722249E-12
+2.7080000E+02	+2.6118843E-12	+2.5191135E-12
+2.7120000E+02	+3.2063185E-12	+2.5718014E-14
+2.7160000E+02	+1.7344479E-12	-3.5635627E-12
+2.7200000E+02	-3.7677372E-12	-2.5744117E-12
+2.7240000E+02	-2.8530708E-12	+3.7741614E-12
+2.7280000E+02	+3.2895619E-12	+2.9108765E-12
+2.7320000E+02	+2.9141560E-12	-1.8936342E-12
+2.7360000E+02	+7.3999333E-13	-2.7513116E-12
+2.7400000E+02	-2.0805469E-12	-4.6201143E-12
+2.7440000E+02	-9.3146263E-12	+5.0975373E-13
+2.7480000E+02	-2.1693199E-12	+1.3993275E-11
+2.7520000E+02	+1.7636915E-11	+5.7960216E-12
+2.7560000E+02	+9.7910143E-12	-1.9346830E-11
+2.7600000E+02	-1.8645387E-11	-1.3275419E-11
+2.7640000E+02	-1.5325847E-11	+1.5657963E-11
+2.7680000E+02	+1.1105887E-11	+1.5277346E-11
+2.7720000E+02	+1.2964038E-11	-6.1064072E-12
+2.7760000E+02	-1.8439169E-12	-8.8061068E-12
+2.7800000E+02	-3.7051300E-12	-7.7765274E-13
+2.7840000E+02	-1.3847391E-12	-1.2218757E-12
+2.7880000E+02	-4.9806199E-12	+2.0461960E-13
+2.7920000E+02	-2.0614511E-12	+6.9935766E-12
+2.7960000E+02	+7.2482707E-12	+4.5104336E-12
+2.8000000E+02	+6.3525709E-12	-6.2503661E-12
+2.8040000E+02	-4.8031302E-12	-7.1546754E-12
+2.8080000E+02	-6.9278772E-12	+3.6983927E-12
+2.8120000E+02	+3.4357914E-12	+6.0385344E-12
+2.8160000E+02	+4.9908454E-12	-4.0740264E-12
+2.8200000E+02	-5.2643853E-12	-4.1791531E-12
+2.8240000E+02	-3.7167437E-12	+6.4436698E-12
+2.8280000E+02	+7.1002414E-12	+3.4121068E-12
+2.8320000E+02	+2.8978234E-12	-6.9994066E-12
+2.8360000E+02	-6.2745442E-12	-1.8493505E-12
+2.8400000E+02	-1.9048683E-13	+5.3499580E-12
+2.8440000E+02	+4.7349617E-12	-1.8125553E-12
+2.8480000E+02	-3.6173296E-12	-4.7842338E-12
+2.8520000E+02	-5.5325614E-12	+4.6084503E-12
+2.8560000E+02	+4.3521135E-12	+6.6769530E-12
+2.8600000E+02	+7.7115763E-12	-2.7909059E-12
+2.8640000E+02	-2.9244433E-13	-8.1517222E-12
+2.8680000E+02	-7.7435769E-12	-2.4711779E-12
+2.8720000E+02	-4.7622840E-12	+6.5649519E-12
+2.8760000E+02	+4.9741411E-12	+6.0331582E-12
+2.8800000E+02	+6.0917838E-12	-3.4352790E-12
+2.8840000E+02	-2.3055877E-12	-5.1143739E-12
+2.8880000E+02	-3.5118149E-12	+1.6860185E-12
+2.8920000E+02	+1.4046991E-12	+1.7221624E-12
+2.8960000E+02	+3.0751411E-14	-1.1377678E-12
+2.9000000E+02	-6.0561599E-13	+1.4997117E-12
+2.9040000E+02	+2.9644789E-12	-2.5398796E-13
+2.9080000E+02	-1.2235211E-12	-4.4610132E-12
+2.9120000E+02	-5.9312343E-12	+1.8885413E-12
+2.9160000E+02	+1.8300549E-12	+7.0920279E-12
+2.9200000E+02	+7.5006617E-12	-8.3693547E-13
+2.9240000E+02	+9.6295504E-13	-6.7342877E-12
+2.9280000E+02	-4.6037894E-12	-3.1184426E-12
+2.9320000E+02	-5.0160879E-12	+1.3001998E-12
+2.9360000E+02	-2.6022586E-12	+6.1182745E-12
+2.9400000E+02	+6.1741026E-12	+6.3002628E-12
+2.9440000E+02	+9.0162130E-12	-5.3103844E-12
+2.9480000E+02	-3.9635272E-12	-1.0251393E-11
+2.9520000E+02	-9.9341251E-12	+2.6839624E-12
+2.9560000E+02	+1.9008803E-12	+8.4040919E-12
+2.9600000E+02	+6.2438820E-12	-1.7513616E-12
+2.9640000E+02	-2.0478220E-12	-4.0330799E-12
+2.9680000E+02	-2.1307432E-12	+2.3951490E-12
+2.9720000E+02	+2.4021794E-12	+5.7634871E-13
+2.9760000E+02	-8.5491782E-13	-1.8906882E-12
+2.9800000E+02	-1.0065519E-12	+2.4749344E-12
+2.9840000E+02	+4.4684679E-12	+1.8087153E-13
+2.9880000E+02	-4.5645800E-14	-6.7417382E-12
+2.9920000E+02	-8.9048057E-12	-7.3778620E-13
+2.9960000E+02	-2.6098306E-12	+1.0400040E-11
+3.0000000E+02	+1.0725328E-11	+5.2391434E-12
+3.0040000E+02	+7.9674307E-12	-9.6590379E-12
+3.0080000E+02	-7.3911192E-12	-1.0024798E-11
+3.0120000E+02	-1.0795377E-11	+4.5016145E-12
+3.0160000E+02	+1.7887875E-12	+1.0031143E-11
+3.0200000E+02	+7.9324981E-12	-9.1389511E-15
+3.0240000E+02	+3.7328846E-13	-5.0667619E-12
+3.0280000E+02	-2.1587306E-12	+6.6564525E-13
+3.0320000E+02	+2.7197763E-12	-1.6404081E-13
+3.0360000E+02	-1.5733607E-12	-5.1124667E-12
+3.0400000E+02	-7.1428384E-12	+2.1154728E-12
+3.0440000E+02	+2.1366627E-12	+8.3233915E-12
+3.0480000E+02	+8.5203635E-12	-2.0965952E-12
+3.0520000E+02	-2.3500247E-12	-7.9489613E-12
+3.0560000E+02	-7.0340941E-12	+2.9878169E-12
+3.0600000E+02	+3.8017379E-12	+6.2000025E-12
+3.0640000E+02	+5.6783361E-12	-4.3853265E-12
+3.0680000E+02	-4.3266570E-12	-5.4137626E-12
+3.0720000E+02	-5.1038706E-12	+3.4108414E-12
+3.0760000E+02	+1.7459960E-12	+4.3535400E-12
+3.0800000E+02	+2.8762829E-12	+2.4238192E-13
+3.0840000E+02	+1.9499664E-12	-6.5569684E-13
+3.0880000E+02	+2.0032082E-12	-2.8121399E-12
+3.0920000E+02	-2.5167618E-12	-4.5575068E-12
+3.0960000E+02	-6.4137696E-12	+1.1272455E-12
+3.1000000E+02	-9.3251162E-13	+7.1456047E-12
+3.1040000E+02	+6.6547796E-12	+3.0253291E-12
+3.1080000E+02	+4.5226617E-12	-5.2116422E-12
+3.1120000E+02	-3.3584807E-12	-5.0159959E-12
+3.1160000E+02	-4.4387814E-12	+1.7134388E-12
+3.1200000E+02	+7.5097069E-13	+3.0570341E-12
+3.1240000E+02	+1.3390344E-12	-6.4264608E-13
+3.1280000E+02	-1.2170246E-12	+2.3908250E-13
+3.1320000E+02	+1.3726504E-12	+2.0500357E-12
+3.1360000E+02	+2.6469354E-12	-2.0230103E-12
+3.1400000E+02	-2.3940089E-12	-2.6431047E-12
+3.1440000E+02	-1.9461441E-12	+2.8053209E-12
+3.1480000E+02	+3.5180677E-12	+7.6666572E-13
+3.1520000E+02	-4.7076684E-13	-4.5858652E-12
+3.1560000E+02	-5.7931711E-12	+1.2993705E-12
+3.1600000E+02	+1.3971811E-12	+6.7078989E-12
+3.1640000E+02	+6.8306916E-12	-7.1801774E-13
+3.1680000E+02	+4.8239570E-13	-5.7859856E-12
+3.1720000E+02	-3.4836737E-12	-1.7340075E-12
+3.1760000E+02	-2.5205141E-12	+1.9026357E-13
+3.1800000E+02	-3.5193258E-12	+2.4658518E-12
+3.1840000E+02	+1.4712899E-12	+6.9157973E-12
+3.1880000E+02	+9.3245607E-12	+2.4586475E-13
+3.1920000E+02	+2.2248867E-12	-1.0320040E-11
+3.1960000E+02	-9.8409463E-12	-3.9184573E-12
+3.2000000E+02	-4.8769056E-12	+8.1901368E-12
+3.2040000E+02	+5.9227466E-12	+4.8942436E-12
+3.2080000E+02	+4.0653361E-12	-3.6642883E-12
+3.2120000E+02	-1.9228619E-12	-2.7366510E-12
+3.2160000E+02	-1.3720790E-12	+9.5872877E-13
+3.2200000E+02	+7.5092575E-13	+3.8583453E-13
+3.2240000E+02	+5.0963761E-15	-1.0633511E-12
+3.2280000E+02	-1.5759896E-12	-2.1184219E-13
+3.2320000E+02	-7.8141108E-13	+2.0246289E-12
+3.2360000E+02	+2.2929871E-12	+1.3971258E-12
+3.2400000E+02	+1.7909054E-12	-2.4240623E-12
+3.2440000E+02	-2.5532382E-12	-1.8509445E-12
+3.2480000E+02	-1.6528275E-12	+2.7994443E-12
+3.2520000E+02	+3.1683777E-12	+1.4036488E-12
+3.2560000E+02	+1.3260915E-12	-3.5158870E-12
+3.2600000E+02	-3.5924392E-12	-1.5353147E-12
+3.2640000E+02	-1.9648288E-12	+3.1525935E-12
+3.2680000E+02	+2.0824917E-12	+2.3766323E-12
+3.2720000E+02	+2.4543417E-12	-4.8719758E-13
+3.2760000E+02	+1.3062652E-12	-1.9413019E-12
+3.2800000E+02	-7.6448602E-13	-2.8403466E-12
+3.2840000E+02	-3.6830313E-12	-9.1120404E-13
+3.2880000E+02	-2.7259542E-12	+3.5894868E-12
+3.2920000E+02	+2.6045215E-12	+4.2527579E-12
+3.2960000E+02	+5.1609924E-12	-1.0618642E-12
+3.3000000E+02	+5.2434562E-13	-5.3500904E-12
+3.3040000E+02	-4.9973188E-12	-1.6381674E-12
+3.3080000E+02	-1.9446670E-12	+4.4965506E-12
+3.3120000E+02	+4.3078571E-12	+1.4082592E-12
+3.3160000E+02	+3.0181280E-13	-4.7736392E-12
+3.3200000E+02	-5.9715550E-12	+8.9707703E-13
+3.3240000E+02	+1.6837964E-12	+7.6619164E-12
+3.3280000E+02	+9.3523671E-12	-1.7121265E-12
+3.3320000E+02	-9.1891479E-13	-1.0458930E-11
+3.3360000E+02	-1.0506516E-11	-4.5697328E-13
+3.3400000E+02	-1.9665598E-12	+9.2971485E-12
+3.3440000E+02	+6.9857041E-12	+3.1176267E-12
+3.3480000E+02	+3.5536647E-12	-4.0363562E-12
+3.3520000E+02	-1.0755894E-12	-3.1786905E-12
+3.3560000E+02	-2.1828286E-12	-1.3059004E-12
+3.3600000E+02	-2.7329199E-12	+9.6089230E-13
+3.3640000E+02	-4.4113314E-14	+3.1454899E-12
+3.3680000E+02	+2.7866410E-12	+5.1312261E-13
+3.3720000E+02	+3.7388304E-13	-2.0869461E-12
+3.3760000E+02	-1.4911888E-12	+1.7182980E-13
+3.3800000E+02	+7.2741469E-13	+1.2923232E-12
+3.3840000E+02	+1.5336686E-12	-8.5802672E-13
+3.3880000E+02	-2.6612258E-13	-2.0137607E-12
+3.3920000E+02	-2.3891993E-12	-1.0804714E-12
+3.3960000E+02	-2.9178008E-12	+2.3336127E-12
+3.4000000E+02	+1.6893618E-12	+4.7666372E-12
+3.4040000E+02	+6.0976346E-12	-5.5109657E-13
+3.4080000E+02	+7.5383627E-13	-6.5211811E-12
+3.4120000E+02	-5.9316922E-12	-1.7832648E-12
+3.4160000E+02	-2.1525962E-12	+4.5516209E-12
+3.4200000E+02	+2.8569448E-12	+1.6951188E-12
+3.4240000E+02	+5.4597767E-13	-1.4100085E-12
+3.4280000E+02	-6.6076991E-13	+8.8689005E-13
+3.4320000E+02	+2.0588717E-12	+7.9011978E-13
+3.4360000E+02	+1.6537423E-12	-2.4840978E-12
+3.4400000E+02	-1.9178432E-12	-2.8472872E-12
+3.4440000E+02	-3.8675676E-12	+4.5624387E-13
+3.4480000E+02	-1.4867644E-12	+4.3077328E-12
+3.4520000E+02	+4.0112479E-12	+3.3196797E-12
+3.4560000E+02	+4.4807382E-12	-3.1253919E-12
+3.4600000E+02	-2.0339717E-12	-4.6361036E-12
+3.4640000E+02	-3.7954140E-12	+1.1960235E-12
+3.4680000E+02	+9.5411304E-13	+2.3018799E-12
+3.4720000E+02	+7.0128865E-13	-1.3879604E-12
+3.4760000E+02	-2.2716552E-12	+4.6019486E-13
+3.4800000E+02	+8.3316163E-13	+3.1523995E-12
+3.4840000E+02	+3.5212594E-12	-3.8365156E-13
+3.4880000E+02	+6.0908998E-13	-3.0103760E-12
+3.4920000E+02	-1.5405816E-12	-1.6715569E-12
+3.4960000E+02	-2.3230436E-12	-6.3755604E-13
+3.5000000E+02	-3.0250931E-12	+2.2574044E-12
+3.5040000E+02	+1.4501236E-12	+5.0472438E-12
+3.5080000E+02	+6.2512361E-12	-1.5217242E-13
+3.5120000E+02	+1.2226720E-12	-6.4548172E-12
+3.5160000E+02	-5.7909066E-12	-2.2687828E-12
+3.5200000E+02	-2.7479588E-12	+4.6348535E-12
+3.5240000E+02	+3.4462861E-12	+2.6734922E-12
+3.5280000E+02	+2.2870971E-12	-2.5897760E-12
+3.5320000E+02	-2.2050621E-12	-1.9406422E-12
+3.5360000E+02	-1.9331802E-12	+2.1761555E-12
+3.5400000E+02	+2.2081030E-12	+2.3716223E-12
+3.5440000E+02	+3.1135612E-12	-1.9767764E-12
+3.5480000E+02	-1.2880594E-12	-3.8172167E-12
+3.5520000E+02	-4.0797572E-12	+1.7964065E-13
+3.5560000E+02	-1.0775700E-12	+3.6088585E-12
+3.5600000E+02	+2.3579480E-12	+2.0802586E-12
+3.5640000E+02	+2.4556820E-12	-5.6903321E-13
+3.5680000E+02	+1.2968728E-12	-2.0208409E-12
+3.5720000E+02	-8.7251500E-13	-2.7172407E-12
+3.5760000E+02	-3.2938085E-12	-6.3021377E-13
+3.5800000E+02	-1.9867192E-12	+2.8953019E-12
+3.5840000E+02	+1.7021746E-12	+2.7334441E-12
+3.5880000E+02	+2.6116671E-12	-1.3656960E-13
+3.5920000E+02	+1.2946539E-12	-1.6597198E-12
+3.5960000E+02	-1.9461362E-13	-2.1826035E-12
+3.6000000E+02	-2.3546120E-12	-1.3085745E-12
+3.6040000E+02	-2.3915394E-12	+1.9168296E-12
+3.6080000E+02	+1.1887058E-12	+2.7736767E-12
+3.6120000E+02	+2.4382353E-12	-5.5975776E-13
+3.6160000E+02	-3.2861960E-13	-1.6140948E-12
+3.6200000E+02	-6.6576569E-13	+5.8904851E-13
+3.6240000E+02	+1.2060450E-12	-5.9982852E-14
+3.6280000E+02	-3.6743659E-13	-1.8869768E-12
+3.6320000E+02	-2.3137263E-12	+2.7303434E-13
+3.6360000E+02	-2.5766970E-14	+2.2784136E-12
+3.6400000E+02	+1.7664020E-12	+2.5485054E-13
+3.6440000E+02	+1.9255091E-13	-9.5476656E-13
+3.6480000E+02	-1.3118438E-13	+2.3284892E-13
+3.6520000E+02	+9.1736155E-13	-4.2859851E-13
+3.6560000E+02	-5.7086055E-13	-1.6347432E-12
+3.6600000E+02	-2.1419969E-12	+3.1554720E-13
+3.6640000E+02	-1.6928476E-13	+2.2881315E-12
+3.6680000E+02	+2.0776418E-12	+6.5464331E-13
+3.6720000E+02	+9.5749072E-13	-1.6616495E-12
+3.6760000E+02	-1.2624821E-12	-1.0183312E-12
+3.6800000E+02	-9.1523362E-13	+1.0670980E-12
+3.6840000E+02	+1.1382868E-12	+8.0971436E-13
+3.6880000E+02	+8.5121374E-13	-1.3842594E-12
+3.6920000E+02	-1.6009653E-12	-1.0859723E-12
+3.6960000E+02	-1.4145723E-12	+1.5688291E-12
+3.7000000E+02	+1.1609197E-12	+1.6209170E-12
+3.7040000E+02	+1.4633413E-12	-4.1363811E-13
+3.7080000E+02	+4.7346339E-13	-7.8985920E-13
+3.7120000E+02	+3.7312926E-13	-1.2117102E-12
+3.7160000E+02	-1.5418417E-12	-1.8002416E-12
+3.7200000E+02	-3.1287473E-12	+1.3473713E-12
+3.7240000E+02	+7.1361399E-13	+3.9821141E-12
+3.7280000E+02	+4.1081514E-12	+9.5246472E-14
+3.7320000E+02	+7.3488005E-13	-3.4764242E-12
+3.7360000E+02	-2.2943339E-12	-9.1708002E-13
+3.7400000E+02	-5.2845266E-13	+9.3308573E-13
+3.7440000E+02	-2.0909590E-13	-3.1797442E-13
+3.7480000E+02	-1.3214849E-12	+8.5342164E-13
+3.7520000E+02	+9.3893205E-13	+2.1095754E-12
+3.7560000E+02	+2.3859985E-12	-6.3371259E-13
+3.7600000E+02	-2.5443089E-13	-2.0517404E-12
+3.7640000E+02	-1.2493217E-12	+1.2651850E-13
+3.7680000E+02	+4.4149862E-13	+3.1068656E-13
+3.7720000E+02	-3.7261726E-13	-1.1696206E-12
+3.7760000E+02	-2.0642035E-12	+5.0662550E-13
+3.7800000E+02	+1.7138466E-14	+2.7574208E-12
+3.7840000E+02	+2.9102467E-12	+9.1279083E-13
+3.7880000E+02	+1.9070411E-12	-2.3567642E-12
+3.7920000E+02	-1.1841771E-12	-2.5392704E-12
+3.7960000E+02	-2.4999047E-12	-2.8551715E-13
+3.8000000E+02	-1.6076795E-12	+1.7222697E-12
+3.8040000E+02	+4.1778459E-13	+2.3791598E-12
+3.8080000E+02	+2.3912269E-12	+9.9516165E-13
+3.8120000E+02	+2.0429667E-12	-1.7113896E-12
+3.8160000E+02	-6.6101078E-13	-2.3720838E-12
+3.8200000E+02	-1.8811727E-12	-3.0433300E-13
+3.8240000E+02	-7.6707390E-13	+7.5968903E-13
+3.8280000E+02	-5.8186445E-13	+5.0709669E-13
+3.8320000E+02	-4.1248449E-13	+1.6634624E-12
+3.8360000E+02	+2.1112628E-12	+1.6661505E-12
+3.8400000E+02	+2.7856909E-12	-1.7911123E-12
+3.8440000E+02	-8.5018496E-13	-3.3334673E-12
+3.8480000E+02	-3.0637709E-12	-3.4732622E-13
+3.8520000E+02	-1.3640004E-12	+2.0118523E-12
+3.8560000E+02	+4.7825695E-13	+1.8561676E-12
+3.8600000E+02	+1.7000455E-12	+1.0838397E-12
+3.8640000E+02	+2.2340850E-12	-1.0300114E-12
+3.8680000E+02	-1.7677386E-13	-2.6999650E-12
+3.8720000E+02	-2.4636809E-12	-4.6801592E-13
+3.8760000E+02	-6.0649403E-13	+1.7506346E-12
+3.8800000E+02	+9.2762825E-13	+1.4837436E-13
+3.8840000E+02	-7.5902746E-13	-3.5309732E-13
+3.8880000E+02	-2.3865173E-13	+1.7937102E-12
+3.8920000E+02	+2.5876466E-12	+5.7477423E-13
+3.8960000E+02	+1.1468433E-12	-2.8691590E-12
+3.9000000E+02	-2.5631252E-12	-1.6316410E-12
+3.9040000E+02	-1.7334734E-12	+1.8112265E-12
+3.9080000E+02	+9.0688415E-13	+1.3049463E-12
+3.9120000E+02	+4.0532427E-13	-1.7319063E-13
+3.9160000E+02	+1.6621344E-13	+7.2448305E-13
+3.9200000E+02	+1.7577094E-12	-7.1976485E-14
+3.9240000E+02	+3.0284720E-13	-2.4081508E-12
+3.9280000E+02	-2.5362303E-12	-6.8257822E-13
+3.9320000E+02	-7.8680064E-13	+2.1934219E-12
+3.9360000E+02	+1.5895712E-12	+4.4812771E-13
+3.9400000E+02	-3.1729114E-13	-9.9890757E-13
+3.9440000E+02	-6.4465184E-13	+1.3139000E-12
+3.9480000E+02	+2.2426950E-12	+6.0962283E-13
+3.9520000E+02	+8.0854269E-13	-2.8177766E-12
+3.9560000E+02	-2.8768069E-12	-1.0319305E-12
+3.9600000E+02	-1.0422070E-12	+2.4420374E-12
+3.9640000E+02	+1.7089826E-12	+6.8171747E-13
+3.9680000E+02	-5.1950957E-14	-9.6879546E-13
+3.9720000E+02	-4.9628452E-13	+9.9426555E-13
+3.9760000E+02	+1.8706182E-12	+4.4811303E-13
+3.9800000E+02	+8.1038827E-13	-2.3991173E-12
+3.9840000E+02	-2.3984428E-12	-1.4141714E-12
+3.9880000E+02	-2.0100380E-12	+1.8582155E-12
+3.9920000E+02	+9.4455069E-13	+2.3697798E-12
+3.9960000E+02	+2.3737227E-12	+6.0724931E-14
+4.0000000E+02	+8.6275447E-13	-2.0494131E-12
