+0.0000000E+00	+1.7699964E-07	+0.0000000E+00
+4.0000000E-01	+1.4353619E-07	-8.8075966E-08
+8.0000000E-01	+8.3899015E-08	-1.2994097E-07
+1.2000000E+00	+3.0386025E-08	-1.5489492E-07
+1.6000000E+00	-4.7123008E-08	-1.6889742E-07
+2.0000000E+00	-1.3625993E-07	-1.2641556E-07
+2.4000000E+00	-1.7858454E-07	-3.8174588E-08
+2.8000000E+00	-1.7315285E-07	+4.5250399E-08
+3.2000000E+00	-1.4329893E-07	+1.2287057E-07
+3.6000000E+00	-6.8976404E-08	+1.9319754E-07
+4.0000000E+00	+4.6660198E-08	+2.0925820E-07
+4.4000000E+00	+1.5042812E-07	+1.5516405E-07
+4.8000000E+00	+2.1171470E-07	+5.8302660E-08
+5.2000000E+00	+2.1745808E-07	-6.3618934E-08
+5.6000000E+00	+1.4789274E-07	-1.7376564E-07
+6.0000000E+00	+3.1266669E-08	-2.2002820E-07
+6.4000000E+00	-8.3786324E-08	-2.0600058E-07
+6.8000000E+00	-1.9545011E-07	-1.3734410E-07
+7.2000000E+00	-2.5476926E-07	+2.1678586E-08
+7.6000000E+00	-1.5389252E-07	+1.9255178E-07
+8.0000000E+00	+4.0790074E-08	+1.9430352E-07
+8.4000000E+00	+1.0650354E-07	+5.3192803E-08
+8.8000000E+00	+3.0796410E-08	-6.8400313E-09
+9.2000000E+00	+1.2292935E-08	+4.2292953E-08
+9.6000000E+00	+6.9692431E-08	+3.2738951E-08
+1.0000000E+01	+5.9551792E-08	-3.1573381E-08
+1.0400000E+01	+9.5714514E-09	-2.5677968E-08
+1.0800000E+01	+2.6948811E-08	+2.9385540E-09
+1.1200000E+01	+4.8720748E-08	-3.2779883E-08
+1.1600000E+01	+1.0965444E-08	-5.8789490E-08
+1.2000000E+01	-5.8355919E-09	-3.8130242E-08
+1.2400000E+01	+3.8446384E-09	-5.4905268E-08
+1.2800000E+01	-4.7909548E-08	-8.1378719E-08
+1.3200000E+01	-1.0391493E-07	-2.6155126E-08
+1.3600000E+01	-7.5595054E-08	+3.0399538E-08
+1.4000000E+01	-6.6608019E-08	+1.3827310E-08
+1.4400000E+01	-1.3210508E-07	+6.2255932E-08
+1.4800000E+01	-8.6298706E-08	+2.2522013E-07
+1.5200000E+01	+1.4663073E-07	+2.7373786E-07
+1.5600000E+01	+3.2986364E-07	+7.5749312E-08
+1.6000000E+01	+2.7401455E-07	-1.8076442E-07
+1.6400000E+01	+7.0901696E-08	-2.8741207E-07
+1.6800000E+01	-1.1120753E-07	-2.3171922E-07
+1.7200000E+01	-1.9112175E-07	-9.8221386E-08
+1.7600000E+01	-1.6795592E-07	+1.6649695E-08
+1.8000000E+01	-1.1804843E-07	+6.2914396E-08
+1.8400000E+01	-9.5641725E-08	+9.7811927E-08
+1.8800000E+01	-3.6860775E-08	+1.5647432E-07
+1.9200000E+01	+7.9753375E-08	+1.4583108E-07
+1.9600000E+01	+1.3161480E-07	+4.0696881E-08
+2.0000000E+01	+8.2601792E-08	-2.4843811E-08
+2.0400000E+01	+6.1040666E-08	-1.3661686E-08
+2.0800000E+01	+9.0226073E-08	-4.6135602E-08
+2.1200000E+01	+4.8294769E-08	-1.2951225E-07
+2.1600000E+01	-7.2088127E-08	-1.3606383E-07
+2.2000000E+01	-1.5214279E-07	-3.5124264E-08
+2.2400000E+01	-1.2627383E-07	+9.6891361E-08
+2.2800000E+01	+8.6174476E-09	+1.7158669E-07
+2.3200000E+01	+1.7500336E-07	+8.4376237E-08
+2.3600000E+01	+1.7205906E-07	-1.3915571E-07
+2.4000000E+01	-5.6854862E-08	-2.3431361E-07
+2.4400000E+01	-2.3104675E-07	-5.6907187E-08
+2.4800000E+01	-1.4245426E-07	+1.4113167E-07
+2.5200000E+01	+9.2879147E-09	+1.3144115E-07
+2.5600000E+01	+1.9087201E-08	+6.7263004E-08
+2.6000000E+01	+2.1085854E-08	+1.0785723E-07
+2.6400000E+01	+1.3601238E-07	+1.1074182E-07
+2.6800000E+01	+2.0621228E-07	-3.3083979E-08
+2.7200000E+01	+1.1071195E-07	-1.6941565E-07
+2.7600000E+01	-2.8923049E-08	-1.6184951E-07
+2.8000000E+01	-7.5318249E-08	-8.1269784E-08
+2.8400000E+01	-5.0770995E-08	-5.2377256E-08
+2.8800000E+01	-7.0874561E-08	-9.1201180E-08
+2.9200000E+01	-1.9246585E-07	-7.3953135E-08
+2.9600000E+01	-2.7473527E-07	+1.1983433E-07
+3.0000000E+01	-1.0748433E-07	+3.5234158E-07
+3.0400000E+01	+2.1995802E-07	+3.2403531E-07
+3.0800000E+01	+3.6187223E-07	+3.3924552E-08
+3.1200000E+01	+2.2225567E-07	-1.9749209E-07
+3.1600000E+01	+3.3911352E-08	-2.2209312E-07
+3.2000000E+01	-7.1355443E-08	-1.6398261E-07
+3.2400000E+01	-1.3368226E-07	-8.2695573E-08
+3.2800000E+01	-1.2279650E-07	+2.3803259E-08
+3.3200000E+01	-3.9967518E-08	+5.3934697E-08
+3.3600000E+01	-2.7029118E-08	+4.4289707E-09
+3.4000000E+01	-8.0446243E-08	+3.6724180E-08
+3.4400000E+01	-2.3594034E-08	+1.2920575E-07
+3.4800000E+01	+1.0512559E-07	+8.8960875E-08
+3.5200000E+01	+1.0353622E-07	-3.9873165E-08
+3.5600000E+01	+1.3031048E-08	-6.4698499E-08
+3.6000000E+01	-5.6047133E-09	-2.7877559E-08
+3.6400000E+01	-1.0678877E-08	-4.5643788E-08
+3.6800000E+01	-7.8387029E-08	-2.7949002E-08
+3.7200000E+01	-8.3389785E-08	+8.0805544E-08
+3.7600000E+01	+3.2273177E-08	+1.3682093E-07
+3.8000000E+01	+1.4171541E-07	+6.8588808E-08
+3.8400000E+01	+1.7202875E-07	-5.4915972E-08
+3.8800000E+01	+1.0720194E-07	-1.9497100E-07
+3.9200000E+01	-9.2527963E-08	-2.5345493E-07
+3.9600000E+01	-2.8088188E-07	-8.2857317E-08
+4.0000000E+01	-2.0681770E-07	+1.6976248E-07
+4.0400000E+01	+1.5724153E-08	+1.8681739E-07
+4.0800000E+01	+5.1079872E-08	+4.6438143E-08
+4.1200000E+01	-3.4711414E-08	+6.9639031E-08
+4.1600000E+01	+6.0467574E-08	+1.7580852E-07
+4.2000000E+01	+2.3460651E-07	+6.8349932E-08
+4.2400000E+01	+1.8927964E-07	-1.4564469E-07
+4.2800000E+01	+1.4932892E-08	-1.7931067E-07
+4.3200000E+01	-3.9822489E-08	-1.0071955E-07
+4.3600000E+01	-3.5536491E-08	-1.0229131E-07
+4.4000000E+01	-1.1447957E-07	-1.1236876E-07
+4.4400000E+01	-1.9377904E-07	-1.5780509E-08
+4.4800000E+01	-1.6913050E-07	+1.1784964E-07
+4.5200000E+01	-6.5375161E-08	+2.0485460E-07
+4.5600000E+01	+8.6659185E-08	+2.1357023E-07
+4.6000000E+01	+2.2004427E-07	+9.1956386E-08
+4.6400000E+01	+1.9765186E-07	-9.9810482E-08
+4.6800000E+01	+3.8038741E-08	-1.7104594E-07
+4.7200000E+01	-6.1972759E-08	-9.2745904E-08
+4.7600000E+01	-4.8881302E-08	-3.1591301E-08
+4.8000000E+01	-5.0246398E-08	-3.2768607E-08
+4.8400000E+01	-8.2820092E-08	+6.3649485E-09
+4.8800000E+01	-4.9400534E-08	+7.6584096E-08
+4.9200000E+01	+3.3069146E-08	+7.8408360E-08
+4.9600000E+01	+7.2073124E-08	+1.8033843E-08
+5.0000000E+01	+5.7118349E-08	-3.7701019E-08
+5.0400000E+01	+1.4299121E-08	-7.0768270E-08
+5.0800000E+01	-4.7580220E-08	-6.4966094E-08
+5.1200000E+01	-8.2932017E-08	-7.4484367E-09
+5.1600000E+01	-5.7930925E-08	+4.5851013E-08
+5.2000000E+01	-2.6290489E-08	+5.3506762E-08
+5.2400000E+01	-2.1338257E-08	+6.9363865E-08
+5.2800000E+01	+2.5300489E-08	+1.1478179E-07
+5.3200000E+01	+1.3811918E-07	+9.4571204E-08
+5.3600000E+01	+2.0094651E-07	-4.5430478E-08
+5.4000000E+01	+1.1119651E-07	-1.9655125E-07
+5.4400000E+01	-6.7822555E-08	-2.1396266E-07
+5.4800000E+01	-1.8073076E-07	-9.1605742E-08
+5.5200000E+01	-1.5767967E-07	+4.3232038E-08
+5.5600000E+01	-7.6657824E-08	+8.7180363E-08
+5.6000000E+01	-4.1877685E-08	+7.6280745E-08
+5.6400000E+01	-3.4135313E-08	+1.0233465E-07
+5.6800000E+01	+3.6063731E-08	+1.4311426E-07
+5.7200000E+01	+1.4421893E-07	+9.3829678E-08
+5.7600000E+01	+1.6555004E-07	-3.5333705E-08
+5.8000000E+01	+8.2677293E-08	-1.1424430E-07
+5.8400000E+01	+9.8589530E-09	-1.0328836E-07
+5.8800000E+01	-1.2233651E-08	-9.2608255E-08
+5.9200000E+01	-6.2579350E-08	-1.0491404E-07
+5.9600000E+01	-1.4592108E-07	-4.8873675E-08
+6.0000000E+01	-1.4456751E-07	+8.2027786E-08
+6.0400000E+01	-2.6663850E-08	+1.5151762E-07
+6.0800000E+01	+7.7100894E-08	+9.4080138E-08
+6.1200000E+01	+8.1537687E-08	+1.2185718E-08
+6.1600000E+01	+5.5721352E-08	-1.6220920E-08
+6.2000000E+01	+4.7871562E-08	-4.1668542E-08
+6.2400000E+01	+2.0614275E-09	-7.6928421E-08
+6.2800000E+01	-6.9921128E-08	-4.2875367E-08
+6.3200000E+01	-6.3303252E-08	+4.1134543E-08
+6.3600000E+01	+5.2916188E-09	+5.6113005E-08
+6.4000000E+01	+1.8173805E-08	+1.9515070E-08
+6.4400000E+01	+8.9446182E-09	+3.9811366E-08
+6.4800000E+01	+8.3222572E-08	+5.0141024E-08
+6.5200000E+01	+1.3413465E-07	-7.0365367E-08
+6.5600000E+01	+6.8452686E-09	-1.8527947E-07
+6.6000000E+01	-1.5648876E-07	-9.9779767E-08
+6.6400000E+01	-1.3397172E-07	+6.2115197E-08
+6.6800000E+01	-2.1683564E-08	+7.6796527E-08
+6.7200000E+01	-2.2714902E-08	+2.0717530E-08
+6.7600000E+01	-6.3814397E-08	+7.0276653E-08
+6.8000000E+01	+1.4012785E-08	+1.4727249E-07
+6.8400000E+01	+1.3638996E-07	+9.9479532E-08
+6.8800000E+01	+1.6123622E-07	-2.0760226E-08
+6.9200000E+01	+1.0907990E-07	-1.0094842E-07
+6.9600000E+01	+4.2013465E-08	-1.4066102E-07
+7.0000000E+01	-4.4369136E-08	-1.4884216E-07
+7.0400000E+01	-1.2794919E-07	-9.5998160E-08
+7.0800000E+01	-1.5775933E-07	-1.7651673E-09
+7.1200000E+01	-1.2949317E-07	+8.9177371E-08
+7.1600000E+01	-4.8342886E-08	+1.5392096E-07
+7.2000000E+01	+7.0625718E-08	+1.4218802E-07
+7.2400000E+01	+1.3172088E-07	+3.4136954E-08
+7.2800000E+01	+7.0555236E-08	-5.4886772E-08
+7.3200000E+01	-5.2865963E-10	-2.5890325E-08
+7.3600000E+01	+3.5025813E-08	+2.0160344E-08
+7.4000000E+01	+8.5431483E-08	-4.0648357E-08
+7.4400000E+01	+1.9638422E-08	-1.2491128E-07
+7.4800000E+01	-9.5292734E-08	-9.3142048E-08
+7.5200000E+01	-1.1891367E-07	+1.6397044E-08
+7.5600000E+01	-5.5380086E-08	+8.0162663E-08
+7.6000000E+01	+7.7594114E-09	+7.8521300E-08
+7.6400000E+01	+5.1010412E-08	+5.5665230E-08
+7.6800000E+01	+8.6878388E-08	+4.8181238E-09
+7.7200000E+01	+6.7431151E-08	-8.2460816E-08
+7.7600000E+01	-4.3838689E-08	-1.2128761E-07
+7.8000000E+01	-1.4693505E-07	-2.4210227E-08
+7.8400000E+01	-9.9559643E-08	+1.2330862E-07
+7.8800000E+01	+5.0906092E-08	+1.4049370E-07
+7.9200000E+01	+1.1362286E-07	+3.0891810E-08
+7.9600000E+01	+6.3654097E-08	-3.0657681E-08
+8.0000000E+01	+4.9208507E-08	-1.9506761E-08
+8.0400000E+01	+6.7202137E-08	-6.5925871E-08
+8.0800000E+01	-1.4929760E-08	-1.2555215E-07
+8.1200000E+01	-1.1408320E-07	-4.5281092E-08
+8.1600000E+01	-4.9191812E-08	+6.3280966E-08
+8.2000000E+01	+4.7207212E-08	-7.5473169E-09
+8.2400000E+01	-5.8101009E-08	-1.0680501E-07
+8.2800000E+01	-2.0056371E-07	+2.8717765E-08
+8.3200000E+01	-8.2658239E-08	+2.3651104E-07
+8.3600000E+01	+1.5992061E-07	+1.9304505E-07
+8.4000000E+01	+2.0512202E-07	-1.2569463E-08
+8.4400000E+01	+9.6969282E-08	-9.7588153E-08
+8.4800000E+01	+5.1265349E-08	-8.7399594E-08
+8.5200000E+01	+2.4350729E-08	-1.3054249E-07
+8.5600000E+01	-9.1826842E-08	-1.4096418E-07
+8.6000000E+01	-1.7226798E-07	-1.5272806E-08
+8.6400000E+01	-9.5706108E-08	+1.0938417E-07
+8.6800000E+01	+2.0072058E-08	+9.5107269E-08
+8.7200000E+01	+3.8632076E-08	+2.2149900E-08
+8.7600000E+01	+2.9122764E-09	+6.4962562E-09
+8.8000000E+01	-8.9744676E-11	+3.2102549E-08
+8.8400000E+01	+3.1208992E-08	+3.9444313E-08
+8.8800000E+01	+6.1247983E-08	+1.3130833E-08
+8.9200000E+01	+6.3719562E-08	-3.5771829E-08
+8.9600000E+01	+2.2504171E-08	-7.8713913E-08
+9.0000000E+01	-4.7180053E-08	-7.4965802E-08
+9.0400000E+01	-9.3483073E-08	-1.0480168E-08
+9.0800000E+01	-6.6408381E-08	+7.4500174E-08
+9.1200000E+01	+2.8595214E-08	+1.0249242E-07
+9.1600000E+01	+1.0832160E-07	+3.1470380E-08
+9.2000000E+01	+8.8343896E-08	-7.5686701E-08
+9.2400000E+01	-7.0215106E-09	-1.1464519E-07
+9.2800000E+01	-8.4979194E-08	-7.0367678E-08
+9.3200000E+01	-1.0991020E-07	+2.7824948E-09
+9.3600000E+01	-8.7732959E-08	+7.9363286E-08
+9.4000000E+01	-5.3903879E-09	+1.2802817E-07
+9.4400000E+01	+9.4000804E-08	+8.4977635E-08
+9.4800000E+01	+1.0444621E-07	-2.0382647E-08
+9.5200000E+01	+2.8869910E-08	-6.2367970E-08
+9.5600000E+01	-1.0998028E-08	-2.0527278E-08
+9.6000000E+01	+1.6321295E-08	+2.9489406E-09
+9.6400000E+01	+3.5615788E-08	-2.1751190E-08
+9.6800000E+01	+2.8962167E-08	-5.1320747E-08
+9.7200000E+01	+2.7167362E-09	-9.1768204E-08
+9.7600000E+01	-9.0932502E-08	-1.1269612E-07
+9.8000000E+01	-1.9902883E-07	-5.4239797E-09
+9.8400000E+01	-1.4506942E-07	+1.8431932E-07
+9.8800000E+01	+6.6087881E-08	+2.2927179E-07
+9.9200000E+01	+1.9613489E-07	+7.5465168E-08
+9.9600000E+01	+1.4335579E-07	-7.2923691E-08
+1.0000000E+02	+4.9825498E-08	-1.0270226E-07
+1.0040000E+02	-1.8351719E-09	-9.5786749E-08
+1.0080000E+02	-5.9799537E-08	-7.8179930E-08
+1.0120000E+02	-9.3399106E-08	-2.9235840E-09
+1.0160000E+02	-3.5974978E-08	+6.2478470E-08
+1.0200000E+02	+3.3073324E-08	+2.8760539E-08
+1.0240000E+02	+1.1573437E-08	-3.0885404E-08
+1.0280000E+02	-4.1844118E-08	-1.4237872E-08
+1.0320000E+02	-3.5366472E-08	+3.6979268E-08
+1.0360000E+02	+6.4093146E-09	+4.9639890E-08
+1.0400000E+02	+3.7336121E-08	+3.3111633E-08
+1.0440000E+02	+5.8244727E-08	-1.4291459E-09
+1.0480000E+02	+4.1446334E-08	-5.9164100E-08
+1.0520000E+02	-3.9118210E-08	-7.8390963E-08
+1.0560000E+02	-1.0333741E-07	+1.9398472E-09
+1.0600000E+02	-5.0327340E-08	+1.0706935E-07
+1.0640000E+02	+7.5426396E-08	+1.0512908E-07
+1.0680000E+02	+1.3292155E-07	-6.4542647E-09
+1.0720000E+02	+7.1671969E-08	-1.0540579E-07
+1.0760000E+02	-2.7106466E-08	-1.1016151E-07
+1.0800000E+02	-7.8364033E-08	-5.4850897E-08
+1.0840000E+02	-8.2776304E-08	-2.9888482E-09
+1.0880000E+02	-7.2215213E-08	+3.8700105E-08
+1.0920000E+02	-3.6265769E-08	+7.8663256E-08
+1.0960000E+02	+2.9020745E-08	+7.7798254E-08
+1.1000000E+02	+5.8854043E-08	+1.9531495E-08
+1.1040000E+02	+1.6450713E-08	-1.5432608E-08
+1.1080000E+02	-9.2227904E-09	+2.9817265E-08
+1.1120000E+02	+5.8294059E-08	+6.1808597E-08
+1.1160000E+02	+1.2659697E-07	-1.7687734E-08
+1.1200000E+02	+7.6022117E-08	-1.2993753E-07
+1.1240000E+02	-4.4294265E-08	-1.4572871E-07
+1.1280000E+02	-1.2110944E-07	-7.7745855E-08
+1.1320000E+02	-1.4398554E-07	+5.2139634E-09
+1.1360000E+02	-1.2364903E-07	+1.0163259E-07
+1.1400000E+02	-1.7977392E-08	+1.7695117E-07
+1.1440000E+02	+1.2771250E-07	+1.2846065E-07
+1.1480000E+02	+1.6139459E-07	-2.5295156E-08
+1.1520000E+02	+5.4374588E-08	-1.1579687E-07
+1.1560000E+02	-4.4462148E-08	-7.2072769E-08
+1.1600000E+02	-4.5387846E-08	-9.0245415E-10
+1.1640000E+02	-1.0132639E-08	+1.6492768E-08
+1.1680000E+02	+7.5930224E-09	+7.9196994E-09
+1.1720000E+02	+1.7257270E-08	-7.7137657E-09
+1.1760000E+02	+4.2738678E-09	-3.5073773E-08
+1.1800000E+02	-4.1243758E-08	-3.1909716E-08
+1.1840000E+02	-5.8169952E-08	+2.4075179E-08
+1.1880000E+02	-7.9926696E-09	+6.4817482E-08
+1.1920000E+02	+4.8516055E-08	+3.7482400E-08
+1.1960000E+02	+5.3748911E-08	-1.7546804E-08
+1.2000000E+02	+2.0765344E-08	-5.4340803E-08
+1.2040000E+02	-3.5246581E-08	-6.2103427E-08
+1.2080000E+02	-9.4595056E-08	-1.0472953E-08
+1.2120000E+02	-7.7974638E-08	+9.4822145E-08
+1.2160000E+02	+4.5320658E-08	+1.3770745E-07
+1.2200000E+02	+1.4799753E-07	+3.9418282E-08
+1.2240000E+02	+1.0989195E-07	-9.0870717E-08
+1.2280000E+02	+2.3438727E-09	-1.1552695E-07
+1.2320000E+02	-4.9998315E-08	-6.7638757E-08
+1.2360000E+02	-6.0029854E-08	-3.6927506E-08
+1.2400000E+02	-7.8906406E-08	-5.7036795E-09
+1.2440000E+02	-6.6799198E-08	+5.1298561E-08
+1.2480000E+02	-6.9936566E-09	+6.9795240E-08
+1.2520000E+02	+2.0258785E-08	+3.1403658E-08
+1.2560000E+02	-5.3129232E-09	+2.3717187E-08
+1.2600000E+02	+9.3954547E-09	+6.5858319E-08
+1.2640000E+02	+8.4397185E-08	+5.6987404E-08
+1.2680000E+02	+1.1351257E-07	-3.1705475E-08
+1.2720000E+02	+5.3576275E-08	-1.0052349E-07
+1.2760000E+02	-1.7963224E-08	-9.8110216E-08
+1.2800000E+02	-6.0058151E-08	-7.2306914E-08
+1.2840000E+02	-1.0058951E-07	-3.3750710E-08
+1.2880000E+02	-1.1252589E-07	+4.8630367E-08
+1.2920000E+02	-3.9049962E-08	+1.2239440E-07
+1.2960000E+02	+6.7093756E-08	+9.7453145E-08
+1.3000000E+02	+9.4335254E-08	+4.0320736E-09
+1.3040000E+02	+4.2517126E-08	-4.7676940E-08
+1.3080000E+02	+4.7736273E-10	-3.6315523E-08
+1.3120000E+02	-7.2991330E-09	-2.2135311E-08
+1.3160000E+02	-1.8503170E-08	-1.7031294E-08
+1.3200000E+02	-2.5887588E-08	+6.6255965E-09
+1.3240000E+02	-8.3306765E-10	+2.4735343E-08
+1.3280000E+02	+2.2004038E-08	+2.1270346E-09
+1.3320000E+02	+6.0254781E-11	-2.1528018E-08
+1.3360000E+02	-2.5067027E-08	+3.0069372E-09
+1.3400000E+02	+2.5757913E-09	+3.4266632E-08
+1.3440000E+02	+4.5096067E-08	+9.1787030E-09
+1.3480000E+02	+3.4335930E-08	-4.3448595E-08
+1.3520000E+02	-1.4889400E-08	-5.7621758E-08
+1.3560000E+02	-5.0742240E-08	-3.5049876E-08
+1.3600000E+02	-7.2578702E-08	-2.1839326E-09
+1.3640000E+02	-7.9512050E-08	+5.7022335E-08
+1.3680000E+02	-2.0340138E-08	+1.2742918E-07
+1.3720000E+02	+1.0075771E-07	+1.1689728E-07
+1.3760000E+02	+1.6466789E-07	-6.3987121E-09
+1.3800000E+02	+9.3638907E-08	-1.2550190E-07
+1.3840000E+02	-2.6788059E-08	-1.2921772E-07
+1.3880000E+02	-8.0480728E-08	-5.8359086E-08
+1.3920000E+02	-7.2195034E-08	-5.7018170E-09
+1.3960000E+02	-5.8035022E-08	+2.0187931E-08
+1.4000000E+02	-3.8378399E-08	+4.3715062E-08
+1.4040000E+02	-6.0808738E-09	+4.7745935E-08
+1.4080000E+02	+6.6385348E-09	+3.0693579E-08
+1.4120000E+02	+1.2856907E-10	+3.4476423E-08
+1.4160000E+02	+2.5129161E-08	+5.6712355E-08
+1.4200000E+02	+8.1093447E-08	+3.5195105E-08
+1.4240000E+02	+9.5849046E-08	-4.1140608E-08
+1.4280000E+02	+3.7884877E-08	-1.0155991E-07
+1.4320000E+02	-4.1538483E-08	-9.6055264E-08
+1.4360000E+02	-9.0175341E-08	-4.2958585E-08
+1.4400000E+02	-9.5243173E-08	+2.6620686E-08
+1.4440000E+02	-4.9769723E-08	+8.7416456E-08
+1.4480000E+02	+3.4665285E-08	+9.4303119E-08
+1.4520000E+02	+9.1930790E-08	+2.5348529E-08
+1.4560000E+02	+6.2667046E-08	-5.7277734E-08
+1.4600000E+02	-1.5102759E-08	-6.8884499E-08
+1.4640000E+02	-5.1463117E-08	-1.6279215E-08
+1.4680000E+02	-2.8487237E-08	+2.3147677E-08
+1.4720000E+02	-2.5666439E-09	+2.0732227E-08
+1.4760000E+02	+4.1262133E-10	+1.3395323E-08
+1.4800000E+02	+5.0049229E-09	+1.6578735E-08
+1.4840000E+02	+1.4748330E-08	+1.1370989E-08
+1.4880000E+02	+1.3449260E-08	+5.1817261E-09
+1.4920000E+02	+2.0442970E-08	+1.1851227E-08
+1.4960000E+02	+4.9436600E-08	-3.6014346E-09
+1.5000000E+02	+4.7485714E-08	-6.1913252E-08
+1.5040000E+02	-2.2821000E-08	-9.7195777E-08
+1.5080000E+02	-9.6731673E-08	-5.1085259E-08
+1.5120000E+02	-1.0353881E-07	+2.9610264E-08
+1.5160000E+02	-6.4266063E-08	+8.3129506E-08
+1.5200000E+02	-8.2213977E-09	+1.1435197E-07
+1.5240000E+02	+7.7811671E-08	+1.0924599E-07
+1.5280000E+02	+1.4658710E-07	+2.0918122E-08
+1.5320000E+02	+1.0761565E-07	-9.6021427E-08
+1.5360000E+02	-2.6011555E-09	-1.1978063E-07
+1.5400000E+02	-5.7714648E-08	-5.9207993E-08
+1.5440000E+02	-4.9324524E-08	-2.0336641E-08
+1.5480000E+02	-5.2863515E-08	-7.7905349E-09
+1.5520000E+02	-5.1788899E-08	+2.8244483E-08
+1.5560000E+02	-1.1197697E-08	+4.4313064E-08
+1.5600000E+02	+1.6130183E-09	+1.4170632E-08
+1.5640000E+02	-3.0438234E-08	+2.5676337E-08
+1.5680000E+02	+2.7232975E-09	+8.5363201E-08
+1.5720000E+02	+1.0159072E-07	+5.7512760E-08
+1.5760000E+02	+1.0750236E-07	-6.2781743E-08
+1.5800000E+02	+2.3939756E-09	-1.0719885E-07
+1.5840000E+02	-5.5364537E-08	-4.6531916E-08
+1.5880000E+02	-4.0720451E-08	-1.4005630E-08
+1.5920000E+02	-6.0533374E-08	-8.8374864E-09
+1.5960000E+02	-7.2218330E-08	+6.3672932E-08
+1.6000000E+02	+2.8612406E-08	+1.1839284E-07
+1.6040000E+02	+1.2993698E-07	+2.3880940E-08
+1.6080000E+02	+6.9703526E-08	-1.0559359E-07
+1.6120000E+02	-5.7779837E-08	-8.9304604E-08
+1.6160000E+02	-7.4352377E-08	+9.0387017E-09
+1.6200000E+02	-1.6456071E-08	+3.4248858E-08
+1.6240000E+02	-5.1157661E-09	+7.9309854E-09
+1.6280000E+02	-2.0666872E-08	+1.7235489E-08
+1.6320000E+02	-2.4880430E-09	+3.7895106E-08
+1.6360000E+02	+2.1165547E-08	+2.8710641E-08
+1.6400000E+02	+2.6033542E-08	+1.9124363E-08
+1.6440000E+02	+4.3620090E-08	+1.6290377E-08
+1.6480000E+02	+6.7433840E-08	-1.8738908E-08
+1.6520000E+02	+4.7165896E-08	-7.7057638E-08
+1.6560000E+02	-2.1359634E-08	-1.0260326E-07
+1.6600000E+02	-9.3707716E-08	-6.8660927E-08
+1.6640000E+02	-1.2666816E-07	+1.3318033E-08
+1.6680000E+02	-8.7169497E-08	+1.0515900E-07
+1.6720000E+02	+1.7146605E-08	+1.3725157E-07
+1.6760000E+02	+1.0509037E-07	+7.3035324E-08
+1.6800000E+02	+1.0279019E-07	-2.2666288E-08
+1.6840000E+02	+4.3526344E-08	-6.1375685E-08
+1.6880000E+02	+6.3405743E-09	-4.8942767E-08
+1.6920000E+02	-4.2281288E-09	-4.3006302E-08
+1.6960000E+02	-2.7800372E-08	-4.1596864E-08
+1.7000000E+02	-4.8562780E-08	-1.1650180E-08
+1.7040000E+02	-3.0682115E-08	+1.9189153E-08
+1.7080000E+02	-9.5130350E-09	+9.7258641E-09
+1.7120000E+02	-3.0914455E-08	+3.1812191E-09
+1.7160000E+02	-3.9706039E-08	+5.2676138E-08
+1.7200000E+02	+3.2990382E-08	+8.9236146E-08
+1.7240000E+02	+1.1068450E-07	+1.8247961E-08
+1.7280000E+02	+6.9655193E-08	-9.0374095E-08
+1.7320000E+02	-4.1549299E-08	-9.2230013E-08
+1.7360000E+02	-7.5939437E-08	-8.1938550E-09
+1.7400000E+02	-3.3784525E-08	+3.1283356E-08
+1.7440000E+02	-1.8674098E-08	+2.3467893E-08
+1.7480000E+02	-1.7299912E-08	+4.8648396E-08
+1.7520000E+02	+4.2049562E-08	+6.7062300E-08
+1.7560000E+02	+9.6632278E-08	-1.3572270E-09
+1.7600000E+02	+4.8858735E-08	-8.5651056E-08
+1.7640000E+02	-3.9264029E-08	-7.4373812E-08
+1.7680000E+02	-5.6027236E-08	-1.0676096E-08
+1.7720000E+02	-2.7364996E-08	+8.0942637E-09
+1.7760000E+02	-2.9336152E-08	+3.4906293E-11
+1.7800000E+02	-4.3371272E-08	+2.3038633E-08
+1.7840000E+02	-2.2095934E-08	+5.7671849E-08
+1.7880000E+02	+2.1008161E-08	+6.3534301E-08
+1.7920000E+02	+5.7241523E-08	+4.1812193E-08
+1.7960000E+02	+7.7549581E-08	+8.5310637E-10
+1.8000000E+02	+6.6898308E-08	-5.1208601E-08
+1.8040000E+02	+2.0355889E-08	-8.4934304E-08
+1.8080000E+02	-3.6063804E-08	-7.9958776E-08
+1.8120000E+02	-7.8237272E-08	-4.3458844E-08
+1.8160000E+02	-9.2346584E-08	+1.5849771E-08
+1.8200000E+02	-5.7921783E-08	+7.5931788E-08
+1.8240000E+02	+1.3461372E-08	+8.8136806E-08
+1.8280000E+02	+5.9599655E-08	+4.1787489E-08
+1.8320000E+02	+4.9491404E-08	-5.2821937E-09
+1.8360000E+02	+2.6486768E-08	-1.3790263E-08
+1.8400000E+02	+2.6089467E-08	-1.3920931E-08
+1.8440000E+02	+2.3939458E-08	-3.3369266E-08
+1.8480000E+02	-3.9507610E-09	-4.8972498E-08
+1.8520000E+02	-3.8171693E-08	-3.4869572E-08
+1.8560000E+02	-5.0854395E-08	+2.3561956E-11
+1.8600000E+02	-3.6713053E-08	+3.2363139E-08
+1.8640000E+02	-6.6565523E-09	+4.7024449E-08
+1.8680000E+02	+2.5409255E-08	+4.0557412E-08
+1.8720000E+02	+4.9361320E-08	+1.4800994E-08
+1.8760000E+02	+5.1893013E-08	-2.7767458E-08
+1.8800000E+02	+1.4704345E-08	-6.6430667E-08
+1.8840000E+02	-4.9029691E-08	-5.7964058E-08
+1.8880000E+02	-7.8962107E-08	+5.9392958E-09
+1.8920000E+02	-4.0436745E-08	+6.3740272E-08
+1.8960000E+02	+1.9301573E-08	+6.1676944E-08
+1.9000000E+02	+4.2723714E-08	+2.5964288E-08
+1.9040000E+02	+3.9924487E-08	+3.2566423E-09
+1.9080000E+02	+4.0748325E-08	-1.2539854E-08
+1.9120000E+02	+3.2529029E-08	-3.9118943E-08
+1.9160000E+02	-1.0538798E-10	-5.5033862E-08
+1.9200000E+02	-3.2955922E-08	-4.0705112E-08
+1.9240000E+02	-4.3753597E-08	-1.5562294E-08
+1.9280000E+02	-4.5715906E-08	+2.1677823E-09
+1.9320000E+02	-4.8978284E-08	+2.5850495E-08
+1.9360000E+02	-3.1800375E-08	+6.2010647E-08
+1.9400000E+02	+1.9840051E-08	+7.9053713E-08
+1.9440000E+02	+7.3277622E-08	+4.6473427E-08
+1.9480000E+02	+8.3097604E-08	-1.5643146E-08
+1.9520000E+02	+4.8804145E-08	-5.9789840E-08
+1.9560000E+02	+4.2536760E-09	-6.9657353E-08
+1.9600000E+02	-3.3667988E-08	-5.7798166E-08
+1.9640000E+02	-6.1673144E-08	-2.6138057E-08
+1.9680000E+02	-6.1001592E-08	+2.0002386E-08
+1.9720000E+02	-2.7364110E-08	+4.7660558E-08
+1.9760000E+02	+4.2489660E-09	+4.1341478E-08
+1.9800000E+02	+1.5149692E-08	+2.9813144E-08
+1.9840000E+02	+2.8598485E-08	+2.4803119E-08
+1.9880000E+02	+4.4959222E-08	+1.7069191E-09
+1.9920000E+02	+3.2775047E-08	-3.1952993E-08
+1.9960000E+02	+7.1108366E-10	-3.9351721E-08
+2.0000000E+02	-1.6973067E-08	-2.7284623E-08
+2.0040000E+02	-2.9546308E-08	-1.8976743E-08
+2.0080000E+02	-4.6688703E-08	+6.5542894E-09
+2.0120000E+02	-2.8173536E-08	+5.1112957E-08
+2.0160000E+02	+3.0161406E-08	+5.5415847E-08
+2.0200000E+02	+5.9150164E-08	+5.1611885E-09
+2.0240000E+02	+3.4851666E-08	-3.4307058E-08
+2.0280000E+02	+8.1127982E-09	-3.8998603E-08
+2.0320000E+02	-1.0685806E-08	-4.3659045E-08
+2.0360000E+02	-4.8270089E-08	-3.5363656E-08
+2.0400000E+02	-6.8761422E-08	+1.6844103E-08
+2.0440000E+02	-2.8917369E-08	+6.4581404E-08
+2.0480000E+02	+2.4627680E-08	+5.4184748E-08
+2.0520000E+02	+3.8653401E-08	+2.1021168E-08
+2.0560000E+02	+3.7333422E-08	+4.9828423E-09
+2.0600000E+02	+4.0258603E-08	-1.4403572E-08
+2.0640000E+02	+2.2954863E-08	-3.8370665E-08
+2.0680000E+02	-4.4387924E-09	-3.6829016E-08
+2.0720000E+02	-1.0980366E-08	-2.6306174E-08
+2.0760000E+02	-2.0517086E-08	-3.3043916E-08
+2.0800000E+02	-5.4391426E-08	-2.1720921E-08
+2.0840000E+02	-6.5192186E-08	+3.0058584E-08
+2.0880000E+02	-2.3087825E-08	+7.0116601E-08
+2.0920000E+02	+2.7616097E-08	+6.1798293E-08
+2.0960000E+02	+5.3424345E-08	+3.1823752E-08
+2.1000000E+02	+6.4028885E-08	-3.3668497E-09
+2.1040000E+02	+5.0536139E-08	-4.7525993E-08
+2.1080000E+02	+9.5796274E-10	-7.0068418E-08
+2.1120000E+02	-4.6209249E-08	-4.3183167E-08
+2.1160000E+02	-5.1148799E-08	+2.1786130E-09
+2.1200000E+02	-2.8979279E-08	+2.6251956E-08
+2.1240000E+02	-7.3350082E-09	+3.0365579E-08
+2.1280000E+02	+9.8138748E-09	+2.4988064E-08
+2.1320000E+02	+1.9121587E-08	+1.1610894E-08
+2.1360000E+02	+1.7525546E-08	-7.8143744E-11
+2.1400000E+02	+1.5358572E-08	-5.8860156E-09
+2.1440000E+02	+1.3299432E-08	-1.5977210E-08
+2.1480000E+02	-1.2910187E-09	-2.6214507E-08
+2.1520000E+02	-2.2879586E-08	-1.9664766E-08
+2.1560000E+02	-3.2851168E-08	+2.1907063E-09
+2.1600000E+02	-2.5903425E-08	+2.6157401E-08
+2.1640000E+02	-2.0998718E-09	+4.3445707E-08
+2.1680000E+02	+3.4792945E-08	+3.8117264E-08
+2.1720000E+02	+5.8043988E-08	+1.9132389E-10
+2.1760000E+02	+4.1230809E-08	-4.4382962E-08
+2.1800000E+02	-2.1437790E-09	-5.9245661E-08
+2.1840000E+02	-3.8829422E-08	-4.0751506E-08
+2.1880000E+02	-5.3240541E-08	-6.7769613E-09
+2.1920000E+02	-4.3638310E-08	+2.6708812E-08
+2.1960000E+02	-1.6288216E-08	+4.4178056E-08
+2.2000000E+02	+1.0745441E-08	+4.0074663E-08
+2.2040000E+02	+2.6414432E-08	+2.6101091E-08
+2.2080000E+02	+3.4491507E-08	+9.5867166E-09
+2.2120000E+02	+3.3348789E-08	-9.7059891E-09
+2.2160000E+02	+2.1853063E-08	-2.2477457E-08
+2.2200000E+02	+1.2609590E-08	-2.7179306E-08
+2.2240000E+02	+2.6618266E-09	-3.8111145E-08
+2.2280000E+02	-2.7694532E-08	-4.3788841E-08
+2.2320000E+02	-6.0479237E-08	-1.3424830E-08
+2.2360000E+02	-5.2683151E-08	+3.6520475E-08
+2.2400000E+02	-1.1082555E-08	+5.8071531E-08
+2.2440000E+02	+2.4415815E-08	+4.7076262E-08
+2.2480000E+02	+4.6903848E-08	+2.4151655E-08
+2.2520000E+02	+5.5310801E-08	-1.4288728E-08
+2.2560000E+02	+2.5373943E-08	-5.3212055E-08
+2.2600000E+02	-2.6602505E-08	-4.6771242E-08
+2.2640000E+02	-4.1810810E-08	-2.6453715E-09
+2.2680000E+02	-1.7338485E-08	+2.0298007E-08
+2.2720000E+02	-1.7237900E-09	+1.4245476E-08
+2.2760000E+02	+1.1074634E-09	+1.3574278E-08
+2.2800000E+02	+1.3657630E-08	+1.1722691E-08
+2.2840000E+02	+1.7244846E-08	-6.7705680E-09
+2.2880000E+02	-1.5667904E-10	-1.3712537E-08
+2.2920000E+02	-4.8087229E-09	+2.6976807E-10
+2.2960000E+02	+9.0894695E-09	-1.4094160E-09
+2.3000000E+02	+3.0427786E-09	-2.0833966E-08
+2.3040000E+02	-2.3527657E-08	-1.8613883E-08
+2.3080000E+02	-3.3948148E-08	+7.9457526E-09
+2.3120000E+02	-2.1593428E-08	+3.1826810E-08
+2.3160000E+02	+3.8880622E-09	+4.5629071E-08
+2.3200000E+02	+4.2596965E-08	+3.7994639E-08
+2.3240000E+02	+6.6455227E-08	-7.9763533E-09
+2.3280000E+02	+3.7778372E-08	-5.9116204E-08
+2.3320000E+02	-1.8492789E-08	-6.2511077E-08
+2.3360000E+02	-4.7889417E-08	-2.7382630E-08
+2.3400000E+02	-4.6491677E-08	+5.2660344E-09
+2.3440000E+02	-3.3223425E-08	+2.8883442E-08
+2.3480000E+02	-5.8305927E-09	+4.1550327E-08
+2.3520000E+02	+2.1072026E-08	+2.6585924E-08
+2.3560000E+02	+1.8365790E-08	+2.7682687E-09
+2.3600000E+02	+4.9125152E-09	+5.7293218E-09
+2.3640000E+02	+1.8292263E-08	+1.6347465E-08
+2.3680000E+02	+3.8686878E-08	-3.8987813E-09
+2.3720000E+02	+2.6462806E-08	-3.7152775E-08
+2.3760000E+02	-7.4265506E-09	-4.5417286E-08
+2.3800000E+02	-3.3636732E-08	-2.9960650E-08
+2.3840000E+02	-4.7143537E-08	-3.5700057E-09
+2.3880000E+02	-4.1195090E-08	+3.1621808E-08
+2.3920000E+02	-5.2555899E-09	+5.4870688E-08
+2.3960000E+02	+3.8292252E-08	+3.9109492E-08
+2.4000000E+02	+5.1122681E-08	-4.6027942E-09
+2.4040000E+02	+2.6050956E-08	-3.8835599E-08
+2.4080000E+02	-1.3293882E-08	-4.0288882E-08
+2.4120000E+02	-3.6635423E-08	-1.1239584E-08
+2.4160000E+02	-2.5432480E-08	+2.1930761E-08
+2.4200000E+02	+5.2516546E-09	+2.6958065E-08
+2.4240000E+02	+1.8923955E-08	+6.0722193E-09
+2.4280000E+02	+8.5040199E-09	-7.7485064E-09
+2.4320000E+02	-4.4129649E-10	-3.7476455E-09
+2.4360000E+02	+1.6754330E-09	+4.0308879E-10
+2.4400000E+02	+4.0508905E-09	-9.1292585E-10
+2.4440000E+02	+6.4510691E-09	-2.8098706E-09
+2.4480000E+02	+8.7276613E-09	-1.1830830E-08
+2.4520000E+02	-4.1489670E-09	-2.4999169E-08
+2.4560000E+02	-3.0988932E-08	-1.8352603E-08
+2.4600000E+02	-4.2179459E-08	+1.4654117E-08
+2.4640000E+02	-1.9642299E-08	+4.6687119E-08
+2.4680000E+02	+2.1633426E-08	+5.0257963E-08
+2.4720000E+02	+5.3648326E-08	+2.1108360E-08
+2.4760000E+02	+5.3950555E-08	-2.4213991E-08
+2.4800000E+02	+1.9184433E-08	-5.4665238E-08
+2.4840000E+02	-2.4488444E-08	-4.7222584E-08
+2.4880000E+02	-4.3393651E-08	-1.2974089E-08
+2.4920000E+02	-3.1522809E-08	+1.6406947E-08
+2.4960000E+02	-8.9957130E-09	+2.3483962E-08
+2.5000000E+02	+3.7782887E-09	+1.4112107E-08
+2.5040000E+02	+1.2984155E-09	+5.7075847E-09
+2.5080000E+02	-3.6087393E-09	+1.0800031E-08
+2.5120000E+02	+6.1041298E-09	+2.0414286E-08
+2.5160000E+02	+2.5407464E-08	+1.3869400E-08
+2.5200000E+02	+3.1907499E-08	-9.6234330E-09
+2.5240000E+02	+1.7552587E-08	-3.0859345E-08
+2.5280000E+02	-8.3152059E-09	-3.6706283E-08
+2.5320000E+02	-3.4271575E-08	-2.2077150E-08
+2.5360000E+02	-4.1954909E-08	+1.2020631E-08
+2.5400000E+02	-1.6164099E-08	+4.1248807E-08
+2.5440000E+02	+2.2834795E-08	+3.5100915E-08
+2.5480000E+02	+3.7056100E-08	+2.1525240E-09
+2.5520000E+02	+2.2080532E-08	-2.3436965E-08
+2.5560000E+02	-1.4904056E-09	-2.9772177E-08
+2.5600000E+02	-2.3782273E-08	-1.9671018E-08
+2.5640000E+02	-3.2127502E-08	+8.0640574E-09
+2.5680000E+02	-9.3325520E-09	+3.2122489E-08
+2.5720000E+02	+2.2462776E-08	+1.9823100E-08
+2.5760000E+02	+1.9738989E-08	-1.1489427E-08
+2.5800000E+02	-7.1522221E-09	-1.3537186E-08
+2.5840000E+02	-1.0381932E-08	+9.9625532E-09
+2.5880000E+02	+1.1811739E-08	+1.5353157E-08
+2.5920000E+02	+2.3080239E-08	-3.5886592E-09
+2.5960000E+02	+1.4318176E-08	-2.1249637E-08
+2.6000000E+02	-2.6187422E-09	-2.9201908E-08
+2.6040000E+02	-2.5677182E-08	-2.5228085E-08
+2.6080000E+02	-4.2986272E-08	+4.9319172E-10
+2.6120000E+02	-3.1375471E-08	+3.4978402E-08
+2.6160000E+02	+3.8213980E-09	+4.6730932E-08
+2.6200000E+02	+3.2930875E-08	+2.9511393E-08
+2.6240000E+02	+4.1699820E-08	+9.2954914E-10
+2.6280000E+02	+3.0916000E-08	-2.5807396E-08
+2.6320000E+02	+3.6672135E-09	-3.7671528E-08
+2.6360000E+02	-2.1442716E-08	-2.3764956E-08
+2.6400000E+02	-2.2315511E-08	-1.1996057E-10
+2.6440000E+02	-8.5602816E-09	+6.5315813E-09
+2.6480000E+02	-5.6993046E-09	+2.2359258E-10
+2.6520000E+02	-1.2586051E-08	+2.7582325E-09
+2.6560000E+02	-1.1104692E-08	+1.4499400E-08
+2.6600000E+02	+1.2822638E-09	+2.1134371E-08
+2.6640000E+02	+1.6052852E-08	+1.7180501E-08
+2.6680000E+02	+2.6335960E-08	+2.4434160E-09
+2.6720000E+02	+2.2101251E-08	-1.9163159E-08
+2.6760000E+02	-6.4148201E-10	-3.0562785E-08
+2.6800000E+02	-2.4009140E-08	-1.7581575E-08
+2.6840000E+02	-2.5956132E-08	+7.8508635E-09
+2.6880000E+02	-8.6894811E-09	+2.1906611E-08
+2.6920000E+02	+8.9968361E-09	+1.8199029E-08
+2.6960000E+02	+1.7414609E-08	+6.3843343E-09
+2.7000000E+02	+1.7623279E-08	-7.1967878E-09
+2.7040000E+02	+7.8702635E-09	-1.9728811E-08
+2.7080000E+02	-1.1623222E-08	-2.0558873E-08
+2.7120000E+02	-2.4335620E-08	-2.1207627E-09
+2.7160000E+02	-1.3022576E-08	+1.8082210E-08
+2.7200000E+02	+7.9728021E-09	+1.4604501E-08
+2.7240000E+02	+8.1875033E-09	-3.1245728E-09
+2.7280000E+02	-7.4186318E-09	-2.4664495E-09
+2.7320000E+02	-5.6333145E-09	+1.4978743E-08
+2.7360000E+02	+1.4848540E-08	+1.6565827E-08
+2.7400000E+02	+2.4066889E-08	-1.8739880E-09
+2.7440000E+02	+1.6291336E-08	-1.6476508E-08
+2.7480000E+02	+6.3081179E-09	-2.3907851E-08
+2.7520000E+02	-1.0797110E-08	-3.0044098E-08
+2.7560000E+02	-3.6645617E-08	-1.7118481E-08
+2.7600000E+02	-4.0768657E-08	+1.9601768E-08
+2.7640000E+02	-9.4867419E-09	+4.2894427E-08
+2.7680000E+02	+2.2270851E-08	+2.9691515E-08
+2.7720000E+02	+2.7582549E-08	+5.3787562E-09
+2.7760000E+02	+2.0579574E-08	-7.5038482E-09
+2.7800000E+02	+1.3325441E-08	-1.5710100E-08
+2.7840000E+02	+3.8765601E-10	-1.9896190E-08
+2.7880000E+02	-1.1101525E-08	-1.1849507E-08
+2.7920000E+02	-9.9064210E-09	-1.5533171E-09
+2.7960000E+02	-5.6585081E-09	-8.6180598E-10
+2.8000000E+02	-8.4872774E-09	-1.2718048E-09
+2.8040000E+02	-1.0975827E-08	+5.0460930E-09
+2.8080000E+02	-6.9479879E-09	+1.2872913E-08
+2.8120000E+02	+3.2138754E-09	+1.7764245E-08
+2.8160000E+02	+1.8967009E-08	+1.2688379E-08
+2.8200000E+02	+2.5532738E-08	-9.3995926E-09
+2.8240000E+02	+5.2905094E-09	-2.8829388E-08
+2.8280000E+02	-2.2100410E-08	-1.7379624E-08
+2.8320000E+02	-2.1468815E-08	+9.7008862E-09
+2.8360000E+02	-2.1242710E-09	+1.6259393E-08
+2.8400000E+02	+4.4365776E-09	+7.7839743E-09
+2.8440000E+02	+4.4172782E-09	+8.2475814E-09
+2.8480000E+02	+1.5081426E-08	+6.2754849E-09
+2.8520000E+02	+1.7864659E-08	-1.2127519E-08
+2.8560000E+02	-1.6757441E-09	-2.2511515E-08
+2.8600000E+02	-1.6773723E-08	-8.2069373E-09
+2.8640000E+02	-9.3922060E-09	+5.2739721E-09
+2.8680000E+02	-2.1334902E-09	+8.3719702E-10
+2.8720000E+02	-9.4876266E-09	-1.3400519E-09
+2.8760000E+02	-1.2604565E-08	+1.0923128E-08
+2.8800000E+02	+3.0326156E-11	+2.0301407E-08
+2.8840000E+02	+1.4612130E-08	+1.4994959E-08
+2.8880000E+02	+2.0437188E-08	+3.0643863E-09
+2.8920000E+02	+1.9826581E-08	-9.1522391E-09
+2.8960000E+02	+1.2123609E-08	-2.1620746E-08
+2.9000000E+02	-5.5436044E-09	-2.7408842E-08
+2.9040000E+02	-2.4584937E-08	-1.6957632E-08
+2.9080000E+02	-2.9192481E-08	+5.6108709E-09
+2.9120000E+02	-1.5152215E-08	+2.2827201E-08
+2.9160000E+02	+4.1839877E-09	+2.2924232E-08
+2.9200000E+02	+1.4205031E-08	+1.1863042E-08
+2.9240000E+02	+1.4485813E-08	+1.6684751E-09
+2.9280000E+02	+1.1558869E-08	-4.8882366E-09
+2.9320000E+02	+6.4958675E-09	-9.4997895E-09
+2.9360000E+02	-2.3177259E-10	-9.9088469E-09
+2.9400000E+02	-4.0359629E-09	-6.5666393E-09
+2.9440000E+02	-5.0880306E-09	-4.4543408E-09
+2.9480000E+02	-7.7701816E-09	-2.5375212E-09
+2.9520000E+02	-9.3057896E-09	+3.4441972E-09
+2.9560000E+02	-4.6655443E-09	+9.5655114E-09
+2.9600000E+02	+2.8673003E-09	+1.0261684E-08
+2.9640000E+02	+9.1839820E-09	+6.6775256E-09
+2.9680000E+02	+1.3588645E-08	-1.4183194E-09
+2.9720000E+02	+9.5478807E-09	-1.3911773E-08
+2.9760000E+02	-6.7720115E-09	-1.8471941E-08
+2.9800000E+02	-2.0425106E-08	-5.0393919E-09
+2.9840000E+02	-1.5591522E-08	+1.3303248E-08
+2.9880000E+02	+9.5247781E-12	+1.8390466E-08
+2.9920000E+02	+1.0711812E-08	+1.1917523E-08
+2.9960000E+02	+1.4635225E-08	+3.2518896E-09
+3.0000000E+02	+1.4057347E-08	-6.1017645E-09
+3.0040000E+02	+7.2025108E-09	-1.3712647E-08
+3.0080000E+02	-2.5417367E-09	-1.4481168E-08
+3.0120000E+02	-9.3730791E-09	-1.0176937E-08
+3.0160000E+02	-1.3495079E-08	-4.0904347E-09
+3.0200000E+02	-1.4241448E-08	+4.3713086E-09
+3.0240000E+02	-9.0472214E-09	+1.1693744E-08
+3.0280000E+02	-2.0448563E-09	+1.4041831E-08
+3.0320000E+02	+4.5108956E-09	+1.5254208E-08
+3.0360000E+02	+1.5897608E-08	+1.3189828E-08
+3.0400000E+02	+2.5255006E-08	-2.1911725E-09
+3.0440000E+02	+1.5577732E-08	-2.2098610E-08
+3.0480000E+02	-6.4406834E-09	-2.3668047E-08
+3.0520000E+02	-1.6321307E-08	-9.2089073E-09
+3.0560000E+02	-1.3193072E-08	+7.4011218E-11
+3.0600000E+02	-1.2383591E-08	+4.0017887E-09
+3.0640000E+02	-9.5381970E-09	+1.2893247E-08
+3.0680000E+02	+3.7063628E-09	+1.6524159E-08
+3.0720000E+02	+1.2902153E-08	+5.8065231E-09
+3.0760000E+02	+7.7238433E-09	-3.6050743E-09
+3.0800000E+02	+2.8512038E-09	-1.6269102E-09
+3.0840000E+02	+6.3513100E-09	-1.6837591E-09
+3.0880000E+02	+5.1269825E-09	-9.4178322E-09
+3.0920000E+02	-5.3123188E-09	-1.1555640E-08
+3.0960000E+02	-1.2564410E-08	-2.9503588E-09
+3.1000000E+02	-1.0078005E-08	+7.1940026E-09
+3.1040000E+02	-1.6937472E-09	+1.2020267E-08
+3.1080000E+02	+7.7648725E-09	+9.5501014E-09
+3.1120000E+02	+1.2321492E-08	+5.8705336E-10
+3.1160000E+02	+8.6659630E-09	-8.1600090E-09
+3.1200000E+02	+1.2986176E-09	-1.1543011E-08
+3.1240000E+02	-6.4758160E-09	-1.0895394E-08
+3.1280000E+02	-1.4360453E-08	-4.5103729E-09
+3.1320000E+02	-1.4730562E-08	+8.6830002E-09
+3.1360000E+02	-2.7053476E-09	+1.6949215E-08
+3.1400000E+02	+9.1676949E-09	+1.1433755E-08
+3.1440000E+02	+1.0398548E-08	+2.8544113E-09
+3.1480000E+02	+9.4873192E-09	-8.3202346E-13
+3.1520000E+02	+1.1369267E-08	-5.1478959E-09
+3.1560000E+02	+6.4371165E-09	-1.3935660E-08
+3.1600000E+02	-5.0524879E-09	-1.4779307E-08
+3.1640000E+02	-1.1447796E-08	-7.9400216E-09
+3.1680000E+02	-1.3558334E-08	-2.3290322E-09
+3.1720000E+02	-1.6185333E-08	+6.0004583E-09
+3.1760000E+02	-9.6181083E-09	+1.9154122E-08
+3.1800000E+02	+8.9094601E-09	+2.1346053E-08
+3.1840000E+02	+2.0311680E-08	+6.3238248E-09
+3.1880000E+02	+1.4749604E-08	-7.8741754E-09
+3.1920000E+02	+5.9857263E-09	-1.0655121E-08
+3.1960000E+02	+1.5207883E-09	-1.1235463E-08
+3.2000000E+02	-5.6866424E-09	-1.1702947E-08
+3.2040000E+02	-1.2776649E-08	-4.2476348E-09
+3.2080000E+02	-9.7829751E-09	+5.7753217E-09
+3.2120000E+02	-2.1325207E-09	+7.0357576E-09
+3.2160000E+02	-6.6936449E-10	+4.2093389E-09
+3.2200000E+02	-6.7796189E-10	+6.4983248E-09
+3.2240000E+02	+5.8597579E-09	+8.0631099E-09
+3.2280000E+02	+1.2029961E-08	+5.5932744E-10
+3.2320000E+02	+8.0752832E-09	-9.5587355E-09
+3.2360000E+02	-2.0417253E-09	-1.1632111E-08
+3.2400000E+02	-8.8239936E-09	-6.1617201E-09
+3.2440000E+02	-1.0390400E-08	+8.6821062E-10
+3.2480000E+02	-8.2109777E-09	+8.0088712E-09
+3.2520000E+02	-2.3156694E-10	+1.3485690E-08
+3.2560000E+02	+1.1634739E-08	+1.0173639E-08
+3.2600000E+02	+1.6085225E-08	-3.2210011E-09
+3.2640000E+02	+6.8682915E-09	-1.4101812E-08
+3.2680000E+02	-5.3385442E-09	-1.2045365E-08
+3.2720000E+02	-8.6917370E-09	-4.1062140E-09
+3.2760000E+02	-7.2474868E-09	-5.7506216E-10
+3.2800000E+02	-8.3043213E-09	+1.8066000E-09
+3.2840000E+02	-7.4080765E-09	+7.9848088E-09
+3.2880000E+02	-2.7876269E-10	+1.2010726E-08
+3.2920000E+02	+7.0806648E-09	+9.3134984E-09
+3.2960000E+02	+1.0646091E-08	+4.2055805E-09
+3.3000000E+02	+1.2734785E-08	-1.8894471E-09
+3.3040000E+02	+1.0724000E-08	-1.0991254E-08
+3.3080000E+02	+3.9300223E-10	-1.7185273E-08
+3.3120000E+02	-1.1983065E-08	-1.2847193E-08
+3.3160000E+02	-1.6793226E-08	-1.2750954E-09
+3.3200000E+02	-1.2847072E-08	+9.3908873E-09
+3.3240000E+02	-3.4488365E-09	+1.4785386E-08
+3.3280000E+02	+7.0093128E-09	+1.2228873E-08
+3.3320000E+02	+1.1513939E-08	+3.3662041E-09
+3.3360000E+02	+8.3395923E-09	-3.6193991E-09
+3.3400000E+02	+4.2331451E-09	-5.2880442E-09
+3.3440000E+02	+1.8295702E-09	-6.2139949E-09
+3.3480000E+02	-2.1473961E-09	-6.5773054E-09
+3.3520000E+02	-5.3914247E-09	-3.2879686E-09
+3.3560000E+02	-4.9114959E-09	-1.7670503E-10
+3.3600000E+02	-5.4082264E-09	+9.7235973E-10
+3.3640000E+02	-6.1041006E-09	+6.2317504E-09
+3.3680000E+02	+1.8324751E-09	+1.1896996E-08
+3.3720000E+02	+1.2927607E-08	+5.2671340E-09
+3.3760000E+02	+1.0950583E-08	-8.4950247E-09
+3.3800000E+02	-8.9958167E-10	-1.1729259E-08
+3.3840000E+02	-6.5538884E-09	-5.6527231E-09
+3.3880000E+02	-7.1091366E-09	-2.3310360E-09
+3.3920000E+02	-1.0120034E-08	+2.0045236E-09
+3.3960000E+02	-7.0514761E-09	+1.2031852E-08
+3.4000000E+02	+6.6415653E-09	+1.4378479E-08
+3.4040000E+02	+1.4863188E-08	+2.4878362E-09
+3.4080000E+02	+8.8095096E-09	-7.9590390E-09
+3.4120000E+02	+1.3418260E-09	-7.6194053E-09
+3.4160000E+02	-4.4412195E-11	-6.0419534E-09
+3.4200000E+02	-2.8002674E-09	-7.4717086E-09
+3.4240000E+02	-8.3298109E-09	-5.0168575E-09
+3.4280000E+02	-9.8924530E-09	+1.4965493E-09
+3.4320000E+02	-7.2607604E-09	+6.5438953E-09
+3.4360000E+02	-3.2665293E-09	+1.0050013E-08
+3.4400000E+02	+3.6426061E-09	+1.1849239E-08
+3.4440000E+02	+1.1911166E-08	+7.5034411E-09
+3.4480000E+02	+1.4726623E-08	-2.7293216E-09
+3.4520000E+02	+9.1389434E-09	-1.2234201E-08
+3.4560000E+02	-1.7386948E-09	-1.5178488E-08
+3.4600000E+02	-1.1659454E-08	-9.1580981E-09
+3.4640000E+02	-1.3201746E-08	+2.1672393E-09
+3.4680000E+02	-5.8474985E-09	+8.9358141E-09
+3.4720000E+02	+1.0457250E-09	+7.1640680E-09
+3.4760000E+02	+2.3620968E-09	+4.0928474E-09
+3.4800000E+02	+3.4846682E-09	+3.6156371E-09
+3.4840000E+02	+5.9957299E-09	+8.7081527E-10
+3.4880000E+02	+4.4640279E-09	-3.7365881E-09
+3.4920000E+02	+4.1253612E-10	-4.1526128E-09
+3.4960000E+02	-2.3193721E-10	-2.6372360E-09
+3.5000000E+02	-9.3404509E-10	-4.3543353E-09
+3.5040000E+02	-6.3546536E-09	-3.8529881E-09
+3.5080000E+02	-8.9131792E-09	+4.1871929E-09
+3.5120000E+02	-1.3632948E-09	+1.1157686E-08
+3.5160000E+02	+8.7632136E-09	+7.5742457E-09
+3.5200000E+02	+1.0971512E-08	-2.1943747E-09
+3.5240000E+02	+5.6130294E-09	-9.0660845E-09
+3.5280000E+02	-2.0970865E-09	-1.0405777E-08
+3.5320000E+02	-9.0752899E-09	-6.4296092E-09
+3.5360000E+02	-1.1451872E-08	+2.0952806E-09
+3.5400000E+02	-6.1558126E-09	+9.7618062E-09
+3.5440000E+02	+2.6921006E-09	+1.0139635E-08
+3.5480000E+02	+7.3290091E-09	+4.4495615E-09
+3.5520000E+02	+6.3268589E-09	-4.2310516E-10
+3.5560000E+02	+4.6310846E-09	-1.9374085E-09
+3.5600000E+02	+4.4071547E-09	-3.5519069E-09
+3.5640000E+02	+2.5116504E-09	-6.6595147E-09
+3.5680000E+02	-2.3276480E-09	-7.7912259E-09
+3.5720000E+02	-6.8377303E-09	-5.1258521E-09
+3.5760000E+02	-9.0462470E-09	-5.9738923E-10
+3.5800000E+02	-9.0499206E-09	+5.2674400E-09
+3.5840000E+02	-4.1806666E-09	+1.1762871E-08
+3.5880000E+02	+6.2850294E-09	+1.2565136E-08
+3.5920000E+02	+1.3856355E-08	+3.5170201E-09
+3.5960000E+02	+1.0636653E-08	-7.4395841E-09
+3.6000000E+02	+1.7126665E-09	-1.0457448E-08
+3.6040000E+02	-4.0065651E-09	-7.2489052E-09
+3.6080000E+02	-6.2835692E-09	-3.4600696E-09
+3.6120000E+02	-6.9042398E-09	+9.9731787E-10
+3.6160000E+02	-3.8100010E-09	+5.1208373E-09
+3.6200000E+02	+8.8228773E-10	+4.6972248E-09
+3.6240000E+02	+1.8074594E-09	+1.8709055E-09
+3.6280000E+02	+1.1106561E-09	+1.9568808E-09
+3.6320000E+02	+3.5292837E-09	+2.2164198E-09
+3.6360000E+02	+5.3844094E-09	-1.8019536E-09
+3.6400000E+02	+1.9838566E-09	-5.9440400E-09
+3.6440000E+02	-3.1610300E-09	-5.2977741E-09
+3.6480000E+02	-5.8384550E-09	-1.7073005E-09
+3.6520000E+02	-6.0830980E-09	+2.7635001E-09
+3.6560000E+02	-2.7191543E-09	+7.3366792E-09
+3.6600000E+02	+4.2934387E-09	+7.6894057E-09
+3.6640000E+02	+8.9686921E-09	+1.7081063E-09
+3.6680000E+02	+7.1424826E-09	-5.2068183E-09
+3.6720000E+02	+1.7671453E-09	-8.3393333E-09
+3.6760000E+02	-4.1556318E-09	-7.7115142E-09
+3.6800000E+02	-8.8104760E-09	-2.8083687E-09
+3.6840000E+02	-7.8172332E-09	+4.6237055E-09
+3.6880000E+02	-1.3646229E-09	+7.5457947E-09
+3.6920000E+02	+2.7691312E-09	+4.3897892E-09
+3.6960000E+02	+2.2800434E-09	+2.2120298E-09
+3.7000000E+02	+3.1558578E-09	+2.7090108E-09
+3.7040000E+02	+5.8106599E-09	+4.8343126E-10
+3.7080000E+02	+5.0447446E-09	-3.8912058E-09
+3.7120000E+02	+1.7416338E-09	-5.8165998E-09
+3.7160000E+02	-1.1771812E-09	-6.3506909E-09
+3.7200000E+02	-5.7694554E-09	-5.8709546E-09
+3.7240000E+02	-1.0100184E-08	-4.6387319E-11
+3.7280000E+02	-6.9270744E-09	+8.3150590E-09
+3.7320000E+02	+1.8667195E-09	+9.8445694E-09
+3.7360000E+02	+6.8153869E-09	+4.5572056E-09
+3.7400000E+02	+6.6521613E-09	-1.8264268E-10
+3.7440000E+02	+5.4974519E-09	-3.5795494E-09
+3.7480000E+02	+1.8862039E-09	-6.9517683E-09
+3.7520000E+02	-4.2433129E-09	-5.8447281E-09
+3.7560000E+02	-6.1192306E-09	+1.1300279E-10
+3.7600000E+02	-2.3874403E-09	+3.3545080E-09
+3.7640000E+02	-7.1961920E-12	+1.9447520E-09
+3.7680000E+02	-5.6835573E-10	+1.6554047E-09
+3.7720000E+02	+7.8423090E-10	+3.0793648E-09
+3.7760000E+02	+3.7387040E-09	+1.7075191E-09
+3.7800000E+02	+3.9283679E-09	-1.9377368E-09
+3.7840000E+02	+1.3878170E-09	-4.0878748E-09
+3.7880000E+02	-1.5475530E-09	-4.1914093E-09
+3.7920000E+02	-4.4131443E-09	-2.5923565E-09
+3.7960000E+02	-5.8541171E-09	+1.3639896E-09
+3.8000000E+02	-3.4572594E-09	+5.8308797E-09
+3.8040000E+02	+1.9994212E-09	+6.9849503E-09
+3.8080000E+02	+6.6128298E-09	+3.4974444E-09
+3.8120000E+02	+7.0590499E-09	-2.2872714E-09
+3.8160000E+02	+3.1217266E-09	-6.2404977E-09
+3.8200000E+02	-1.7733257E-09	-5.8067366E-09
+3.8240000E+02	-3.9901108E-09	-2.8339054E-09
+3.8280000E+02	-4.0348010E-09	-5.7885449E-10
+3.8320000E+02	-4.0080957E-09	+1.1511270E-09
+3.8360000E+02	-3.0555769E-09	+3.5016843E-09
+3.8400000E+02	-2.7466219E-10	+4.7364901E-09
+3.8440000E+02	+2.2698149E-09	+3.7747106E-09
+3.8480000E+02	+3.6391135E-09	+2.3218196E-09
+3.8520000E+02	+5.0859112E-09	+3.9124991E-10
+3.8560000E+02	+5.2202641E-09	-3.4979121E-09
+3.8600000E+02	+1.4230199E-09	-6.9763157E-09
+3.8640000E+02	-4.1773539E-09	-5.9846136E-09
+3.8680000E+02	-6.8275101E-09	-1.1649373E-09
+3.8720000E+02	-5.2732538E-09	+3.4902656E-09
+3.8760000E+02	-1.4760472E-09	+5.5542514E-09
+3.8800000E+02	+2.3381995E-09	+4.6746229E-09
+3.8840000E+02	+4.3580290E-09	+1.7597820E-09
+3.8880000E+02	+4.0019012E-09	-1.3413837E-09
+3.8920000E+02	+2.0278067E-09	-3.3577027E-09
+3.8960000E+02	-7.9278685E-10	-3.6887206E-09
+3.9000000E+02	-3.0495494E-09	-1.7801727E-09
+3.9040000E+02	-2.8273973E-09	+9.7338540E-10
+3.9080000E+02	-1.0219118E-09	+1.9365848E-09
+3.9120000E+02	-1.7956304E-10	+1.6608707E-09
+3.9160000E+02	+5.2319124E-10	+2.1518577E-09
+3.9200000E+02	+2.6607481E-09	+1.7223670E-09
+3.9240000E+02	+3.5666246E-09	-1.2158374E-09
+3.9280000E+02	+1.3423568E-09	-3.4849910E-09
+3.9320000E+02	-1.0551736E-09	-3.1260874E-09
+3.9360000E+02	-2.4098415E-09	-2.4228331E-09
+3.9400000E+02	-4.5498025E-09	-9.2802124E-10
+3.9440000E+02	-4.9462148E-09	+3.5451304E-09
+3.9480000E+02	-1.8561579E-10	+6.8403182E-09
+3.9520000E+02	+5.0941070E-09	+4.0630956E-09
+3.9560000E+02	+5.1906872E-09	-8.4647069E-10
+3.9600000E+02	+2.8320018E-09	-2.6781133E-09
+3.9640000E+02	+1.5442698E-09	-3.3395761E-09
+3.9680000E+02	-6.6689984E-10	-4.2414890E-09
+3.9720000E+02	-3.5315670E-09	-2.6063629E-09
+3.9760000E+02	-3.5071666E-09	+4.2825443E-10
+3.9800000E+02	-2.0790816E-09	+1.1981372E-09
+3.9840000E+02	-2.3386651E-09	+1.6222162E-09
+3.9880000E+02	-1.5192786E-09	+4.0365570E-09
+3.9920000E+02	+2.3690857E-09	+4.6861050E-09
+3.9960000E+02	+5.1090701E-09	+1.3899994E-09
+4.0000000E+02	+4.2753173E-09	-2.1928551E-09
