+0.0000000E+00	-1.4596520E-07	+0.0000000E+00
+4.0000000E-01	-1.1644786E-07	+9.1643706E-08
+8.0000000E-01	-3.2110104E-08	+1.4977194E-07
+1.2000000E+00	+7.6477536E-08	+1.3540865E-07
+1.6000000E+00	+1.4143185E-07	+4.9829761E-08
+2.0000000E+00	+1.3566701E-07	-4.1379872E-08
+2.4000000E+00	+9.8048230E-08	-1.1368917E-07
+2.8000000E+00	+8.6973638E-09	-1.8013913E-07
+3.2000000E+00	-1.4511601E-07	-1.5228997E-07
+3.6000000E+00	-2.1893885E-07	+1.2123450E-08
+4.0000000E+00	-1.3278751E-07	+1.5805330E-07
+4.4000000E+00	+1.2536141E-09	+1.9432530E-07
+4.8000000E+00	+1.3168260E-07	+1.5816421E-07
+5.2000000E+00	+2.2640633E-07	+1.4863923E-08
+5.6000000E+00	+1.5161895E-07	-1.6924954E-07
+6.0000000E+00	-3.1165815E-08	-1.9342781E-07
+6.4000000E+00	-1.1755367E-07	-9.7408147E-08
+6.8000000E+00	-1.4034304E-07	-2.5707964E-08
+7.2000000E+00	-1.5009763E-07	+8.2172922E-08
+7.6000000E+00	-2.9007991E-08	+1.9034614E-07
+8.0000000E+00	+1.3976781E-07	+1.2028129E-07
+8.4000000E+00	+1.4432659E-07	-4.5375609E-08
+8.8000000E+00	+3.1647717E-08	-1.0607600E-07
+9.2000000E+00	-4.9775252E-08	-5.9043042E-08
+9.6000000E+00	-4.9449417E-08	+2.0007966E-08
+1.0000000E+01	+2.7810241E-08	+4.0893222E-08
+1.0400000E+01	+6.0262417E-08	-4.6736589E-08
+1.0800000E+01	-3.9463364E-08	-9.9710433E-08
+1.1200000E+01	-1.2424173E-07	-7.9768720E-09
+1.1600000E+01	-7.2373467E-08	+1.0348687E-07
+1.2000000E+01	+4.1360615E-08	+1.1133243E-07
+1.2400000E+01	+9.9065591E-08	+2.1395506E-08
+1.2800000E+01	+3.5846210E-08	-5.1243786E-08
+1.3200000E+01	-1.7600182E-08	+1.5994765E-08
+1.3600000E+01	+1.0182828E-07	+4.5284690E-08
+1.4000000E+01	+1.3912328E-07	-1.5662433E-07
+1.4400000E+01	-1.2722663E-07	-2.4934900E-07
+1.4800000E+01	-2.9899978E-07	+1.3170968E-08
+1.5200000E+01	-1.2642223E-07	+2.3472738E-07
+1.5600000E+01	+6.6677357E-08	+2.0734251E-07
+1.6000000E+01	+1.7463079E-07	+1.3117859E-07
+1.6400000E+01	+2.6272041E-07	-4.0432566E-08
+1.6800000E+01	+1.2080245E-07	-2.6721602E-07
+1.7200000E+01	-1.5540270E-07	-2.1755105E-07
+1.7600000E+01	-1.9757412E-07	+8.9148047E-10
+1.8000000E+01	-1.0672693E-07	+7.8893097E-08
+1.8400000E+01	-6.3792240E-08	+1.1591015E-07
+1.8800000E+01	+3.9814326E-08	+1.4682252E-07
+1.9200000E+01	+1.2746597E-07	+5.9344609E-08
+1.9600000E+01	+1.1477064E-07	-2.4623873E-08
+2.0000000E+01	+9.9813592E-08	-9.7363059E-08
+2.0400000E+01	-2.9053275E-08	-1.8290391E-07
+2.0800000E+01	-1.9657672E-07	-3.7827381E-08
+2.1200000E+01	-5.7246935E-08	+1.5585097E-07
+2.1600000E+01	+9.8986030E-08	+1.5997736E-08
+2.2000000E+01	-6.5568447E-08	-5.8133323E-08
+2.2400000E+01	-4.2495248E-08	+1.5402163E-07
+2.2800000E+01	+2.2570293E-07	+4.3123062E-08
+2.3200000E+01	+5.0478000E-08	-2.7461304E-07
+2.3600000E+01	-3.0266501E-07	-6.6900843E-08
+2.4000000E+01	-1.0251319E-07	+3.0493103E-07
+2.4400000E+01	+2.6613804E-07	+1.5883475E-07
+2.4800000E+01	+2.1629920E-07	-1.7397757E-07
+2.5200000E+01	-3.8732667E-08	-2.3987575E-07
+2.5600000E+01	-2.0228407E-07	-9.9283487E-08
+2.6000000E+01	-1.8562168E-07	+1.0836523E-07
+2.6400000E+01	+1.4404536E-10	+1.8411626E-07
+2.6800000E+01	+1.0408673E-07	+6.5606133E-08
+2.7200000E+01	+5.5073065E-08	-8.8031558E-10
+2.7600000E+01	+5.4829060E-08	+1.5283724E-08
+2.8000000E+01	+8.3092967E-08	-2.1383980E-08
+2.8400000E+01	+8.4981666E-08	-7.6873744E-08
+2.8800000E+01	+3.6790749E-08	-1.9751441E-07
+2.9200000E+01	-2.3988182E-07	-2.2671994E-07
+2.9600000E+01	-4.1022859E-07	+1.7517364E-07
+3.0000000E+01	+3.1136064E-08	+4.9931296E-07
+3.0400000E+01	+4.5150232E-07	+1.1520975E-07
+3.0800000E+01	+1.8399997E-07	-2.9359477E-07
+3.1200000E+01	-1.0402019E-07	-1.4036353E-07
+3.1600000E+01	-1.3654092E-08	-3.3888335E-08
+3.2000000E+01	-7.7657683E-08	-1.2271312E-07
+3.2400000E+01	-1.9616519E-07	+4.2829219E-08
+3.2800000E+01	-1.6076035E-08	+1.7535088E-07
+3.3200000E+01	+8.1980411E-08	+4.4911187E-08
+3.3600000E+01	+2.2591391E-08	+2.9595068E-08
+3.4000000E+01	+1.0808207E-07	+3.2286861E-08
+3.4400000E+01	+8.0822838E-08	-1.3194840E-07
+3.4800000E+01	-1.1249397E-07	-9.2123860E-08
+3.5200000E+01	-6.0361755E-08	+7.6725199E-08
+3.5600000E+01	+4.6395515E-08	+1.6835136E-09
+3.6000000E+01	-6.1983378E-08	-2.8780065E-08
+3.6400000E+01	-2.2518451E-08	+1.1688531E-07
+3.6800000E+01	+1.5859187E-07	+2.8830920E-08
+3.7200000E+01	+5.5017791E-08	-1.8262654E-07
+3.7600000E+01	-1.7670323E-07	-1.0556818E-07
+3.8000000E+01	-1.6894993E-07	+1.2527695E-07
+3.8400000E+01	+2.5550998E-08	+2.1420173E-07
+3.8800000E+01	+2.0508876E-07	+9.8039009E-08
+3.9200000E+01	+1.9599758E-07	-1.2516150E-07
+3.9600000E+01	+4.0990052E-09	-2.1691296E-07
+4.0000000E+01	-1.3943507E-07	-1.2812640E-07
+4.0400000E+01	-1.8832912E-07	-8.5873107E-09
+4.0800000E+01	-1.5978594E-07	+1.5864423E-07
+4.1200000E+01	+6.5106834E-08	+2.4339160E-07
+4.1600000E+01	+2.2670056E-07	+2.6868249E-08
+4.2000000E+01	+5.1901754E-08	-1.3521319E-07
+4.2400000E+01	-3.7210264E-08	+1.3417337E-08
+4.2800000E+01	+1.3339454E-07	+1.3567190E-09
+4.3200000E+01	+5.3886072E-08	-2.3300853E-07
+4.3600000E+01	-2.4295618E-07	-1.6266915E-07
+4.4000000E+01	-2.5821017E-07	+1.4181605E-07
+4.4400000E+01	-3.0971430E-08	+2.7778201E-07
+4.4800000E+01	+2.0436540E-07	+1.9872742E-07
+4.5200000E+01	+2.9197814E-07	-7.6220374E-08
+4.5600000E+01	+3.7497213E-08	-2.8571359E-07
+4.6000000E+01	-2.0770753E-07	-7.8100946E-08
+4.6400000E+01	-2.9376408E-08	+1.1577487E-07
+4.6800000E+01	+6.1185240E-08	-7.8004948E-08
+4.7200000E+01	-1.8893703E-07	-6.1948255E-08
+4.7600000E+01	-1.0031405E-07	+2.5605327E-07
+4.8000000E+01	+2.6109990E-07	+1.4146136E-07
+4.8400000E+01	+1.5748463E-07	-2.1533051E-07
+4.8800000E+01	-1.4406278E-07	-1.4053453E-07
+4.9200000E+01	-9.9726632E-08	+6.9619873E-08
+4.9600000E+01	+4.2568886E-09	+4.8981909E-08
+5.0000000E+01	-2.1627630E-09	+4.5954514E-08
+5.0400000E+01	+7.4653377E-08	+4.8194629E-08
+5.0800000E+01	+8.1310515E-08	-7.5183865E-08
+5.1200000E+01	-4.8299117E-08	-8.8653394E-08
+5.1600000E+01	-5.9214604E-08	+9.7206690E-09
+5.2000000E+01	-1.2425611E-08	-3.2790432E-09
+5.2400000E+01	-7.2899623E-08	-7.0772590E-09
+5.2800000E+01	-7.1205623E-08	+1.0933069E-07
+5.3200000E+01	+8.0047977E-08	+1.5208507E-07
+5.3600000E+01	+2.0264919E-07	+1.6280528E-08
+5.4000000E+01	+1.4225234E-07	-1.8432242E-07
+5.4400000E+01	-9.3771380E-08	-2.3849009E-07
+5.4800000E+01	-2.5697127E-07	-3.0042906E-08
+5.5200000E+01	-1.2568767E-07	+1.9065742E-07
+5.5600000E+01	+7.9671800E-08	+1.4532498E-07
+5.6000000E+01	+8.4563736E-08	+1.1511067E-08
+5.6400000E+01	+3.2567921E-08	+1.3568808E-08
+5.6800000E+01	+8.4025435E-08	+2.2493399E-08
+5.7200000E+01	+1.1256500E-07	-7.9005825E-08
+5.7600000E+01	+3.4798135E-09	-1.7563856E-07
+5.8000000E+01	-1.6703622E-07	-1.1935830E-07
+5.8400000E+01	-2.0588854E-07	+8.5533972E-08
+5.8800000E+01	-2.8169958E-08	+2.1871505E-07
+5.9200000E+01	+1.5552689E-07	+1.1798279E-07
+5.9600000E+01	+1.4582272E-07	-5.3199746E-08
+6.0000000E+01	+3.7149004E-08	-1.1101388E-07
+6.0400000E+01	-4.5599207E-08	-7.9595947E-08
+6.0800000E+01	-6.9192370E-08	-8.3368881E-09
+6.1200000E+01	-2.2904271E-08	+2.7109884E-08
+6.1600000E+01	-1.7690514E-08	-4.5273819E-09
+6.2000000E+01	-5.7047746E-08	+4.5890865E-08
+6.2400000E+01	+5.3698219E-08	+1.1268049E-07
+6.2800000E+01	+1.5566390E-07	-4.6997008E-08
+6.3200000E+01	-3.2196794E-08	-1.7809915E-07
+6.3600000E+01	-1.7494111E-07	+1.2656722E-08
+6.4000000E+01	-7.4852644E-09	+1.4062665E-07
+6.4400000E+01	+7.2775653E-08	+1.8207820E-08
+6.4800000E+01	+5.1821185E-09	+1.9742896E-08
+6.5200000E+01	+1.1315805E-07	+4.0059019E-08
+6.5600000E+01	+1.0835441E-07	-1.7657363E-07
+6.6000000E+01	-1.8926325E-07	-1.7053373E-07
+6.6400000E+01	-1.9022077E-07	+1.5635548E-07
+6.6800000E+01	+1.1013373E-07	+1.4628191E-07
+6.7200000E+01	+5.0323536E-08	-9.2645497E-08
+6.7600000E+01	-1.2864120E-07	+5.4549688E-08
+6.8000000E+01	+1.1610677E-07	+2.0640307E-07
+6.8400000E+01	+2.8078764E-07	-1.0417926E-07
+6.8800000E+01	-3.0782885E-08	-2.9892797E-07
+6.9200000E+01	-2.3354314E-07	-5.5057907E-08
+6.9600000E+01	-9.6114761E-08	+1.0250649E-07
+7.0000000E+01	-3.8822693E-08	+6.1997189E-08
+7.0400000E+01	-3.1724974E-08	+1.2871350E-07
+7.0800000E+01	+1.3452102E-07	+1.3267802E-07
+7.1200000E+01	+1.8340291E-07	-7.0381948E-08
+7.1600000E+01	+1.3542517E-08	-1.5554442E-07
+7.2000000E+01	-6.5249217E-08	-6.2746800E-08
+7.2400000E+01	-5.0538260E-08	-3.8899796E-08
+7.2800000E+01	-1.0638901E-07	-9.0611457E-09
+7.3200000E+01	-7.4070135E-08	+1.1368485E-07
+7.3600000E+01	+7.4049843E-08	+1.0278035E-07
+7.4000000E+01	+7.8510534E-08	-2.4334154E-08
+7.4400000E+01	+3.0601455E-10	-1.6133922E-08
+7.4800000E+01	+5.1066316E-08	+1.3458501E-08
+7.5200000E+01	+5.3692994E-08	-9.2968342E-08
+7.5600000E+01	-9.7732073E-08	-9.5466510E-08
+7.6000000E+01	-1.1775222E-07	+7.2435989E-08
+7.6400000E+01	+3.2479299E-08	+1.1295048E-07
+7.6800000E+01	+8.4725440E-08	+9.8644484E-09
+7.7200000E+01	+4.9062865E-08	-3.9448100E-08
+7.7600000E+01	+1.9473805E-08	-8.1627642E-08
+7.8000000E+01	-1.0016804E-07	-8.9304678E-08
+7.8400000E+01	-1.6099009E-07	+9.3982671E-08
+7.8800000E+01	+5.7486998E-08	+2.1594491E-07
+7.9200000E+01	+2.3260460E-07	+3.5761441E-10
+7.9600000E+01	+5.5166102E-08	-2.0027816E-07
+8.0000000E+01	-1.3026975E-07	-7.8802163E-08
+8.0400000E+01	-5.7585402E-08	+5.4108344E-08
+8.0800000E+01	+7.0681965E-09	+4.3187963E-09
+8.1200000E+01	-4.6141608E-08	-6.2992769E-09
+8.1600000E+01	-3.8418469E-08	+5.7307199E-08
+8.2000000E+01	+1.5240450E-08	+6.6504928E-08
+8.2400000E+01	+5.3731968E-08	+5.9829614E-08
+8.2800000E+01	+1.2358348E-07	+1.1036349E-08
+8.3200000E+01	+1.0285898E-07	-1.3431541E-07
+8.3600000E+01	-7.9618912E-08	-1.7347904E-07
+8.4000000E+01	-1.8004603E-07	-1.4388007E-08
+8.4400000E+01	-9.7803601E-08	+1.1178532E-07
+8.4800000E+01	-2.4582807E-09	+1.2663468E-07
+8.5200000E+01	+8.8717618E-08	+1.1064664E-07
+8.5600000E+01	+1.6742530E-07	-9.7397640E-09
+8.6000000E+01	+6.3725692E-08	-1.5866177E-07
+8.6400000E+01	-1.0596995E-07	-9.2616318E-08
+8.6800000E+01	-6.7088717E-08	+4.9908934E-08
+8.7200000E+01	+2.3968381E-08	+8.8589233E-09
+8.7600000E+01	-4.5323394E-08	-3.6147258E-08
+8.8000000E+01	-6.8442684E-08	+6.6822195E-08
+8.8400000E+01	+4.9928040E-08	+9.2081863E-08
+8.8800000E+01	+8.6665562E-08	-1.0639955E-08
+8.9200000E+01	+2.6936812E-08	-5.0686757E-08
+8.9600000E+01	+1.4218269E-09	-4.5615213E-08
+9.0000000E+01	-4.1820349E-08	-5.0791102E-08
+9.0400000E+01	-8.4512717E-08	+2.1946317E-08
+9.0800000E+01	-5.8189350E-09	+9.8282408E-08
+9.1200000E+01	+9.2115051E-08	+3.6347511E-08
+9.1600000E+01	+6.5844229E-08	-6.5545588E-08
+9.2000000E+01	-1.8092207E-08	-8.7113023E-08
+9.2400000E+01	-8.8521114E-08	-4.5157228E-08
+9.2800000E+01	-1.0887161E-07	+6.0093332E-08
+9.3200000E+01	+3.1988190E-09	+1.5033579E-07
+9.3600000E+01	+1.5077286E-07	+6.4428062E-08
+9.4000000E+01	+1.1463933E-07	-1.0840300E-07
+9.4400000E+01	-4.3213082E-08	-1.2427607E-07
+9.4800000E+01	-9.0503085E-08	-1.2174391E-08
+9.5200000E+01	-3.1528627E-08	+3.4813121E-08
+9.5600000E+01	-8.9019909E-09	+1.1968606E-08
+9.6000000E+01	-2.3174622E-08	+1.5866255E-08
+9.6400000E+01	-1.2353002E-08	+3.8936874E-08
+9.6800000E+01	+1.2219693E-08	+4.7088088E-08
+9.7200000E+01	+5.0070742E-08	+5.1104013E-08
+9.7600000E+01	+1.1739612E-07	+1.3413082E-09
+9.8000000E+01	+9.7495601E-08	-1.4495715E-07
+9.8400000E+01	-1.1009795E-07	-1.9958801E-07
+9.8800000E+01	-2.6118032E-07	+2.2930737E-08
+9.9200000E+01	-7.7311389E-08	+2.5474136E-07
+9.9600000E+01	+1.8669776E-07	+1.4445724E-07
+1.0000000E+02	+1.5104961E-07	-9.2099266E-08
+1.0040000E+02	-1.3152356E-08	-1.0173688E-07
+1.0080000E+02	-2.7163221E-08	-2.4275193E-08
+1.0120000E+02	-2.1841838E-08	-3.6231319E-08
+1.0160000E+02	-6.6806000E-08	+2.2576066E-09
+1.0200000E+02	-8.5520955E-09	+6.6239581E-08
+1.0240000E+02	+5.2659575E-08	-2.0697940E-09
+1.0280000E+02	-2.8478131E-08	-4.5336022E-08
+1.0320000E+02	-5.2270593E-08	+5.4264748E-08
+1.0360000E+02	+6.4975648E-08	+6.8162542E-08
+1.0400000E+02	+8.1792891E-08	-5.6406711E-08
+1.0440000E+02	-3.3796562E-08	-8.5382428E-08
+1.0480000E+02	-7.8447859E-08	+4.8428876E-09
+1.0520000E+02	-2.6260621E-08	+6.4400157E-08
+1.0560000E+02	+4.4570696E-08	+5.8630661E-08
+1.0600000E+02	+8.9449465E-08	-1.6248434E-08
+1.0640000E+02	+2.2726308E-08	-1.0979080E-07
+1.0680000E+02	-1.0713017E-07	-6.6750497E-08
+1.0720000E+02	-9.9949606E-08	+7.4361742E-08
+1.0760000E+02	+1.8730492E-08	+1.0280339E-07
+1.0800000E+02	+6.5036624E-08	+3.7492221E-08
+1.0840000E+02	+6.7604644E-08	+4.1793056E-09
+1.0880000E+02	+7.7392641E-08	-5.6849569E-08
+1.0920000E+02	-1.3586079E-08	-1.2288022E-07
+1.0960000E+02	-1.2361762E-07	-3.3578367E-08
+1.1000000E+02	-5.2544507E-08	+8.8670256E-08
+1.1040000E+02	+4.8412938E-08	+2.8368156E-08
+1.1080000E+02	-2.5839097E-08	-3.5412990E-08
+1.1120000E+02	-6.2763166E-08	+7.5771769E-08
+1.1160000E+02	+8.7071273E-08	+1.1410631E-07
+1.1200000E+02	+1.5248109E-07	-4.7558476E-08
+1.1240000E+02	+2.3824995E-08	-1.4294327E-07
+1.1280000E+02	-7.4794499E-08	-8.7405623E-08
+1.1320000E+02	-1.0611342E-07	-3.0653164E-08
+1.1360000E+02	-1.3156925E-07	+6.7135837E-08
+1.1400000E+02	-1.1393549E-08	+1.8889502E-07
+1.1440000E+02	+1.8685598E-07	+9.2105823E-08
+1.1480000E+02	+1.4030843E-07	-1.3861730E-07
+1.1520000E+02	-7.5043929E-08	-1.4214652E-07
+1.1560000E+02	-1.0859516E-07	+2.5138576E-08
+1.1600000E+02	+9.5590924E-10	+6.4726280E-08
+1.1640000E+02	+3.2918369E-08	+4.6024354E-09
+1.1680000E+02	+8.0164474E-09	-2.1252810E-08
+1.1720000E+02	-2.3258188E-08	-2.1825329E-08
+1.1760000E+02	-4.7053402E-08	+2.6719162E-08
+1.1800000E+02	+2.3652049E-08	+7.5123438E-08
+1.1840000E+02	+9.5711560E-08	-1.4327700E-08
+1.1880000E+02	-4.0033637E-09	-1.0344248E-07
+1.1920000E+02	-9.8662229E-08	-3.1110472E-09
+1.1960000E+02	-6.7002120E-09	+8.3278432E-08
+1.2000000E+02	+5.6899849E-08	+7.7793084E-09
+1.2040000E+02	+3.9384567E-09	-1.7812368E-08
+1.2080000E+02	+3.1573501E-08	+1.1946504E-08
+1.2120000E+02	+4.6650891E-08	-8.0048330E-08
+1.2160000E+02	-1.0947614E-07	-9.8159293E-08
+1.2200000E+02	-1.5092415E-07	+1.0426073E-07
+1.2240000E+02	+6.2888069E-08	+1.8049878E-07
+1.2280000E+02	+1.6672641E-07	-2.8741326E-09
+1.2320000E+02	+4.6256764E-08	-1.0765483E-07
+1.2360000E+02	-2.4267628E-08	-5.9322144E-08
+1.2400000E+02	-3.1321959E-08	-4.8821341E-08
+1.2440000E+02	-8.2335400E-08	-1.8005405E-08
+1.2480000E+02	-5.5074873E-08	+6.9482791E-08
+1.2520000E+02	+3.0045646E-08	+5.2875861E-08
+1.2560000E+02	+8.2614680E-09	+1.9044522E-09
+1.2600000E+02	-5.9146999E-10	+5.5137581E-08
+1.2640000E+02	+1.0066725E-07	+4.0261869E-08
+1.2680000E+02	+9.3646589E-08	-1.0068543E-07
+1.2720000E+02	-5.3157538E-08	-1.2553101E-07
+1.2760000E+02	-1.1059277E-07	-1.7365134E-08
+1.2800000E+02	-7.4552733E-08	+4.8730401E-08
+1.2840000E+02	-3.5047971E-08	+9.1243411E-08
+1.2880000E+02	+6.3610750E-08	+1.0529124E-07
+1.2920000E+02	+1.3556398E-07	-1.0699819E-08
+1.2960000E+02	+3.8890996E-08	-1.2083390E-07
+1.3000000E+02	-7.6453764E-08	-6.3755400E-08
+1.3040000E+02	-5.9518883E-08	+2.6327792E-08
+1.3080000E+02	-1.0953802E-08	+3.7182268E-08
+1.3120000E+02	+1.3253009E-08	+2.9495062E-08
+1.3160000E+02	+3.4194633E-08	+5.3022684E-10
+1.3200000E+02	+1.4862199E-09	-3.3333162E-08
+1.3240000E+02	-3.2164895E-08	+6.6063451E-09
+1.3280000E+02	+1.8849780E-08	+3.1600592E-08
+1.3320000E+02	+3.1053419E-08	-3.2237539E-08
+1.3360000E+02	-4.4574741E-08	-3.1184412E-08
+1.3400000E+02	-3.3168854E-08	+5.1898288E-08
+1.3440000E+02	+4.8535213E-08	+3.5133010E-08
+1.3480000E+02	+2.9894944E-08	-3.1346304E-08
+1.3520000E+02	-5.1870274E-09	-7.8400994E-09
+1.3560000E+02	+3.5430468E-08	-1.5825212E-08
+1.3600000E+02	-1.4495421E-08	-9.1864429E-08
+1.3640000E+02	-1.4063131E-07	-1.8170468E-08
+1.3680000E+02	-7.3865661E-08	+1.5728882E-07
+1.3720000E+02	+1.2820908E-07	+1.2742823E-07
+1.3760000E+02	+1.4864529E-07	-6.1206879E-08
+1.3800000E+02	+1.5577996E-08	-1.1943758E-07
+1.3840000E+02	-4.5870421E-08	-6.7526829E-08
+1.3880000E+02	-7.2647313E-08	-4.3304557E-08
+1.3920000E+02	-1.1175691E-07	+3.4324909E-08
+1.3960000E+02	-2.0568327E-08	+1.3570020E-07
+1.4000000E+02	+1.1680923E-07	+5.7534965E-08
+1.4040000E+02	+5.4769905E-08	-7.9948611E-08
+1.4080000E+02	-5.7185059E-08	-1.5536736E-08
+1.4120000E+02	+3.4776467E-08	+6.8094498E-08
+1.4160000E+02	+1.0845915E-07	-6.4664829E-08
+1.4200000E+02	-5.5357530E-08	-1.5384485E-07
+1.4240000E+02	-1.7508740E-07	+1.1055992E-08
+1.4280000E+02	-4.4911955E-08	+1.5561522E-07
+1.4320000E+02	+1.0018965E-07	+8.4516815E-08
+1.4360000E+02	+9.0482813E-08	-3.0799220E-08
+1.4400000E+02	+2.6364076E-08	-6.3712933E-08
+1.4440000E+02	-1.9677590E-08	-5.4118229E-08
+1.4480000E+02	-5.0245203E-08	-2.2141649E-08
+1.4520000E+02	-4.8254676E-08	+2.4477086E-08
+1.4560000E+02	-9.4067402E-09	+5.5098238E-08
+1.4600000E+02	+4.6574255E-08	+4.0340951E-08
+1.4640000E+02	+6.2127892E-08	-2.9110292E-08
+1.4680000E+02	-8.5813608E-09	-7.1933357E-08
+1.4720000E+02	-6.8650466E-08	-9.6247116E-09
+1.4760000E+02	-1.9624184E-08	+5.3580894E-08
+1.4800000E+02	+3.2501962E-08	+1.6204010E-08
+1.4840000E+02	-1.2979835E-09	-1.5759125E-08
+1.4880000E+02	-1.3965649E-08	+2.5406285E-08
+1.4920000E+02	+4.1502486E-08	+3.0728145E-08
+1.4960000E+02	+5.7433505E-08	-3.5044300E-08
+1.5000000E+02	-1.6781209E-09	-7.5201680E-08
+1.5040000E+02	-6.4835282E-08	-4.6567589E-08
+1.5080000E+02	-8.4645561E-08	+1.9642031E-08
+1.5120000E+02	-4.7246185E-08	+8.7295147E-08
+1.5160000E+02	+4.4467989E-08	+1.0708875E-07
+1.5200000E+02	+1.3031692E-07	+3.0325664E-08
+1.5240000E+02	+1.0498342E-07	-1.0369631E-07
+1.5280000E+02	-3.9270393E-08	-1.4528532E-07
+1.5320000E+02	-1.3356938E-07	-3.1086431E-08
+1.5360000E+02	-7.2931677E-08	+7.8398365E-08
+1.5400000E+02	+9.2281085E-09	+6.8274308E-08
+1.5440000E+02	+2.5004534E-08	+4.0757249E-08
+1.5480000E+02	+5.3243756E-08	+2.8763599E-08
+1.5520000E+02	+6.1680973E-08	-3.3747290E-08
+1.5560000E+02	-6.0913280E-09	-5.6999748E-08
+1.5600000E+02	-2.0760369E-08	-3.4411381E-09
+1.5640000E+02	+1.7852149E-08	-2.3728926E-08
+1.5680000E+02	-5.0680215E-08	-6.2351282E-08
+1.5720000E+02	-1.0774701E-07	+4.6349552E-08
+1.5760000E+02	+1.4985468E-08	+1.3042741E-07
+1.5800000E+02	+1.1797525E-07	+2.5955413E-08
+1.5840000E+02	+5.6827696E-08	-7.3908284E-08
+1.5880000E+02	-1.3507673E-08	-6.5676467E-08
+1.5920000E+02	-5.1795742E-08	-4.4985903E-08
+1.5960000E+02	-8.7851259E-08	+2.2800886E-08
+1.6000000E+02	-1.0959776E-08	+1.0860117E-07
+1.6040000E+02	+1.0665631E-07	+4.0421531E-08
+1.6080000E+02	+5.8771584E-08	-8.5165654E-08
+1.6120000E+02	-5.0351448E-08	-6.1062239E-08
+1.6160000E+02	-4.5010230E-08	+1.1912722E-08
+1.6200000E+02	-1.8019755E-08	+1.3509984E-08
+1.6240000E+02	-2.3486465E-08	+2.9094046E-08
+1.6280000E+02	+1.8704862E-08	+5.0974546E-08
+1.6320000E+02	+5.5705763E-08	+4.4715217E-09
+1.6360000E+02	+2.3284135E-08	-3.4637610E-08
+1.6400000E+02	+7.1891017E-10	-2.1354411E-08
+1.6440000E+02	+6.0541629E-09	-2.8368345E-08
+1.6480000E+02	-2.7525509E-08	-4.6683788E-08
+1.6520000E+02	-7.6091155E-08	-8.3839464E-09
+1.6560000E+02	-6.5681649E-08	+7.1055643E-08
+1.6600000E+02	+2.4064497E-08	+1.1612041E-07
+1.6640000E+02	+1.3195891E-07	+5.0186279E-08
+1.6680000E+02	+1.2101239E-07	-1.0189639E-07
+1.6720000E+02	-3.8248039E-08	-1.5771295E-07
+1.6760000E+02	-1.4612798E-07	-2.9255763E-08
+1.6800000E+02	-6.9598720E-08	+9.6010287E-08
+1.6840000E+02	+3.4923517E-08	+6.7069359E-08
+1.6880000E+02	+2.8696655E-08	+7.5039688E-09
+1.6920000E+02	+1.5524791E-08	+2.1346261E-08
+1.6960000E+02	+5.6365952E-08	+5.6999488E-09
+1.7000000E+02	+3.5293969E-08	-6.1758933E-08
+1.7040000E+02	-4.1323409E-08	-4.9986515E-08
+1.7080000E+02	-3.7158857E-08	+1.2645148E-08
+1.7120000E+02	-4.4291564E-09	+3.6534894E-10
+1.7160000E+02	-4.4598684E-08	-1.2168344E-09
+1.7200000E+02	-2.7466606E-08	+7.9305581E-08
+1.7240000E+02	+9.1698790E-08	+6.2109475E-08
+1.7280000E+02	+9.0195592E-08	-7.9943229E-08
+1.7320000E+02	-5.0665794E-08	-1.0068412E-07
+1.7360000E+02	-8.9376039E-08	+1.4437517E-08
+1.7400000E+02	-1.8168120E-08	+5.8383627E-08
+1.7440000E+02	+1.4348311E-08	+3.8585823E-08
+1.7480000E+02	+4.1261707E-08	+3.2896978E-08
+1.7520000E+02	+7.1489406E-08	-2.5095359E-08
+1.7560000E+02	+4.7400021E-09	-9.0026467E-08
+1.7600000E+02	-8.1999242E-08	-3.6548685E-08
+1.7640000E+02	-5.5544696E-08	+5.0385294E-08
+1.7680000E+02	+8.9041937E-09	+5.0805975E-08
+1.7720000E+02	+2.2374050E-08	+2.2629749E-08
+1.7760000E+02	+2.7865239E-08	+1.6391145E-08
+1.7800000E+02	+4.4151885E-08	-3.4839021E-09
+1.7840000E+02	+3.7358014E-08	-4.2908483E-08
+1.7880000E+02	-9.1461070E-09	-7.0960955E-08
+1.7920000E+02	-7.5994314E-08	-4.2253178E-08
+1.7960000E+02	-8.4670798E-08	+4.6189182E-08
+1.8000000E+02	-4.9827372E-09	+9.3954602E-08
+1.8040000E+02	+6.2151561E-08	+5.1028964E-08
+1.8080000E+02	+6.7071922E-08	-2.5477096E-09
+1.8120000E+02	+5.7244269E-08	-4.3922819E-08
+1.8160000E+02	+6.7299319E-09	-9.0264084E-08
+1.8200000E+02	-8.4524769E-08	-5.9033552E-08
+1.8240000E+02	-8.7460236E-08	+4.8468988E-08
+1.8280000E+02	+4.8425783E-09	+8.0457949E-08
+1.8320000E+02	+4.5526607E-08	+2.2812478E-08
+1.8360000E+02	+2.2820758E-08	-3.4676195E-09
+1.8400000E+02	+2.3988115E-08	-1.4593781E-10
+1.8440000E+02	+2.8497254E-08	-2.5566630E-08
+1.8480000E+02	-4.7094972E-09	-4.5187888E-08
+1.8520000E+02	-4.0316744E-08	-2.4515532E-08
+1.8560000E+02	-4.6139923E-08	+1.6074214E-08
+1.8600000E+02	-1.6711797E-08	+5.0048126E-08
+1.8640000E+02	+3.4981272E-08	+4.5099452E-08
+1.8680000E+02	+5.9594227E-08	-6.7197735E-09
+1.8720000E+02	+2.5844887E-08	-5.6352720E-08
+1.8760000E+02	-3.6553365E-08	-5.3865797E-08
+1.8800000E+02	-6.9977136E-08	+5.0256449E-09
+1.8840000E+02	-3.0471885E-08	+6.9084036E-08
+1.8880000E+02	+4.9873957E-08	+5.9837051E-08
+1.8920000E+02	+7.2669676E-08	-1.6863088E-08
+1.8960000E+02	+1.9018388E-08	-6.2419597E-08
+1.9000000E+02	-3.0938601E-08	-4.3417188E-08
+1.9040000E+02	-4.5064659E-08	-9.9256854E-09
+1.9080000E+02	-4.2230566E-08	+2.2677381E-08
+1.9120000E+02	-1.2365609E-08	+5.0578256E-08
+1.9160000E+02	+3.1073155E-08	+4.0478331E-08
+1.9200000E+02	+4.4090654E-08	+5.0931421E-09
+1.9240000E+02	+3.6596001E-08	-1.8130503E-08
+1.9280000E+02	+2.5762185E-08	-4.3533554E-08
+1.9320000E+02	-1.9170068E-08	-6.4594351E-08
+1.9360000E+02	-7.6520678E-08	-2.5289543E-08
+1.9400000E+02	-6.6240360E-08	+5.3408215E-08
+1.9440000E+02	+5.9448433E-09	+8.0703091E-08
+1.9480000E+02	+5.9329953E-08	+4.1968126E-08
+1.9520000E+02	+6.6396237E-08	-1.1743197E-08
+1.9560000E+02	+3.8884627E-08	-5.6439108E-08
+1.9600000E+02	-1.9658950E-08	-6.8682842E-08
+1.9640000E+02	-6.5767777E-08	-2.2951656E-08
+1.9680000E+02	-4.9059855E-08	+3.5601504E-08
+1.9720000E+02	-3.4533157E-09	+4.6864966E-08
+1.9760000E+02	+2.0177961E-08	+3.1034274E-08
+1.9800000E+02	+3.5436009E-08	+1.5356002E-08
+1.9840000E+02	+4.1704999E-08	-1.8250784E-08
+1.9880000E+02	+8.5917316E-09	-4.7641064E-08
+1.9920000E+02	-3.2860593E-08	-3.0464568E-08
+1.9960000E+02	-3.7402018E-08	+5.9512773E-09
+2.0000000E+02	-2.1247680E-08	+2.7480302E-08
+2.0040000E+02	+5.6868663E-09	+3.9048960E-08
+2.0080000E+02	+4.2602713E-08	+1.9605160E-08
+2.0120000E+02	+3.9924524E-08	-3.1873403E-08
+2.0160000E+02	-1.0508309E-08	-4.8542465E-08
+2.0200000E+02	-4.1420247E-08	-1.5075999E-08
+2.0240000E+02	-3.6504761E-08	+1.8328580E-08
+2.0280000E+02	-1.5832550E-08	+4.5257706E-08
+2.0320000E+02	+3.6010771E-08	+5.0901536E-08
+2.0360000E+02	+7.4104404E-08	-1.0264573E-08
+2.0400000E+02	+2.2351756E-08	-7.5466676E-08
+2.0440000E+02	-5.3546397E-08	-4.7167229E-08
+2.0480000E+02	-5.1448226E-08	+1.7772973E-08
+2.0520000E+02	-1.5058377E-08	+3.1788220E-08
+2.0560000E+02	-2.7279539E-09	+2.9175177E-08
+2.0600000E+02	+1.8699795E-08	+3.4316402E-08
+2.0640000E+02	+4.5869245E-08	+8.3953417E-09
+2.0680000E+02	+3.4182036E-08	-3.0788692E-08
+2.0720000E+02	+2.6514217E-09	-4.0800443E-08
+2.0760000E+02	-2.0952738E-08	-3.5408862E-08
+2.0800000E+02	-4.8203928E-08	-1.7398051E-08
+2.0840000E+02	-5.5096042E-08	+3.2453271E-08
+2.0880000E+02	-4.7914060E-09	+7.2373612E-08
+2.0920000E+02	+5.9788960E-08	+4.4756502E-08
+2.0960000E+02	+6.7311327E-08	-2.3220315E-08
+2.1000000E+02	+1.9728678E-08	-6.1683534E-08
+2.1040000E+02	-3.1503702E-08	-4.9459024E-08
+2.1080000E+02	-5.4419962E-08	-8.2012873E-09
+2.1120000E+02	-3.9669525E-08	+3.5944872E-08
+2.1160000E+02	+5.8638092E-09	+5.1384950E-08
+2.1200000E+02	+4.2539227E-08	+2.0829017E-08
+2.1240000E+02	+3.3568760E-08	-2.1378776E-08
+2.1280000E+02	+4.9390891E-10	-3.0076559E-08
+2.1320000E+02	-1.5369810E-08	-1.4001873E-08
+2.1360000E+02	-1.5648248E-08	-2.2529009E-09
+2.1400000E+02	-1.5300683E-08	+7.1734209E-09
+2.1440000E+02	-6.6566102E-09	+1.9298230E-08
+2.1480000E+02	+1.3086224E-08	+2.0178845E-08
+2.1520000E+02	+2.8049672E-08	+1.5914413E-09
+2.1560000E+02	+2.0300567E-08	-2.6092502E-08
+2.1600000E+02	-1.2636094E-08	-3.6224729E-08
+2.1640000E+02	-4.1643841E-08	-9.7749472E-09
+2.1680000E+02	-3.3689432E-08	+3.1071755E-08
+2.1720000E+02	+4.9058821E-09	+4.8663444E-08
+2.1760000E+02	+4.5921856E-08	+2.8857829E-08
+2.1800000E+02	+5.6899123E-08	-2.3683656E-08
+2.1840000E+02	+1.0224407E-08	-6.6647166E-08
+2.1880000E+02	-5.3212835E-08	-4.0901730E-08
+2.1920000E+02	-5.3546622E-08	+2.2979132E-08
+2.1960000E+02	-8.9170061E-09	+4.1594608E-08
+2.2000000E+02	+1.0970356E-08	+2.6445343E-08
+2.2040000E+02	+2.1644760E-08	+2.2521062E-08
+2.2080000E+02	+4.1639447E-08	+6.2850679E-10
+2.2120000E+02	+2.5247609E-08	-3.7302046E-08
+2.2160000E+02	-1.3700892E-08	-3.5427423E-08
+2.2200000E+02	-2.2450911E-08	-1.4152554E-08
+2.2240000E+02	-2.9061105E-08	-9.1999492E-09
+2.2280000E+02	-4.4290100E-08	+2.1385815E-08
+2.2320000E+02	-5.7417019E-09	+6.5316189E-08
+2.2360000E+02	+6.1995267E-08	+3.8548156E-08
+2.2400000E+02	+6.0497503E-08	-3.6361621E-08
+2.2440000E+02	-9.3344263E-10	-6.1112200E-08
+2.2480000E+02	-4.0778231E-08	-2.8436523E-08
+2.2520000E+02	-4.0571049E-08	+9.3505926E-09
+2.2560000E+02	-1.9866731E-08	+3.3447647E-08
+2.2600000E+02	+1.3368627E-08	+3.6829933E-08
+2.2640000E+02	+3.8505526E-08	+9.6996952E-09
+2.2680000E+02	+2.7319306E-08	-2.8391145E-08
+2.2720000E+02	-1.3191771E-08	-3.5503272E-08
+2.2760000E+02	-3.4638164E-08	-7.5134612E-10
+2.2800000E+02	-9.3979400E-09	+2.7651773E-08
+2.2840000E+02	+1.8240615E-08	+1.1160331E-08
+2.2880000E+02	+6.3824324E-09	-1.0055270E-08
+2.2920000E+02	-6.3967406E-09	+2.8190433E-09
+2.2960000E+02	+1.2410765E-08	+9.4543259E-09
+2.3000000E+02	+1.8840206E-08	-1.6998256E-08
+2.3040000E+02	-1.1875884E-08	-3.0429728E-08
+2.3080000E+02	-3.7050716E-08	-3.9607334E-09
+2.3120000E+02	-2.5741294E-08	+3.1655841E-08
+2.3160000E+02	+1.1728049E-08	+4.3806653E-08
+2.3200000E+02	+4.7904174E-08	+1.7788136E-08
+2.3240000E+02	+4.5465070E-08	-3.2967253E-08
+2.3280000E+02	-2.9483645E-09	-5.8561697E-08
+2.3320000E+02	-4.9886821E-08	-3.0084824E-08
+2.3360000E+02	-5.1721022E-08	+2.2345987E-08
+2.3400000E+02	-1.1869492E-08	+5.2879265E-08
+2.3440000E+02	+3.4934713E-08	+3.7433826E-08
+2.3480000E+02	+4.4059625E-08	-9.0925762E-09
+2.3520000E+02	+9.8471344E-09	-3.1964528E-08
+2.3560000E+02	-1.1382935E-08	-1.1792942E-08
+2.3600000E+02	+3.1038895E-09	-3.6053233E-09
+2.3640000E+02	-3.2739557E-09	-2.4869122E-08
+2.3680000E+02	-3.9690676E-08	-1.2319623E-08
+2.3720000E+02	-3.3694724E-08	+3.7821150E-08
+2.3760000E+02	+1.8796232E-08	+4.7602180E-08
+2.3800000E+02	+4.4438038E-08	+8.7970790E-09
+2.3840000E+02	+3.2420881E-08	-2.3139276E-08
+2.3880000E+02	+8.8771356E-09	-4.2252179E-08
+2.3920000E+02	-3.5606069E-08	-4.0092333E-08
+2.3960000E+02	-6.0613757E-08	+1.7092954E-08
+2.4000000E+02	-4.8011790E-09	+6.6026973E-08
+2.4040000E+02	+5.7818217E-08	+2.2166862E-08
+2.4080000E+02	+3.0618178E-08	-4.1078357E-08
+2.4120000E+02	-2.1525867E-08	-2.9726600E-08
+2.4160000E+02	-2.1695852E-08	+3.6097785E-09
+2.4200000E+02	-9.8908313E-09	+9.7964874E-09
+2.4240000E+02	-2.4678677E-09	+1.7565815E-08
+2.4280000E+02	+1.9340921E-08	+1.1633132E-08
+2.4320000E+02	+1.4810754E-08	-1.6866385E-08
+2.4360000E+02	-1.3551746E-08	-1.0915731E-08
+2.4400000E+02	-1.9656792E-09	+1.3374017E-08
+2.4440000E+02	+1.8533515E-08	-6.8618867E-09
+2.4480000E+02	-9.2780406E-09	-2.7295751E-08
+2.4520000E+02	-3.3820318E-08	+1.4429781E-09
+2.4560000E+02	-1.4990346E-08	+3.0829031E-08
+2.4600000E+02	+1.4064946E-08	+3.2598366E-08
+2.4640000E+02	+4.1503487E-08	+1.4063989E-08
+2.4680000E+02	+4.4246153E-08	-3.4818013E-08
+2.4720000E+02	-1.3094116E-08	-6.4194581E-08
+2.4760000E+02	-6.4902867E-08	-1.5114995E-08
+2.4800000E+02	-3.7319171E-08	+4.5699477E-08
+2.4840000E+02	+1.5002879E-08	+4.3692827E-08
+2.4880000E+02	+3.2437175E-08	+1.3896831E-08
+2.4920000E+02	+2.9741585E-08	-1.0720763E-08
+2.4960000E+02	+9.4030969E-09	-2.8964202E-08
+2.5000000E+02	-1.6906239E-08	-1.7719692E-08
+2.5040000E+02	-1.1305219E-08	+4.0592611E-09
+2.5080000E+02	-2.8318743E-10	-4.3493380E-09
+2.5120000E+02	-1.8946138E-08	-6.8105296E-09
+2.5160000E+02	-2.0771504E-08	+2.3361603E-08
+2.5200000E+02	+1.4456789E-08	+3.2703896E-08
+2.5240000E+02	+3.4646113E-08	+3.8264659E-09
+2.5280000E+02	+2.3230925E-08	-2.3745122E-08
+2.5320000E+02	-3.2016282E-09	-3.5756704E-08
+2.5360000E+02	-3.7293600E-08	-2.0000142E-08
+2.5400000E+02	-3.8753102E-08	+2.8599969E-08
+2.5440000E+02	+1.3775997E-08	+4.8653920E-08
+2.5480000E+02	+4.8795194E-08	+2.2415321E-09
+2.5520000E+02	+1.5533015E-08	-4.0846091E-08
+2.5560000E+02	-2.7652134E-08	-2.3747458E-08
+2.5600000E+02	-2.5840481E-08	+1.2374910E-08
+2.5640000E+02	-1.7379808E-09	+2.1895296E-08
+2.5680000E+02	+1.3399415E-08	+1.1614384E-08
+2.5720000E+02	+1.5229012E-08	-3.4838904E-09
+2.5760000E+02	+3.7200912E-09	-1.2847487E-08
+2.5800000E+02	-7.6188647E-09	-4.8827368E-09
+2.5840000E+02	+3.8479803E-10	+4.5295378E-09
+2.5880000E+02	+7.7498830E-09	-8.5788514E-09
+2.5920000E+02	-1.3663202E-08	-1.7735543E-08
+2.5960000E+02	-3.0047799E-08	+1.0439438E-08
+2.6000000E+02	-1.9031013E-09	+3.7105846E-08
+2.6040000E+02	+3.2298549E-08	+1.8388028E-08
+2.6080000E+02	+3.0278281E-08	-1.4197295E-08
+2.6120000E+02	+1.1776135E-08	-2.9727728E-08
+2.6160000E+02	-1.4470148E-08	-3.5549591E-08
+2.6200000E+02	-4.7483272E-08	-1.0314888E-08
+2.6240000E+02	-3.4282544E-08	+4.3499963E-08
+2.6280000E+02	+2.7258136E-08	+4.7214660E-08
+2.6320000E+02	+4.4338568E-08	-8.0507810E-09
+2.6360000E+02	+4.3601089E-09	-2.8629207E-08
+2.6400000E+02	-8.8378200E-09	-4.9657933E-09
+2.6440000E+02	+4.1781714E-09	-5.4899966E-09
+2.6480000E+02	-9.0525899E-09	-1.5704513E-08
+2.6520000E+02	-2.1482458E-08	+3.0720701E-09
+2.6560000E+02	-6.2038906E-09	+1.7171048E-08
+2.6600000E+02	+4.2299173E-09	+1.1540924E-08
+2.6640000E+02	+8.7445404E-09	+1.1435986E-08
+2.6680000E+02	+2.2998622E-08	+1.5438468E-09
+2.6720000E+02	+1.4898532E-08	-2.6137987E-08
+2.6760000E+02	-2.0557071E-08	-2.5896065E-08
+2.6800000E+02	-3.0752570E-08	+9.2040162E-09
+2.6840000E+02	-3.7771094E-09	+2.8447345E-08
+2.6880000E+02	+2.0222268E-08	+1.4882814E-08
+2.6920000E+02	+2.1991220E-08	-8.3682460E-09
+2.6960000E+02	+4.6604425E-09	-2.4164582E-08
+2.7000000E+02	-2.1300872E-08	-1.6445023E-08
+2.7040000E+02	-2.4566351E-08	+1.4220873E-08
+2.7080000E+02	+5.0294781E-09	+2.7014576E-08
+2.7120000E+02	+2.3191186E-08	+2.9805672E-09
+2.7160000E+02	+6.4442200E-09	-1.4837956E-08
+2.7200000E+02	-5.8883834E-09	-3.7735138E-09
+2.7240000E+02	+3.4036634E-09	+7.8125117E-10
+2.7280000E+02	+1.9076999E-09	-1.0466704E-08
+2.7320000E+02	-1.2041368E-08	-7.7547812E-09
+2.7360000E+02	-1.3200014E-08	+5.2213606E-09
+2.7400000E+02	-8.1715373E-09	+1.2205369E-08
+2.7440000E+02	+1.5648939E-09	+2.1924811E-08
+2.7480000E+02	+2.8530757E-08	+1.6545060E-08
+2.7520000E+02	+3.4974251E-08	-2.3437932E-08
+2.7560000E+02	-7.9633112E-09	-4.5032979E-08
+2.7600000E+02	-4.1141226E-08	-1.0994367E-08
+2.7640000E+02	-2.4451117E-08	+2.4023251E-08
+2.7680000E+02	+5.3722503E-10	+2.6117354E-08
+2.7720000E+02	+1.5725247E-08	+1.9821170E-08
+2.7760000E+02	+2.9755638E-08	+9.8940176E-10
+2.7800000E+02	+1.5568580E-08	-2.7615700E-08
+2.7840000E+02	-1.7614739E-08	-2.1409944E-08
+2.7880000E+02	-1.7022668E-08	+6.9231018E-09
+2.7920000E+02	+1.5112270E-09	+6.2649625E-09
+2.7960000E+02	-4.2819817E-09	-3.1643087E-09
+2.8000000E+02	-9.1736571E-09	+9.0464920E-09
+2.8040000E+02	+6.1331611E-09	+1.4509993E-08
+2.8080000E+02	+1.4903376E-08	+2.3492587E-09
+2.8120000E+02	+1.2056078E-08	-8.9887547E-09
+2.8160000E+02	+1.4631923E-09	-1.8897619E-08
+2.8200000E+02	-2.0767363E-08	-1.2921367E-08
+2.8240000E+02	-2.1925357E-08	+1.7824387E-08
+2.8280000E+02	+1.1681424E-08	+2.6281048E-08
+2.8320000E+02	+2.5269716E-08	-4.3866439E-09
+2.8360000E+02	+2.1389864E-09	-1.9285418E-08
+2.8400000E+02	-9.5372427E-09	-6.2058793E-09
+2.8440000E+02	-6.4763913E-09	-1.9420016E-09
+2.8480000E+02	-1.2316254E-08	+2.4734981E-09
+2.8520000E+02	-4.7142879E-09	+1.8527213E-08
+2.8560000E+02	+1.8554262E-08	+1.2217699E-08
+2.8600000E+02	+1.6266669E-08	-1.2754942E-08
+2.8640000E+02	-4.2798327E-09	-1.4059993E-08
+2.8680000E+02	-5.6567592E-09	-2.1034155E-09
+2.8720000E+02	-2.4612639E-09	-5.4094712E-09
+2.8760000E+02	-1.3520897E-08	-3.8807846E-09
+2.8800000E+02	-1.3495628E-08	+1.3883354E-08
+2.8840000E+02	+5.3786568E-09	+2.0374057E-08
+2.8880000E+02	+1.9177305E-08	+8.3986369E-09
+2.8920000E+02	+2.0739053E-08	-8.4321808E-09
+2.8960000E+02	+8.2467965E-09	-2.5317381E-08
+2.9000000E+02	-1.9656479E-08	-2.3755663E-08
+2.9040000E+02	-3.1119460E-08	+6.5497235E-09
+2.9080000E+02	-7.4122414E-09	+2.7114971E-08
+2.9120000E+02	+1.3860310E-08	+1.5379840E-08
+2.9160000E+02	+1.3829523E-08	+2.4740993E-09
+2.9200000E+02	+1.5010073E-08	-4.2034793E-09
+2.9240000E+02	+8.1934807E-09	-1.9612023E-08
+2.9280000E+02	-1.6561744E-08	-1.7238796E-08
+2.9320000E+02	-1.9151562E-08	+9.7307512E-09
+2.9360000E+02	+3.9981486E-09	+1.4055274E-08
+2.9400000E+02	+5.3223413E-09	-2.5514258E-09
+2.9440000E+02	-5.5424992E-09	+2.6065768E-09
+2.9480000E+02	+6.5068772E-09	+1.0577054E-08
+2.9520000E+02	+1.4403730E-08	-5.5497432E-09
+2.9560000E+02	-1.0468206E-09	-1.4634645E-08
+2.9600000E+02	-1.0600268E-08	-4.6870293E-09
+2.9640000E+02	-9.4699387E-09	+3.1924631E-09
+2.9680000E+02	-5.8128137E-09	+1.1827175E-08
+2.9720000E+02	+1.1045285E-08	+1.4351016E-08
+2.9760000E+02	+2.0358684E-08	-7.1185313E-09
+2.9800000E+02	-8.7920314E-10	-2.1990663E-08
+2.9840000E+02	-1.8105591E-08	-5.8328307E-09
+2.9880000E+02	-1.0414200E-08	+9.0168155E-09
+2.9920000E+02	-2.9811867E-09	+1.0449624E-08
+2.9960000E+02	+5.0943866E-09	+1.3961470E-08
+3.0000000E+02	+1.9826236E-08	+3.9368605E-09
+3.0040000E+02	+1.2633144E-08	-1.8339173E-08
+3.0080000E+02	-1.0587670E-08	-1.6421560E-08
+3.0120000E+02	-1.2625798E-08	+8.2213701E-10
+3.0160000E+02	-5.5347972E-09	+2.2555718E-09
+3.0200000E+02	-1.0080405E-08	+4.7826158E-09
+3.0240000E+02	-2.8753752E-09	+1.8336584E-08
+3.0280000E+02	+1.8209280E-08	+1.3215060E-08
+3.0320000E+02	+2.0155226E-08	-9.5615045E-09
+3.0360000E+02	+3.3467227E-09	-1.9068886E-08
+3.0400000E+02	-9.3817087E-09	-1.4038439E-08
+3.0440000E+02	-1.7228365E-08	-5.0341472E-09
+3.0480000E+02	-1.7898613E-08	+1.1558604E-08
+3.0520000E+02	+1.5941380E-10	+2.3823895E-08
+3.0560000E+02	+2.1014415E-08	+1.1196879E-08
+3.0600000E+02	+1.7217087E-08	-1.1918112E-08
+3.0640000E+02	-1.6119269E-09	-1.5706237E-08
+3.0680000E+02	-8.3225320E-09	-5.0167723E-09
+3.0720000E+02	-5.6609634E-09	-7.3427999E-10
+3.0760000E+02	-7.1429475E-09	+1.3407842E-09
+3.0800000E+02	-4.6490740E-09	+8.5510486E-09
+3.0840000E+02	+5.3018505E-09	+8.7392247E-09
+3.0880000E+02	+8.8147332E-09	+3.0444170E-10
+3.0920000E+02	+5.4942603E-09	-4.8533080E-09
+3.0960000E+02	+1.5559605E-09	-8.2939451E-09
+3.1000000E+02	-8.0255851E-09	-8.2186086E-09
+3.1040000E+02	-1.3177200E-08	+5.0919420E-09
+3.1080000E+02	+5.1804338E-10	+1.5080615E-08
+3.1120000E+02	+1.3242170E-08	+4.3472887E-09
+3.1160000E+02	+7.9453414E-09	-7.7247684E-09
+3.1200000E+02	+4.2975541E-10	-8.7239051E-09
+3.1240000E+02	-5.6930764E-09	-9.0853499E-09
+3.1280000E+02	-1.5420117E-08	-8.2608523E-10
+3.1320000E+02	-8.7912018E-09	+1.6994480E-08
+3.1360000E+02	+1.3072567E-08	+1.4908338E-08
+3.1400000E+02	+1.6049179E-08	-5.3940146E-09
+3.1440000E+02	+2.2872472E-09	-1.0995923E-08
+3.1480000E+02	-1.4842712E-09	-5.9193389E-09
+3.1520000E+02	-3.3222557E-09	-8.2572675E-09
+3.1560000E+02	-1.3458424E-08	-4.4227755E-09
+3.1600000E+02	-1.3288400E-08	+1.1303026E-08
+3.1640000E+02	+2.5781584E-09	+1.8309161E-08
+3.1680000E+02	+1.6253480E-08	+8.5384735E-09
+3.1720000E+02	+1.6543227E-08	-7.4689215E-09
+3.1760000E+02	+4.1770202E-09	-1.7439067E-08
+3.1800000E+02	-1.0783035E-08	-1.3269692E-08
+3.1840000E+02	-1.5650557E-08	-1.7094705E-10
+3.1880000E+02	-1.0272070E-08	+1.0506029E-08
+3.1920000E+02	+6.3306209E-10	+1.5170954E-08
+3.1960000E+02	+1.3423300E-08	+9.1720983E-09
+3.2000000E+02	+1.4622546E-08	-6.9260788E-09
+3.2040000E+02	+3.9196867E-10	-1.3954144E-08
+3.2080000E+02	-8.4513616E-09	-4.7514637E-09
+3.2120000E+02	-4.3352369E-09	+1.4037228E-09
+3.2160000E+02	-3.7449027E-09	-1.3962097E-10
+3.2200000E+02	-6.1660564E-09	+4.9900223E-09
+3.2240000E+02	+2.3735850E-09	+1.0878515E-08
+3.2280000E+02	+1.2322793E-08	+2.4547109E-09
+3.2320000E+02	+7.2307165E-09	-1.0016987E-08
+3.2360000E+02	-4.7856962E-09	-1.0003919E-08
+3.2400000E+02	-9.6480282E-09	-1.7748920E-09
+3.2440000E+02	-7.8229043E-09	+5.9827216E-09
+3.2480000E+02	-2.7220403E-10	+1.1653256E-08
+3.2520000E+02	+1.2037731E-08	+7.5819271E-09
+3.2560000E+02	+1.3814259E-08	-8.6308371E-09
+3.2600000E+02	-2.3359102E-09	-1.6773336E-08
+3.2640000E+02	-1.5053605E-08	-4.6862606E-09
+3.2680000E+02	-9.6452058E-09	+8.8804877E-09
+3.2720000E+02	+3.9336249E-10	+1.0313883E-08
+3.2760000E+02	+6.2616086E-09	+7.0176854E-09
+3.2800000E+02	+1.0200231E-08	+6.1405359E-10
+3.2840000E+02	+6.7443854E-09	-7.8632572E-09
+3.2880000E+02	-1.4147652E-09	-8.5799475E-09
+3.2920000E+02	-4.4954358E-09	-5.5825134E-09
+3.2960000E+02	-9.1825893E-09	-4.1551569E-09
+3.3000000E+02	-1.3513976E-08	+7.1577059E-09
+3.3040000E+02	+2.6766202E-10	+1.9074023E-08
+3.3080000E+02	+1.7961028E-08	+8.0529957E-09
+3.3120000E+02	+1.3464809E-08	-1.0409788E-08
+3.3160000E+02	+3.7085030E-10	-1.2997282E-08
+3.3200000E+02	-6.5866445E-09	-9.8565320E-09
+3.3240000E+02	-1.4465475E-08	-2.9387509E-09
+3.3280000E+02	-1.1364124E-08	+1.3199258E-08
+3.3320000E+02	+7.8511733E-09	+1.5214603E-08
+3.3360000E+02	+1.3353186E-08	-1.7981182E-09
+3.3400000E+02	+1.8511264E-09	-7.2792557E-09
+3.3440000E+02	-1.2332638E-10	-1.7212182E-09
+3.3480000E+02	+1.4417999E-09	-4.9838199E-09
+3.3520000E+02	-6.2680656E-09	-5.4788767E-09
+3.3560000E+02	-8.0654884E-09	+3.7969631E-09
+3.3600000E+02	-9.3615745E-10	+7.7759702E-09
+3.3640000E+02	+4.5092035E-09	+5.8980581E-09
+3.3680000E+02	+9.3356188E-09	+7.2666631E-10
+3.3720000E+02	+6.3502931E-09	-1.0222058E-08
+3.3760000E+02	-8.3484269E-09	-1.0720455E-08
+3.3800000E+02	-1.2487932E-08	+4.2539689E-09
+3.3840000E+02	-8.7580346E-10	+1.0856994E-08
+3.3880000E+02	+5.8557141E-09	+5.3969370E-09
+3.3920000E+02	+7.6222052E-09	+1.4435715E-09
+3.3960000E+02	+8.9836058E-09	-6.4781234E-09
+3.4000000E+02	-2.1550471E-09	-1.4272535E-08
+3.4040000E+02	-1.5369679E-08	-3.6730290E-09
+3.4080000E+02	-8.3713860E-09	+1.1892301E-08
+3.4120000E+02	+5.4505539E-09	+9.5251359E-09
+3.4160000E+02	+6.2357037E-09	+8.8940349E-10
+3.4200000E+02	+4.0010254E-09	+2.0674541E-10
+3.4240000E+02	+6.7675646E-09	-2.2956380E-09
+3.4280000E+02	+3.3501454E-09	-1.0121347E-08
+3.4320000E+02	-8.3968258E-09	-9.9199232E-09
+3.4360000E+02	-1.3746738E-08	+2.2569119E-09
+3.4400000E+02	-5.3280952E-09	+1.2407612E-08
+3.4440000E+02	+6.0030956E-09	+1.0545863E-08
+3.4480000E+02	+1.0679383E-08	+2.8794421E-09
+3.4520000E+02	+1.0494701E-08	-5.4770235E-09
+3.4560000E+02	+2.7672730E-09	-1.3826136E-08
+3.4600000E+02	-1.2012482E-08	-1.0427480E-08
+3.4640000E+02	-1.4358475E-08	+6.5917389E-09
+3.4680000E+02	+5.2193158E-10	+1.3334719E-08
+3.4720000E+02	+8.4150488E-09	+3.4043154E-09
+3.4760000E+02	+3.8721465E-09	-2.1669998E-09
+3.4800000E+02	+2.7129871E-09	-1.4509711E-09
+3.4840000E+02	+1.9758214E-09	-4.6101618E-09
+3.4880000E+02	-3.4755436E-09	-4.3084847E-09
+3.4920000E+02	-4.2168689E-09	+5.0625760E-10
+3.4960000E+02	-2.6290735E-09	+1.5706433E-09
+3.5000000E+02	-2.7357605E-09	+4.5347136E-09
+3.5040000E+02	+4.4872905E-09	+7.2939678E-09
+3.5080000E+02	+1.0690889E-08	-2.4734618E-09
+3.5120000E+02	+9.5316766E-10	-1.1838317E-08
+3.5160000E+02	-1.0154727E-08	-4.8275560E-09
+3.5200000E+02	-7.9274318E-09	+5.7117571E-09
+3.5240000E+02	-6.3661549E-10	+9.0340057E-09
+3.5280000E+02	+7.3631905E-09	+7.2795907E-09
+3.5320000E+02	+1.2209068E-08	-3.0423721E-09
+3.5360000E+02	+2.6650623E-09	-1.3733322E-08
+3.5400000E+02	-1.1287389E-08	-7.6642782E-09
+3.5440000E+02	-9.8769346E-09	+5.8923853E-09
+3.5480000E+02	-1.0642754E-10	+8.2824234E-09
+3.5520000E+02	+3.5832483E-09	+4.0355869E-09
+3.5560000E+02	+4.1902464E-09	+1.9623612E-09
+3.5600000E+02	+5.5710005E-09	-7.4837514E-10
+3.5640000E+02	+4.2447998E-09	-5.3499979E-09
+3.5680000E+02	-1.3440826E-09	-7.8869809E-09
+3.5720000E+02	-7.9261822E-09	-4.3930677E-09
+3.5760000E+02	-8.7929078E-09	+3.9610207E-09
+3.5800000E+02	-2.3253875E-09	+9.3289794E-09
+3.5840000E+02	+5.3104933E-09	+8.0312695E-09
+3.5880000E+02	+1.0529337E-08	+1.7735779E-09
+3.5920000E+02	+9.0223452E-09	-8.7796350E-09
+3.5960000E+02	-3.7779092E-09	-1.3563217E-08
+3.6000000E+02	-1.3888620E-08	-2.0474781E-09
+3.6040000E+02	-6.1048546E-09	+1.0419834E-08
+3.6080000E+02	+5.0899812E-09	+6.8692050E-09
+3.6120000E+02	+4.4584843E-09	-2.6859768E-10
+3.6160000E+02	+2.3523417E-09	-3.5472107E-10
+3.6200000E+02	+3.4637871E-09	-2.3648340E-09
+3.6240000E+02	-5.5116355E-10	-5.4580213E-09
+3.6280000E+02	-5.0784267E-09	-1.7104173E-09
+3.6320000E+02	-3.1386198E-09	+2.7726384E-09
+3.6360000E+02	-3.9680579E-10	+3.0027699E-09
+3.6400000E+02	+1.2310776E-09	+3.2325519E-09
+3.6440000E+02	+4.7585732E-09	+1.7176364E-09
+3.6480000E+02	+5.0461588E-09	-4.4056458E-09
+3.6520000E+02	-2.1033959E-09	-7.7895186E-09
+3.6560000E+02	-9.0014342E-09	-1.6563015E-09
+3.6600000E+02	-5.8269519E-09	+8.0250144E-09
+3.6640000E+02	+4.8191389E-09	+9.0049743E-09
+3.6680000E+02	+9.8800369E-09	-1.7148812E-10
+3.6720000E+02	+4.4159577E-09	-7.8231656E-09
+3.6760000E+02	-3.3232603E-09	-7.2526480E-09
+3.6800000E+02	-7.2265434E-09	-2.0360146E-09
+3.6840000E+02	-6.1687415E-09	+4.4293743E-09
+3.6880000E+02	+2.4982791E-10	+7.4336410E-09
+3.6920000E+02	+5.4665824E-09	+3.2094427E-09
+3.6960000E+02	+4.1564107E-09	-1.4264036E-09
+3.7000000E+02	+2.5355767E-09	-2.0548128E-09
+3.7040000E+02	+2.0363429E-09	-4.3479431E-09
+3.7080000E+02	-3.0798789E-09	-5.9512161E-09
+3.7120000E+02	-7.5050177E-09	-5.8047519E-10
+3.7160000E+02	-4.6929565E-09	+5.6144842E-09
+3.7200000E+02	+8.5831133E-10	+7.0796792E-09
+3.7240000E+02	+6.4392572E-09	+4.8104900E-09
+3.7280000E+02	+9.0293594E-09	-2.9738417E-09
+3.7320000E+02	+1.7734932E-09	-1.0146441E-08
+3.7360000E+02	-7.9240930E-09	-5.7380509E-09
+3.7400000E+02	-7.3422809E-09	+3.5134885E-09
+3.7440000E+02	-1.2084222E-09	+6.1719673E-09
+3.7480000E+02	+3.0272669E-09	+4.5369299E-09
+3.7520000E+02	+5.6110159E-09	+5.8774212E-10
+3.7560000E+02	+3.2027369E-09	-4.5887517E-09
+3.7600000E+02	-2.3554740E-09	-3.9628929E-09
+3.7640000E+02	-2.8326790E-09	+1.3860081E-11
+3.7680000E+02	-1.5600630E-09	+4.3864770E-10
+3.7720000E+02	-2.2688275E-09	+1.9377503E-09
+3.7760000E+02	+1.1485855E-09	+4.3432388E-09
+3.7800000E+02	+5.0685431E-09	+4.1411595E-10
+3.7840000E+02	+2.1087716E-09	-4.1014758E-09
+3.7880000E+02	-1.5728004E-09	-3.1829807E-09
+3.7920000E+02	-2.9788130E-09	-1.8674704E-09
+3.7960000E+02	-5.1433509E-09	+1.2062652E-09
+3.8000000E+02	-1.8191904E-09	+7.0559365E-09
+3.8040000E+02	+6.7534197E-09	+5.1457135E-09
+3.8080000E+02	+7.4773373E-09	-4.1762466E-09
+3.8120000E+02	-2.1852326E-10	-7.7324888E-09
+3.8160000E+02	-5.6189626E-09	-3.5588313E-09
+3.8200000E+02	-5.5972588E-09	+1.8992565E-09
+3.8240000E+02	-1.8610615E-09	+5.0878184E-09
+3.8280000E+02	+2.4008179E-09	+3.9989783E-09
+3.8320000E+02	+3.5793784E-09	+1.0636494E-09
+3.8360000E+02	+3.5631645E-09	-9.0228853E-10
+3.8400000E+02	+2.6026709E-09	-3.8947175E-09
+3.8440000E+02	-2.0044307E-09	-5.0671443E-09
+3.8480000E+02	-5.1115263E-09	-1.0032929E-09
+3.8520000E+02	-3.4604832E-09	+2.5263833E-09
+3.8560000E+02	-1.6422319E-09	+4.0096302E-09
+3.8600000E+02	+2.2890558E-09	+5.6303630E-09
+3.8640000E+02	+7.8151715E-09	+9.1997231E-10
+3.8680000E+02	+4.1297830E-09	-7.4441222E-09
+3.8720000E+02	-4.8851638E-09	-5.9015496E-09
+3.8760000E+02	-5.5109590E-09	+1.3283905E-09
+3.8800000E+02	-1.8430927E-09	+3.2052604E-09
+3.8840000E+02	-1.8374543E-11	+3.6596204E-09
+3.8880000E+02	+3.8668129E-09	+2.9313146E-09
+3.8920000E+02	+4.5920335E-09	-2.8497213E-09
+3.8960000E+02	-1.3122061E-09	-4.6321185E-09
+3.9000000E+02	-3.2506174E-09	-6.9092281E-11
+3.9040000E+02	-8.5493793E-10	+1.0174268E-09
+3.9080000E+02	-1.3595190E-09	+8.8973560E-10
+3.9120000E+02	+2.5907639E-10	+3.2061732E-09
+3.9160000E+02	+3.9944805E-09	+7.5680080E-10
+3.9200000E+02	+1.7173607E-09	-3.4467775E-09
+3.9240000E+02	-1.6516023E-09	-2.0978010E-09
+3.9280000E+02	-1.4604553E-09	-8.6846315E-10
+3.9320000E+02	-3.2392179E-09	-3.0542671E-10
+3.9360000E+02	-2.8017736E-09	+4.5195414E-09
+3.9400000E+02	+4.1122480E-09	+5.1529107E-09
+3.9440000E+02	+6.3169189E-09	-2.1036871E-09
+3.9480000E+02	+6.8276116E-10	-5.5758851E-09
+3.9520000E+02	-2.9603697E-09	-3.0098559E-09
+3.9560000E+02	-3.8077797E-09	-6.4993381E-10
+3.9600000E+02	-3.8591275E-09	+2.7247508E-09
+3.9640000E+02	+3.4073285E-10	+5.3936134E-09
+3.9680000E+02	+4.7289134E-09	+2.0988214E-09
+3.9720000E+02	+3.3117931E-09	-2.3670194E-09
+3.9760000E+02	+4.0054263E-10	-2.6447538E-09
+3.9800000E+02	-4.1749844E-10	-2.1336184E-09
+3.9840000E+02	-1.9567168E-09	-2.2406826E-09
+3.9880000E+02	-3.9739027E-09	-2.6425776E-11
+3.9920000E+02	-2.8231622E-09	+3.8872709E-09
+3.9960000E+02	+1.9773790E-09	+5.0796201E-09
+4.0000000E+02	+5.7521000E-09	+9.0383381E-10
