+0.0000000E+00	+1.4596512E-07	+0.0000000E+00
+4.0000000E-01	+1.1644775E-07	-9.1643667E-08
+8.0000000E-01	+3.2110039E-08	-1.4977177E-07
+1.2000000E+00	-7.6477409E-08	-1.3540848E-07
+1.6000000E+00	-1.4143163E-07	-4.9829783E-08
+2.0000000E+00	-1.3566691E-07	+4.1379699E-08
+2.4000000E+00	-9.8048285E-08	+1.1368900E-07
+2.8000000E+00	-8.6975525E-09	+1.8013904E-07
+3.2000000E+00	+1.4511581E-07	+1.5229011E-07
+3.6000000E+00	+2.1893892E-07	-1.2123198E-08
+4.0000000E+00	+1.3278775E-07	-1.5805332E-07
+4.4000000E+00	-1.2536391E-09	-1.9432551E-07
+4.8000000E+00	-1.3168277E-07	-1.5816415E-07
+5.2000000E+00	-2.2640624E-07	-1.4863777E-08
+5.6000000E+00	-1.5161882E-07	+1.6924945E-07
+6.0000000E+00	+3.1165768E-08	+1.9342771E-07
+6.4000000E+00	+1.1755365E-07	+9.7408127E-08
+6.8000000E+00	+1.4034295E-07	+2.5707881E-08
+7.2000000E+00	+1.5009744E-07	-8.2172806E-08
+7.6000000E+00	+2.9008098E-08	-1.9034587E-07
+8.0000000E+00	-1.3976752E-07	-1.2028136E-07
+8.4000000E+00	-1.4432662E-07	+4.5375384E-08
+8.8000000E+00	-3.1647820E-08	+1.0607601E-07
+9.2000000E+00	+4.9775277E-08	+5.9042995E-08
+9.6000000E+00	+4.9449231E-08	-2.0008037E-08
+1.0000000E+01	-2.7810371E-08	-4.0892940E-08
+1.0400000E+01	-6.0262099E-08	+4.6736773E-08
+1.0800000E+01	+3.9463576E-08	+9.9710145E-08
+1.1200000E+01	+1.2424153E-07	+7.9766720E-09
+1.1600000E+01	+7.2373322E-08	-1.0348678E-07
+1.2000000E+01	-4.1360654E-08	-1.1133237E-07
+1.2400000E+01	-9.9065645E-08	-2.1395367E-08
+1.2800000E+01	-3.5846007E-08	+5.1243944E-08
+1.3200000E+01	+1.7600417E-08	-1.5994992E-08
+1.3600000E+01	-1.0182851E-07	-4.5284969E-08
+1.4000000E+01	-1.3912358E-07	+1.5662454E-07
+1.4400000E+01	+1.2722683E-07	+2.4934934E-07
+1.4800000E+01	+2.9900018E-07	-1.3171119E-08
+1.5200000E+01	+1.2642217E-07	-2.3472788E-07
+1.5600000E+01	-6.6677947E-08	-2.0734262E-07
+1.6000000E+01	-1.7463115E-07	-1.3117796E-07
+1.6400000E+01	-2.6271987E-07	+4.0433187E-08
+1.6800000E+01	-1.2080162E-07	+2.6721571E-07
+1.7200000E+01	+1.5540274E-07	+2.1755014E-07
+1.7600000E+01	+1.9757333E-07	-8.9188902E-10
+1.8000000E+01	+1.0672623E-07	-7.8892577E-08
+1.8400000E+01	+6.3792411E-08	-1.1590932E-07
+1.8800000E+01	-3.9813569E-08	-1.4682238E-07
+1.9200000E+01	-1.2746568E-07	-5.9345161E-08
+1.9600000E+01	-1.1477094E-07	+2.4623598E-08
+2.0000000E+01	-9.9813710E-08	+9.7363153E-08
+2.0400000E+01	+2.9053251E-08	+1.8290383E-07
+2.0800000E+01	+1.9657652E-07	+3.7827454E-08
+2.1200000E+01	+5.7247060E-08	-1.5585078E-07
+2.1600000E+01	-9.8985982E-08	-1.5997989E-08
+2.2000000E+01	+6.5567955E-08	+5.8133479E-08
+2.2400000E+01	+4.2495574E-08	-1.5402082E-07
+2.2800000E+01	-2.2570184E-07	-4.3123453E-08
+2.3200000E+01	-5.0478331E-08	+2.7461181E-07
+2.3600000E+01	+3.0266390E-07	+6.6901037E-08
+2.4000000E+01	+1.0251325E-07	-3.0493031E-07
+2.4400000E+01	-2.6613794E-07	-1.5883476E-07
+2.4800000E+01	-2.1629931E-07	+1.7397819E-07
+2.5200000E+01	+3.8733978E-08	+2.3987608E-07
+2.5600000E+01	+2.0228467E-07	+9.9281675E-08
+2.6000000E+01	+1.8561963E-07	-1.0836606E-07
+2.6400000E+01	-1.4495891E-10	-1.8411427E-07
+2.6800000E+01	-1.0408502E-07	-6.5605316E-08
+2.7200000E+01	-5.5072521E-08	+8.7903209E-10
+2.7600000E+01	-5.4829868E-08	-1.5283892E-08
+2.8000000E+01	-8.3092770E-08	+2.1384334E-08
+2.8400000E+01	-8.4981724E-08	+7.6873302E-08
+2.8800000E+01	-3.6791248E-08	+1.9751486E-07
+2.9200000E+01	+2.3988268E-07	+2.2672032E-07
+2.9600000E+01	+4.1022874E-07	-1.7517494E-07
+3.0000000E+01	-3.1137797E-08	-4.9931289E-07
+3.0400000E+01	-4.5150216E-07	-1.1520768E-07
+3.0800000E+01	-1.8399780E-07	+2.9359469E-07
+3.1200000E+01	+1.0402030E-07	+1.4036157E-07
+3.1600000E+01	+1.3652680E-08	+3.3888017E-08
+3.2000000E+01	+7.7657286E-08	+1.2271375E-07
+3.2400000E+01	+1.9616501E-07	-4.2828947E-08
+3.2800000E+01	+1.6076006E-08	-1.7535008E-07
+3.3200000E+01	-8.1979316E-08	-4.4910806E-08
+3.3600000E+01	-2.2590768E-08	-2.9596098E-08
+3.4000000E+01	-1.0808280E-07	-3.2287494E-08
+3.4400000E+01	-8.0823248E-08	+1.3194879E-07
+3.4800000E+01	+1.1249416E-07	+9.2123946E-08
+3.5200000E+01	+6.0361627E-08	-7.6725446E-08
+3.5600000E+01	-4.6395973E-08	-1.6834716E-09
+3.6000000E+01	+6.1982973E-08	+2.8780716E-08
+3.6400000E+01	+2.2519078E-08	-1.1688421E-07
+3.6800000E+01	-1.5859009E-07	-2.8831210E-08
+3.7200000E+01	-5.5017497E-08	+1.8262437E-07
+3.7600000E+01	+1.7670114E-07	+1.0556727E-07
+3.8000000E+01	+1.6894864E-07	-1.2527542E-07
+3.8400000E+01	-2.5550285E-08	-2.1420049E-07
+3.8800000E+01	-2.0508798E-07	-9.8038954E-08
+3.9200000E+01	-1.9599708E-07	+1.2516139E-07
+3.9600000E+01	-4.0985606E-09	+2.1691245E-07
+4.0000000E+01	+1.3943487E-07	+1.2812580E-07
+4.0400000E+01	+1.8832887E-07	+8.5871280E-09
+4.0800000E+01	+1.5978559E-07	-1.5864473E-07
+4.1200000E+01	-6.5108200E-08	-2.4339145E-07
+4.1600000E+01	-2.2670093E-07	-2.6866278E-08
+4.2000000E+01	-5.1899682E-08	+1.3521416E-07
+4.2400000E+01	+3.7211620E-08	-1.3418968E-08
+4.2800000E+01	-1.3339537E-07	-1.3580357E-09
+4.3200000E+01	-5.3886898E-08	+2.3300850E-07
+4.3600000E+01	+2.4295549E-07	+1.6266922E-07
+4.4000000E+01	+2.5820952E-07	-1.4181505E-07
+4.4400000E+01	+3.0972470E-08	-2.7778098E-07
+4.4800000E+01	-2.0436447E-07	-1.9872843E-07
+4.5200000E+01	-2.9197927E-07	+7.6219947E-08
+4.5600000E+01	-3.7496955E-08	+2.8571512E-07
+4.6000000E+01	+2.0770968E-07	+7.8100120E-08
+4.6400000E+01	+2.9375348E-08	-1.1577766E-07
+4.6800000E+01	-6.1188422E-08	+7.8005849E-08
+4.7200000E+01	+1.8893749E-07	+6.1951398E-08
+4.7600000E+01	+1.0031668E-07	-2.5605322E-07
+4.8000000E+01	-2.6109949E-07	-1.4146314E-07
+4.8400000E+01	-1.5748548E-07	+2.1532997E-07
+4.8800000E+01	+1.4406231E-07	+1.4053463E-07
+4.9200000E+01	+9.9726351E-08	-6.9619491E-08
+4.9600000E+01	-4.2564263E-09	-4.8981626E-08
+5.0000000E+01	+2.1628068E-09	-4.5955363E-08
+5.0400000E+01	-7.4654914E-08	-4.8194410E-08
+5.0800000E+01	-8.1310210E-08	+7.5186237E-08
+5.1200000E+01	+4.8302221E-08	+8.8653272E-08
+5.1600000E+01	+5.9214872E-08	-9.7241625E-09
+5.2000000E+01	+1.2422205E-08	+3.2783567E-09
+5.2400000E+01	+7.2898697E-08	+7.0801333E-09
+5.2800000E+01	+7.1207712E-08	-1.0932984E-07
+5.3200000E+01	-8.0047492E-08	-1.5208638E-07
+5.3600000E+01	-2.0264993E-07	-1.6280537E-08
+5.4000000E+01	-1.4225203E-07	+1.8432288E-07
+5.4400000E+01	+9.3771697E-08	+2.3848984E-07
+5.4800000E+01	+2.5697150E-07	+3.0042822E-08
+5.5200000E+01	+1.2568814E-07	-1.9065842E-07
+5.5600000E+01	-7.9673495E-08	-1.4532639E-07
+5.6000000E+01	-8.4566288E-08	-1.1509083E-08
+5.6400000E+01	-3.2566254E-08	-1.3565279E-08
+5.6800000E+01	-8.4021530E-08	-2.2494227E-08
+5.7200000E+01	-1.1256481E-07	+7.9002426E-08
+5.7600000E+01	-3.4818608E-09	+1.7563766E-07
+5.8000000E+01	+1.6703528E-07	+1.1935852E-07
+5.8400000E+01	+2.0588705E-07	-8.5533762E-08
+5.8800000E+01	+2.8168946E-08	-2.1871253E-07
+5.9200000E+01	-1.5552429E-07	-1.1798060E-07
+5.9600000E+01	-1.4581996E-07	+5.3197930E-08
+6.0000000E+01	-3.7149618E-08	+1.1101148E-07
+6.0400000E+01	+4.5598034E-08	+7.9595510E-08
+6.0800000E+01	+6.9191457E-08	+8.3364373E-09
+6.1200000E+01	+2.2902431E-08	-2.7109140E-08
+6.1600000E+01	+1.7690739E-08	+4.5298441E-09
+6.2000000E+01	+5.7049879E-08	-4.5890735E-08
+6.2400000E+01	-5.3698345E-08	-1.1268157E-07
+6.2800000E+01	-1.5566373E-07	+4.6998149E-08
+6.3200000E+01	+3.2199452E-08	+1.7809807E-07
+6.3600000E+01	+1.7493978E-07	-1.2660847E-08
+6.4000000E+01	+7.4803107E-09	-1.4062566E-07
+6.4400000E+01	-7.2775176E-08	-1.8203027E-08
+6.4800000E+01	-5.1784115E-09	-1.9743171E-08
+6.5200000E+01	-1.1315878E-07	-4.0061170E-08
+6.5600000E+01	-1.0835518E-07	+1.7657543E-07
+6.6000000E+01	+1.8926636E-07	+1.7053381E-07
+6.6400000E+01	+1.9022105E-07	-1.5635952E-07
+6.6800000E+01	-1.1013781E-07	-1.4628306E-07
+6.7200000E+01	-5.0325669E-08	+9.2648533E-08
+6.7600000E+01	+1.2864235E-07	-5.4547003E-08
+6.8000000E+01	-1.1610431E-07	-2.0640210E-07
+6.8400000E+01	-2.8078499E-07	+1.0417777E-07
+6.8800000E+01	+3.0782695E-08	+2.9892458E-07
+6.9200000E+01	+2.3354004E-07	+5.5057023E-08
+6.9600000E+01	+9.6113483E-08	-1.0250442E-07
+7.0000000E+01	+3.8823603E-08	-6.1996327E-08
+7.0400000E+01	+3.1724879E-08	-1.2871368E-07
+7.0800000E+01	-1.3452121E-07	-1.3267697E-07
+7.1200000E+01	-1.8340149E-07	+7.0382818E-08
+7.1600000E+01	-1.3540745E-08	+1.5554357E-07
+7.2000000E+01	+6.5249778E-08	+6.2744476E-08
+7.2400000E+01	+5.0536168E-08	+3.8897444E-08
+7.2800000E+01	+1.0638518E-07	+9.0621469E-09
+7.3200000E+01	+7.4069526E-08	-1.1368045E-07
+7.3600000E+01	-7.4046029E-08	-1.0277823E-07
+7.4000000E+01	-7.8507622E-08	+2.4331862E-08
+7.4400000E+01	-3.0647778E-10	+1.6131267E-08
+7.4800000E+01	-5.1067806E-08	-1.3459430E-08
+7.5200000E+01	-5.3694345E-08	+9.2968335E-08
+7.5600000E+01	+9.7731008E-08	+9.5467240E-08
+7.6000000E+01	+1.1775172E-07	-7.2434926E-08
+7.6400000E+01	-3.2479458E-08	-1.1294893E-07
+7.6800000E+01	-8.4723718E-08	-9.8622498E-09
+7.7200000E+01	-4.9058633E-08	+3.9447461E-08
+7.7600000E+01	-1.9472331E-08	+8.1622277E-08
+7.8000000E+01	+1.0016301E-07	+8.9300785E-08
+7.8400000E+01	+1.6098439E-07	-9.3979394E-08
+7.8800000E+01	-5.7486261E-08	-2.1593871E-07
+7.9200000E+01	-2.3259937E-07	-3.5600154E-10
+7.9600000E+01	-5.5163206E-08	+2.0027487E-07
+8.0000000E+01	+1.3026848E-07	+7.8799432E-08
+8.0400000E+01	+5.7584006E-08	-5.4108281E-08
+8.0800000E+01	-7.0680629E-09	-4.3191053E-09
+8.1200000E+01	+4.6140151E-08	+6.2979745E-09
+8.1600000E+01	+3.8415651E-08	-5.7305755E-08
+8.2000000E+01	-1.5240163E-08	-6.6501207E-08
+8.2400000E+01	-5.3728644E-08	-5.9828235E-08
+8.2800000E+01	-1.2358087E-07	-1.1037908E-08
+8.3200000E+01	-1.0285802E-07	+1.3431280E-07
+8.3600000E+01	+7.9617760E-08	+1.7347587E-07
+8.4000000E+01	+1.8004193E-07	+1.4386720E-08
+8.4400000E+01	+9.7799871E-08	-1.1178205E-07
+8.4800000E+01	+2.4592298E-09	-1.2662954E-07
+8.5200000E+01	-8.8712713E-08	-1.1064468E-07
+8.5600000E+01	-1.6742097E-07	+9.7366442E-09
+8.6000000E+01	-6.3726259E-08	+1.5865649E-07
+8.6400000E+01	+1.0596535E-07	+9.2614675E-08
+8.6800000E+01	+6.7086149E-08	-4.9906144E-08
+8.7200000E+01	-2.3967592E-08	-8.8570627E-09
+8.7600000E+01	+4.5323303E-08	+3.6147725E-08
+8.8000000E+01	+6.8443182E-08	-6.6819841E-08
+8.8400000E+01	-4.9924145E-08	-9.2081359E-08
+8.8800000E+01	-8.6663780E-08	+1.0635901E-08
+8.9200000E+01	-2.6939651E-08	+5.0684359E-08
+8.9600000E+01	-1.4235327E-09	+4.5616124E-08
+9.0000000E+01	+4.1819601E-08	+5.0790789E-08
+9.0400000E+01	+8.4509710E-08	-2.1945006E-08
+9.0800000E+01	+5.8194423E-09	-9.8277073E-08
+9.1200000E+01	-9.2108716E-08	-3.6346268E-08
+9.1600000E+01	-6.5841212E-08	+6.5540006E-08
+9.2000000E+01	+1.8088800E-08	+8.7109191E-08
+9.2400000E+01	+8.8517985E-08	+4.5157991E-08
+9.2800000E+01	+1.0887042E-07	-6.0092266E-08
+9.3200000E+01	-3.2003319E-09	-1.5033418E-07
+9.3600000E+01	-1.5077248E-07	-6.4424614E-08
+9.4000000E+01	-1.1463553E-07	+1.0840481E-07
+9.4400000E+01	+4.3216908E-08	+1.2427376E-07
+9.4800000E+01	+9.0503516E-08	+1.2169860E-08
+9.5200000E+01	+3.1525228E-08	-3.4816346E-08
+9.5600000E+01	+8.8972103E-09	-1.1967842E-08
+9.6000000E+01	+2.3172328E-08	-1.5861935E-08
+9.6400000E+01	+1.2354961E-08	-3.8932444E-08
+9.6800000E+01	-1.2215036E-08	-4.7086769E-08
+9.7200000E+01	-5.0066659E-08	-5.1106835E-08
+9.7600000E+01	-1.1739583E-07	-1.3464164E-09
+9.8000000E+01	-9.7499542E-08	+1.4495381E-07
+9.8400000E+01	+1.1009296E-07	+1.9958911E-07
+9.8800000E+01	+2.6117819E-07	-2.2926130E-08
+9.9200000E+01	+7.7313880E-08	-2.5473699E-07
+9.9600000E+01	-1.8669301E-07	-1.4445701E-07
+1.0000000E+02	-1.5104743E-07	+9.2095924E-08
+1.0040000E+02	+1.3151285E-08	+1.0173446E-07
+1.0080000E+02	+2.7162325E-08	+2.4274449E-08
+1.0120000E+02	+2.1840752E-08	+3.6229785E-08
+1.0160000E+02	+6.6802476E-08	-2.2578430E-09
+1.0200000E+02	+8.5496124E-09	-6.6235636E-08
+1.0240000E+02	-5.2657110E-08	+2.0741520E-09
+1.0280000E+02	+2.8482809E-08	+4.5336285E-08
+1.0320000E+02	+5.2273503E-08	-5.4267751E-08
+1.0360000E+02	-6.4975548E-08	-6.8166669E-08
+1.0400000E+02	-8.1796122E-08	+5.6403410E-08
+1.0440000E+02	+3.3791431E-08	+8.5382997E-08
+1.0480000E+02	+7.8445225E-08	-4.8381790E-09
+1.0520000E+02	+2.6262800E-08	-6.4395312E-08
+1.0560000E+02	-4.4565735E-08	-5.8629327E-08
+1.0600000E+02	-8.9445223E-08	+1.6245602E-08
+1.0640000E+02	-2.2725637E-08	+1.0978558E-07
+1.0680000E+02	+1.0712633E-07	+6.6746418E-08
+1.0720000E+02	+9.9943599E-08	-7.4361072E-08
+1.0760000E+02	-1.8733450E-08	-1.0279760E-07
+1.0800000E+02	-6.5032874E-08	-3.7486595E-08
+1.0840000E+02	-6.7598182E-08	-4.1802816E-09
+1.0880000E+02	-7.7391427E-08	+5.6844075E-08
+1.0920000E+02	+1.3582527E-08	+1.2287831E-07
+1.0960000E+02	+1.2361659E-07	+3.3580172E-08
+1.1000000E+02	+5.2545671E-08	-8.8671024E-08
+1.1040000E+02	-4.8415293E-08	-2.8370015E-08
+1.1080000E+02	+2.5835738E-08	+3.5415774E-08
+1.1120000E+02	+6.2764879E-08	-7.5767091E-08
+1.1160000E+02	-8.7066400E-08	-1.1410586E-07
+1.1200000E+02	-1.5247833E-07	+4.7554961E-08
+1.1240000E+02	-2.3825900E-08	+1.4293910E-07
+1.1280000E+02	+7.4790452E-08	+8.7403563E-08
+1.1320000E+02	+1.0610914E-07	+3.0655575E-08
+1.1360000E+02	+1.3156920E-07	-6.7130923E-08
+1.1400000E+02	+1.1397297E-08	-1.8889272E-07
+1.1440000E+02	-1.8685259E-07	-9.2107074E-08
+1.1480000E+02	-1.4030681E-07	+1.3861440E-07
+1.1520000E+02	+7.5042905E-08	+1.4214269E-07
+1.1560000E+02	+1.0859048E-07	-2.5140040E-08
+1.1600000E+02	-9.5947125E-10	-6.4722230E-08
+1.1640000E+02	-3.2915906E-08	-4.5979824E-09
+1.1680000E+02	-8.0126037E-09	+2.1252019E-08
+1.1720000E+02	+2.3258298E-08	+2.1823249E-08
+1.1760000E+02	+4.7053405E-08	-2.6718954E-08
+1.1800000E+02	-2.3650479E-08	-7.5124882E-08
+1.1840000E+02	-9.5713145E-08	+1.4324467E-08
+1.1880000E+02	+3.9991552E-09	+1.0344287E-07
+1.1920000E+02	+9.8660693E-08	+3.1147540E-09
+1.1960000E+02	+6.7017555E-09	-8.3275299E-08
+1.2000000E+02	-5.6896438E-08	-7.7776003E-09
+1.2040000E+02	-3.9335595E-09	+1.7810466E-08
+1.2080000E+02	-3.1572438E-08	-1.1953264E-08
+1.2120000E+02	-4.6657372E-08	+8.0043899E-08
+1.2160000E+02	+1.0946929E-07	+9.8163382E-08
+1.2200000E+02	+1.5092465E-07	-1.0425343E-07
+1.2240000E+02	-6.2882543E-08	-1.8049596E-07
+1.2280000E+02	-1.6672184E-07	+2.8718513E-09
+1.2320000E+02	-4.6255743E-08	+1.0765071E-07
+1.2360000E+02	+2.4265744E-08	+5.9319228E-08
+1.2400000E+02	+3.1319382E-08	+4.8820428E-08
+1.2440000E+02	+8.2332615E-08	+1.8005634E-08
+1.2480000E+02	+5.5071933E-08	-6.9480062E-08
+1.2520000E+02	-3.0044904E-08	-5.2870542E-08
+1.2560000E+02	-8.2558071E-09	-1.9023052E-09
+1.2600000E+02	+5.9582578E-10	-5.5141285E-08
+1.2640000E+02	-1.0066758E-07	-4.0266406E-08
+1.2680000E+02	-9.3648866E-08	+1.0068261E-07
+1.2720000E+02	+5.3153368E-08	+1.2552938E-07
+1.2760000E+02	+1.1058725E-07	+1.7368089E-08
+1.2800000E+02	+7.4552391E-08	-4.8722792E-08
+1.2840000E+02	+3.5054857E-08	-9.1239208E-08
+1.2880000E+02	-6.3603960E-08	-1.0529486E-07
+1.2920000E+02	-1.3556325E-07	+1.0692969E-08
+1.2960000E+02	-3.8895349E-08	+1.2082974E-07
+1.3000000E+02	+7.6448683E-08	+6.3755946E-08
+1.3040000E+02	+5.9516252E-08	-2.6324671E-08
+1.3080000E+02	+1.0953083E-08	-3.7178790E-08
+1.3120000E+02	-1.3251613E-08	-2.9490569E-08
+1.3160000E+02	-3.4188395E-08	-5.2745671E-10
+1.3200000E+02	-1.4791417E-09	+3.3328238E-08
+1.3240000E+02	+3.2163930E-08	-6.6157137E-09
+1.3280000E+02	-1.8858062E-08	-3.1604539E-08
+1.3320000E+02	-3.1061049E-08	+3.2241459E-08
+1.3360000E+02	+4.4572577E-08	+3.1192847E-08
+1.3400000E+02	+3.3174888E-08	-5.1890642E-08
+1.3440000E+02	-4.8524735E-08	-3.5134593E-08
+1.3480000E+02	-2.9892130E-08	+3.1336503E-08
+1.3520000E+02	+5.1807256E-09	+7.8350044E-09
+1.3560000E+02	-3.5434675E-08	+1.5827066E-08
+1.3600000E+02	+1.4494031E-08	+9.1865041E-08
+1.3640000E+02	+1.4062738E-07	+1.8172495E-08
+1.3680000E+02	+7.3865706E-08	-1.5728161E-07
+1.3720000E+02	-1.2820151E-07	-1.2742503E-07
+1.3760000E+02	-1.4863963E-07	+6.1202141E-08
+1.3800000E+02	-1.5577930E-08	+1.1943193E-07
+1.3840000E+02	+4.5867748E-08	+6.7522130E-08
+1.3880000E+02	+7.2640212E-08	+4.3302288E-08
+1.3920000E+02	+1.1174980E-07	-3.4318632E-08
+1.3960000E+02	+2.0571096E-08	-1.3569051E-07
+1.4000000E+02	-1.1680046E-07	-5.7533366E-08
+1.4040000E+02	-5.4765324E-08	+7.9943964E-08
+1.4080000E+02	+5.7185967E-08	+1.5532156E-08
+1.4120000E+02	-3.4777888E-08	-6.8099970E-08
+1.4160000E+02	-1.0846619E-07	+6.4661279E-08
+1.4200000E+02	+5.5349450E-08	+1.5384979E-07
+1.4240000E+02	+1.7508754E-07	-1.1045932E-08
+1.4280000E+02	+4.4920459E-08	-1.5561002E-07
+1.4320000E+02	-1.0018090E-07	-8.4520832E-08
+1.4360000E+02	-9.0481328E-08	+3.0790177E-08
+1.4400000E+02	-2.6370177E-08	+6.3707266E-08
+1.4440000E+02	+1.9670737E-08	+5.4119630E-08
+1.4480000E+02	+5.0242316E-08	+2.2146429E-08
+1.4520000E+02	+4.8255364E-08	-2.4472143E-08
+1.4560000E+02	+9.4108869E-09	-5.5094941E-08
+1.4600000E+02	-4.6569079E-08	-4.0342282E-08
+1.4640000E+02	-6.2126219E-08	+2.9106275E-08
+1.4680000E+02	+8.5810012E-09	+7.1930397E-08
+1.4720000E+02	+6.8648958E-08	+9.6206396E-09
+1.4760000E+02	+1.9616968E-08	-5.3583198E-08
+1.4800000E+02	-3.2508821E-08	-1.6196353E-08
+1.4840000E+02	+1.3032578E-09	+1.5769169E-08
+1.4880000E+02	+1.3975898E-08	-2.5407556E-08
+1.4920000E+02	-4.1500051E-08	-3.0735248E-08
+1.4960000E+02	-5.7435163E-08	+3.5040165E-08
+1.5000000E+02	+1.6749785E-09	+7.5197581E-08
+1.5040000E+02	+6.4827154E-08	+4.6567689E-08
+1.5080000E+02	+8.4642224E-08	-1.9632810E-08
+1.5120000E+02	+4.7253661E-08	-8.7289860E-08
+1.5160000E+02	-4.4463469E-08	-1.0709291E-07
+1.5200000E+02	-1.3031801E-07	-3.0326684E-08
+1.5240000E+02	-1.0497941E-07	+1.0369603E-07
+1.5280000E+02	+3.9270954E-08	+1.4527664E-07
+1.5320000E+02	+1.3355813E-07	+3.1083492E-08
+1.5360000E+02	+7.2926277E-08	-7.8387494E-08
+1.5400000E+02	-9.2202418E-09	-6.8267902E-08
+1.5440000E+02	-2.4999467E-08	-4.0760840E-08
+1.5480000E+02	-5.3243528E-08	-2.8765161E-08
+1.5520000E+02	-6.1678056E-08	+3.3745054E-08
+1.5560000E+02	+6.0893305E-09	+5.6993061E-08
+1.5600000E+02	+2.0752086E-08	+3.4412747E-09
+1.5640000E+02	-1.7854151E-08	+2.3736019E-08
+1.5680000E+02	+5.0683818E-08	+6.2354268E-08
+1.5720000E+02	+1.0774896E-07	-4.6348761E-08
+1.5760000E+02	-1.4981098E-08	-1.3042639E-07
+1.5800000E+02	-1.1797035E-07	-2.5961207E-08
+1.5840000E+02	-5.6832334E-08	+7.3900102E-08
+1.5880000E+02	+1.3498148E-08	+6.5678013E-08
+1.5920000E+02	+5.1793674E-08	+4.4994271E-08
+1.5960000E+02	+8.7856458E-08	-2.2796238E-08
+1.6000000E+02	+1.0964955E-08	-1.0860255E-07
+1.6040000E+02	-1.0665488E-07	-4.0425166E-08
+1.6080000E+02	-5.8772579E-08	+8.5163670E-08
+1.6120000E+02	+5.0351418E-08	+6.1061044E-08
+1.6160000E+02	+4.5008684E-08	-1.1916255E-08
+1.6200000E+02	+1.8012746E-08	-1.3510501E-08
+1.6240000E+02	+2.3482034E-08	-2.9085413E-08
+1.6280000E+02	-1.8697515E-08	-5.0965846E-08
+1.6320000E+02	-5.5694221E-08	-4.4748276E-09
+1.6360000E+02	-2.3281967E-08	+3.4625902E-08
+1.6400000E+02	-7.2799969E-10	+2.1347259E-08
+1.6440000E+02	-6.0641510E-09	+2.8373151E-08
+1.6480000E+02	+2.7526239E-08	+4.6693811E-08
+1.6520000E+02	+7.6099059E-08	+8.3853275E-09
+1.6560000E+02	+6.5682370E-08	-7.1060878E-08
+1.6600000E+02	-2.4068277E-08	-1.1611825E-07
+1.6640000E+02	-1.3195336E-07	-5.0181721E-08
+1.6680000E+02	-1.2100509E-07	+1.0188894E-07
+1.6720000E+02	+3.8241568E-08	+1.5770241E-07
+1.6760000E+02	+1.4611567E-07	+2.9258347E-08
+1.6800000E+02	+6.9595902E-08	-9.5999151E-08
+1.6840000E+02	-3.4916677E-08	-6.7061816E-08
+1.6880000E+02	-2.8687038E-08	-7.5046983E-09
+1.6920000E+02	-1.5519867E-08	-2.1354497E-08
+1.6960000E+02	-5.6370112E-08	-5.7078599E-09
+1.7000000E+02	-3.5301084E-08	+6.1758303E-08
+1.7040000E+02	+4.1319534E-08	+4.9989581E-08
+1.7080000E+02	+3.7156577E-08	-1.2641033E-08
+1.7120000E+02	+4.4305421E-09	-3.5892606E-10
+1.7160000E+02	+4.4606148E-08	+1.2196433E-09
+1.7200000E+02	+2.7472848E-08	-7.9310544E-08
+1.7240000E+02	-9.1698896E-08	-6.2116532E-08
+1.7280000E+02	-9.0200289E-08	+7.9938327E-08
+1.7320000E+02	+5.0657899E-08	+1.0068430E-07
+1.7360000E+02	+8.9371679E-08	-1.4429738E-08
+1.7400000E+02	+1.8173119E-08	-5.8376914E-08
+1.7440000E+02	-1.4342674E-08	-3.8587086E-08
+1.7480000E+02	-4.1260364E-08	-3.2898447E-08
+1.7520000E+02	-7.1485371E-08	+2.5093939E-08
+1.7560000E+02	-4.7389553E-09	+9.0017953E-08
+1.7600000E+02	+8.1989129E-08	+3.6544016E-08
+1.7640000E+02	+5.5537357E-08	-5.0376969E-08
+1.7680000E+02	-8.8999906E-09	-5.0798701E-08
+1.7720000E+02	-2.2370134E-08	-2.2629580E-08
+1.7760000E+02	-2.7862569E-08	-1.6389402E-08
+1.7800000E+02	-4.4144332E-08	+3.4817622E-09
+1.7840000E+02	-3.7356912E-08	+4.2897327E-08
+1.7880000E+02	+9.1350772E-09	+7.0955528E-08
+1.7920000E+02	+7.5985632E-08	+4.2260336E-08
+1.7960000E+02	+8.4671827E-08	-4.6179979E-08
+1.8000000E+02	+4.9893151E-09	-9.3949579E-08
+1.8040000E+02	-6.2142725E-08	-5.1030801E-08
+1.8080000E+02	-6.7068890E-08	+2.5384003E-09
+1.8120000E+02	-5.7251072E-08	+4.3916823E-08
+1.8160000E+02	-6.7358088E-09	+9.0266951E-08
+1.8200000E+02	+8.4524231E-08	+5.9036421E-08
+1.8240000E+02	+8.7458648E-08	-4.8467029E-08
+1.8280000E+02	-4.8414814E-09	-8.0452466E-08
+1.8320000E+02	-4.5519453E-08	-2.2811351E-08
+1.8360000E+02	-2.2817689E-08	+3.4615949E-09
+1.8400000E+02	-2.3990938E-08	+1.4272393E-10
+1.8440000E+02	-2.8498191E-08	+2.5565842E-08
+1.8480000E+02	+4.7064763E-09	+4.5184745E-08
+1.8520000E+02	+4.0309340E-08	+2.4518338E-08
+1.8560000E+02	+4.6140229E-08	-1.6064261E-08
+1.8600000E+02	+1.6721296E-08	-5.0044973E-08
+1.8640000E+02	-3.4975570E-08	-4.5105432E-08
+1.8680000E+02	-5.9594870E-08	+6.7139731E-09
+1.8720000E+02	-2.5847877E-08	+5.6348256E-08
+1.8760000E+02	+3.6545991E-08	+5.3863952E-08
+1.8800000E+02	+6.9970309E-08	-5.0185855E-09
+1.8840000E+02	+3.0475757E-08	-6.9074136E-08
+1.8880000E+02	-4.9864227E-08	-5.9836427E-08
+1.8920000E+02	-7.2665315E-08	+1.6856775E-08
+1.8960000E+02	-1.9019363E-08	+6.2413890E-08
+1.9000000E+02	+3.0934412E-08	+4.3412978E-08
+1.9040000E+02	+4.5057326E-08	+9.9263762E-09
+1.9080000E+02	+4.2227587E-08	-2.2669898E-08
+1.9120000E+02	+1.2370718E-08	-5.0573314E-08
+1.9160000E+02	-3.1069024E-08	-4.0480083E-08
+1.9200000E+02	-4.4089941E-08	-5.0939326E-09
+1.9240000E+02	-3.6592365E-08	+1.8129515E-08
+1.9280000E+02	-2.5761150E-08	+4.3526376E-08
+1.9320000E+02	+1.9161818E-08	+6.4590123E-08
+1.9360000E+02	+7.6513901E-08	+2.5295933E-08
+1.9400000E+02	+6.6242816E-08	-5.3401153E-08
+1.9440000E+02	-5.9403834E-09	-8.0701311E-08
+1.9480000E+02	-5.9325485E-08	-4.1967806E-08
+1.9520000E+02	-6.6390717E-08	+1.1738644E-08
+1.9560000E+02	-3.8886882E-08	+5.6429993E-08
+1.9600000E+02	+1.9649229E-08	+6.8681807E-08
+1.9640000E+02	+6.5764361E-08	+2.2958873E-08
+1.9680000E+02	+4.9062664E-08	-3.5598128E-08
+1.9720000E+02	+3.4538249E-09	-4.6863441E-08
+1.9760000E+02	-2.0174050E-08	-3.1030005E-08
+1.9800000E+02	-3.5426897E-08	-1.5359405E-08
+1.9840000E+02	-4.1705379E-08	+1.8238722E-08
+1.9880000E+02	-8.6036363E-09	+4.7637401E-08
+1.9920000E+02	+3.2853783E-08	+3.0473264E-08
+1.9960000E+02	+3.7405736E-08	-5.9436799E-09
+2.0000000E+02	+2.1253332E-08	-2.7479199E-08
+2.0040000E+02	-5.6828129E-09	-3.9050797E-08
+2.0080000E+02	-4.2600537E-08	-1.9609520E-08
+2.0120000E+02	-3.9927017E-08	+3.1868727E-08
+2.0160000E+02	+1.0503614E-08	+4.8542354E-08
+2.0200000E+02	+4.1418504E-08	+1.5078424E-08
+2.0240000E+02	+3.6503874E-08	-1.8327343E-08
+2.0280000E+02	+1.5831071E-08	-4.5254164E-08
+2.0320000E+02	-3.6006587E-08	-5.0896202E-08
+2.0360000E+02	-7.4095806E-08	+1.0262117E-08
+2.0400000E+02	-2.2350938E-08	+7.5457013E-08
+2.0440000E+02	+5.3538597E-08	+4.7163249E-08
+2.0480000E+02	+5.1442940E-08	-1.7769458E-08
+2.0520000E+02	+1.5056746E-08	-3.1784503E-08
+2.0560000E+02	+2.7274405E-09	-2.9169487E-08
+2.0600000E+02	-1.8692623E-08	-3.4310413E-08
+2.0640000E+02	-4.5858578E-08	-8.4010394E-09
+2.0680000E+02	-3.4184203E-08	+3.0775951E-08
+2.0720000E+02	-2.6628430E-09	+4.0798793E-08
+2.0760000E+02	+2.0948815E-08	+3.5416153E-08
+2.0800000E+02	+4.8205973E-08	+1.7401651E-08
+2.0840000E+02	+5.5096944E-08	-3.2451023E-08
+2.0880000E+02	+4.7954723E-09	-7.2370844E-08
+2.0920000E+02	-5.9783503E-08	-4.4759591E-08
+2.0960000E+02	-6.7311641E-08	+2.3214732E-08
+2.1000000E+02	-1.9731364E-08	+6.1681098E-08
+2.1040000E+02	+3.1500311E-08	+4.9456716E-08
+2.1080000E+02	+5.4412487E-08	+8.2029819E-09
+2.1120000E+02	+3.9667350E-08	-3.5934128E-08
+2.1160000E+02	-5.8529691E-09	-5.1378347E-08
+2.1200000E+02	-4.2529635E-08	-2.0836890E-08
+2.1240000E+02	-3.3572054E-08	+2.1369066E-08
+2.1280000E+02	-5.0070816E-10	+3.0075796E-08
+2.1320000E+02	+1.5367343E-08	+1.4003953E-08
+2.1360000E+02	+1.5645868E-08	+2.2540319E-09
+2.1400000E+02	+1.5298209E-08	-7.1688106E-09
+2.1440000E+02	+6.6602743E-09	-1.9291743E-08
+2.1480000E+02	-1.3077389E-08	-2.0178908E-08
+2.1520000E+02	-2.8045247E-08	-1.5996557E-09
+2.1560000E+02	-2.0305266E-08	+2.6084898E-08
+2.1600000E+02	+1.2628235E-08	+3.6224446E-08
+2.1640000E+02	+4.1639211E-08	+9.7798570E-09
+2.1680000E+02	+3.3689376E-08	-3.1065214E-08
+2.1720000E+02	-4.9005219E-09	-4.8658515E-08
+2.1760000E+02	-4.5914213E-08	-2.8859706E-08
+2.1800000E+02	-5.6897069E-08	+2.3676533E-08
+2.1840000E+02	-1.0228170E-08	+6.6642772E-08
+2.1880000E+02	+5.3208960E-08	+4.0900960E-08
+2.1920000E+02	+5.3542312E-08	-2.2978528E-08
+2.1960000E+02	+8.9130251E-09	-4.1589426E-08
+2.2000000E+02	-1.0967407E-08	-2.6437569E-08
+2.2040000E+02	-2.1635789E-08	-2.2519643E-08
+2.2080000E+02	-4.1633434E-08	-6.3541133E-10
+2.2120000E+02	-2.5249973E-08	+3.7293166E-08
+2.2160000E+02	+1.3691990E-08	+3.5424681E-08
+2.2200000E+02	+2.2444690E-08	+1.4158843E-08
+2.2240000E+02	+2.9063543E-08	+9.2064966E-09
+2.2280000E+02	+4.4293620E-08	-2.1385075E-08
+2.2320000E+02	+5.7434217E-09	-6.5314512E-08
+2.2360000E+02	-6.1988253E-08	-3.8548237E-08
+2.2400000E+02	-6.0494214E-08	+3.6351125E-08
+2.2440000E+02	+9.2243585E-10	+6.1105612E-08
+2.2480000E+02	+4.0770318E-08	+2.8445263E-08
+2.2520000E+02	+4.0576092E-08	-9.3444610E-09
+2.2560000E+02	+1.9868154E-08	-3.3449396E-08
+2.2600000E+02	-1.3368961E-08	-3.6825186E-08
+2.2640000E+02	-3.8495315E-08	-9.6984509E-09
+2.2680000E+02	-2.7315590E-08	+2.8378153E-08
+2.2720000E+02	+1.3179656E-08	+3.5497121E-08
+2.2760000E+02	+3.4631278E-08	+7.5933677E-10
+2.2800000E+02	+9.4001661E-09	-2.7646786E-08
+2.2840000E+02	-1.8239867E-08	-1.1157253E-08
+2.2880000E+02	-6.3762291E-09	+1.0059661E-08
+2.2920000E+02	+6.4051665E-09	-2.8255486E-09
+2.2960000E+02	-1.2415371E-08	-9.4639802E-09
+2.3000000E+02	-1.8847648E-08	+1.7000278E-08
+2.3040000E+02	+1.1876289E-08	+3.0432260E-08
+2.3080000E+02	+3.7047484E-08	+3.9600052E-09
+2.3120000E+02	+2.5738472E-08	-3.1648164E-08
+2.3160000E+02	-1.1718843E-08	-4.3801209E-08
+2.3200000E+02	-4.7897292E-08	-1.7795604E-08
+2.3240000E+02	-4.5468551E-08	+3.2961447E-08
+2.3280000E+02	+2.9463896E-09	+5.8560839E-08
+2.3320000E+02	+4.9883191E-08	+3.0081278E-08
+2.3360000E+02	+5.1712263E-08	-2.2342226E-08
+2.3400000E+02	+1.1870971E-08	-5.2867687E-08
+2.3440000E+02	-3.4923978E-08	-3.7432002E-08
+2.3480000E+02	-4.4055350E-08	+9.0862050E-09
+2.3520000E+02	-9.8471461E-09	+3.1960101E-08
+2.3560000E+02	+1.1380982E-08	+1.1786875E-08
+2.3600000E+02	-3.1136861E-09	+3.6031447E-09
+2.3640000E+02	+3.2678040E-09	+2.4879295E-08
+2.3680000E+02	+3.9698311E-08	+1.2327778E-08
+2.3720000E+02	+3.3701966E-08	-3.7824936E-08
+2.3760000E+02	-1.8796841E-08	-4.7605976E-08
+2.3800000E+02	-4.4437402E-08	-8.7975438E-09
+2.3840000E+02	-3.2420074E-08	+2.3135233E-08
+2.3880000E+02	-8.8820219E-09	+4.2248763E-08
+2.3920000E+02	+3.5600420E-08	+4.0095146E-08
+2.3960000E+02	+6.0612585E-08	-1.7087005E-08
+2.4000000E+02	+4.8048803E-09	-6.6021804E-08
+2.4040000E+02	-5.7810967E-08	-2.2166416E-08
+2.4080000E+02	-3.0613314E-08	+4.1072014E-08
+2.4120000E+02	+2.1523150E-08	+2.9718897E-08
+2.4160000E+02	+2.1688088E-08	-3.6119276E-09
+2.4200000E+02	+9.8845919E-09	-9.7914300E-09
+2.4240000E+02	+2.4686841E-09	-1.7557908E-08
+2.4280000E+02	-1.9334330E-08	-1.1630065E-08
+2.4320000E+02	-1.4805856E-08	+1.6863358E-08
+2.4360000E+02	+1.3552876E-08	+1.0911778E-08
+2.4400000E+02	+1.9648857E-09	-1.3378102E-08
+2.4440000E+02	-1.8538229E-08	+6.8588870E-09
+2.4480000E+02	+9.2724947E-09	+2.7298792E-08
+2.4520000E+02	+3.3820488E-08	-1.4374607E-09
+2.4560000E+02	+1.4993079E-08	-3.0826763E-08
+2.4600000E+02	-1.4062039E-08	-3.2596604E-08
+2.4640000E+02	-4.1497333E-08	-1.4065274E-08
+2.4680000E+02	-4.4244222E-08	+3.4809366E-08
+2.4720000E+02	+1.3085892E-08	+6.4189322E-08
+2.4760000E+02	+6.4895798E-08	+1.5120048E-08
+2.4800000E+02	+3.7319545E-08	-4.5693137E-08
+2.4840000E+02	-1.4999757E-08	-4.3688777E-08
+2.4880000E+02	-3.2430482E-08	-1.3895381E-08
+2.4920000E+02	-2.9735946E-08	+1.0713888E-08
+2.4960000E+02	-9.4080719E-09	+2.8956366E-08
+2.5000000E+02	+1.6898998E-08	+1.7721864E-08
+2.5040000E+02	+1.1305064E-08	-4.0550750E-09
+2.5080000E+02	+2.8317595E-10	+4.3504242E-09
+2.5120000E+02	+1.8946715E-08	+6.8141514E-09
+2.5160000E+02	+2.0776731E-08	-2.3361063E-08
+2.5200000E+02	-1.4455808E-08	-3.2708197E-08
+2.5240000E+02	-3.4647499E-08	-3.8261263E-09
+2.5280000E+02	-2.3227195E-08	+2.3742941E-08
+2.5320000E+02	+3.1967412E-09	+3.5748220E-08
+2.5360000E+02	+3.7280514E-08	+2.0005855E-08
+2.5400000E+02	+3.8757665E-08	-2.8584151E-08
+2.5440000E+02	-1.3760530E-08	-4.8656188E-08
+2.5480000E+02	-4.8795355E-08	-2.2533934E-09
+2.5520000E+02	-1.5539003E-08	+4.0845521E-08
+2.5560000E+02	+2.7652659E-08	+2.3747077E-08
+2.5600000E+02	+2.5835098E-08	-1.2377834E-08
+2.5640000E+02	+1.7326461E-09	-2.1887504E-08
+2.5680000E+02	-1.3391947E-08	-1.1608091E-08
+2.5720000E+02	-1.5224159E-08	+3.4785555E-09
+2.5760000E+02	-3.7229928E-09	+1.2846401E-08
+2.5800000E+02	+7.6227396E-09	+4.8842813E-09
+2.5840000E+02	-3.8292081E-10	-4.5377948E-09
+2.5880000E+02	-7.7602662E-09	+8.5753613E-09
+2.5920000E+02	+1.3658025E-08	+1.7744933E-08
+2.5960000E+02	+3.0053415E-08	-1.0433890E-08
+2.6000000E+02	+1.9068353E-09	-3.7106327E-08
+2.6040000E+02	-3.2294442E-08	-1.8387908E-08
+2.6080000E+02	-3.0273439E-08	+1.4190763E-08
+2.6120000E+02	-1.1782281E-08	+2.9719045E-08
+2.6160000E+02	+1.4460081E-08	+3.5553086E-08
+2.6200000E+02	+4.7483311E-08	+1.0323169E-08
+2.6240000E+02	+3.4286365E-08	-4.3497438E-08
+2.6280000E+02	-2.7255110E-08	-4.7212870E-08
+2.6320000E+02	-4.4331945E-08	+8.0494626E-09
+2.6360000E+02	-4.3584282E-09	+2.8620068E-08
+2.6400000E+02	+8.8290189E-09	+4.9613457E-09
+2.6440000E+02	-4.1837447E-09	+5.4962578E-09
+2.6480000E+02	+9.0556044E-09	+1.5708939E-08
+2.6520000E+02	+2.1483912E-08	-3.0727745E-09
+2.6560000E+02	+6.2035096E-09	-1.7169034E-08
+2.6600000E+02	-4.2255497E-09	-1.1538881E-08
+2.6640000E+02	-8.7398766E-09	-1.1440444E-08
+2.6680000E+02	-2.3000756E-08	-1.5505344E-09
+2.6720000E+02	-1.4905292E-08	+2.6136329E-08
+2.6760000E+02	+2.0551800E-08	+2.5900440E-08
+2.6800000E+02	+3.0752707E-08	-9.1969422E-09
+2.6840000E+02	+3.7832739E-09	-2.8442875E-08
+2.6880000E+02	-2.0214550E-08	-1.4885598E-08
+2.6920000E+02	-2.1989454E-08	+8.3598634E-09
+2.6960000E+02	-4.6667304E-09	+2.4158905E-08
+2.7000000E+02	+2.1293477E-08	+1.6447419E-08
+2.7040000E+02	+2.4564753E-08	-1.4214586E-08
+2.7080000E+02	-5.0265676E-09	-2.7010594E-08
+2.7120000E+02	-2.3187421E-08	-2.9793375E-09
+2.7160000E+02	-6.4398851E-09	+1.4836866E-08
+2.7200000E+02	+5.8912143E-09	+3.7684258E-09
+2.7240000E+02	-3.4068830E-09	-7.8751151E-10
+2.7280000E+02	-1.9153999E-09	+1.0466320E-08
+2.7320000E+02	+1.2037290E-08	+7.7613342E-09
+2.7360000E+02	+1.3203401E-08	-5.2151706E-09
+2.7400000E+02	+8.1772986E-09	-1.2205053E-08
+2.7440000E+02	-1.5620675E-09	-2.1927786E-08
+2.7480000E+02	-2.8529831E-08	-1.6548010E-08
+2.7520000E+02	-3.4974831E-08	+2.3433738E-08
+2.7560000E+02	+7.9579449E-09	+4.5029751E-08
+2.7600000E+02	+4.1134519E-08	+1.0998297E-08
+2.7640000E+02	+2.4451685E-08	-2.4015101E-08
+2.7680000E+02	-5.3053614E-10	-2.6114216E-08
+2.7720000E+02	-1.5719831E-08	-1.9823862E-08
+2.7760000E+02	-2.9753271E-08	-9.9452691E-10
+2.7800000E+02	-1.5570865E-08	+2.7609148E-08
+2.7840000E+02	+1.7606434E-08	+2.1408051E-08
+2.7880000E+02	+1.7017134E-08	-6.9159620E-09
+2.7920000E+02	-1.5073772E-09	-6.2580284E-09
+2.7960000E+02	+4.2873242E-09	+3.1641680E-09
+2.8000000E+02	+9.1758074E-09	-9.0478147E-09
+2.8040000E+02	-6.1296933E-09	-1.4511892E-08
+2.8080000E+02	-1.4902596E-08	-2.3562543E-09
+2.8120000E+02	-1.2063824E-08	+8.9841713E-09
+2.8160000E+02	-1.4707924E-09	+1.8903013E-08
+2.8200000E+02	+2.0768303E-08	+1.2929562E-08
+2.8240000E+02	+2.1931126E-08	-1.7820653E-08
+2.8280000E+02	-1.1674717E-08	-2.6282107E-08
+2.8320000E+02	-2.5265552E-08	+4.3797762E-09
+2.8360000E+02	-2.1433740E-09	+1.9277563E-08
+2.8400000E+02	+9.5286561E-09	+6.2064905E-09
+2.8440000E+02	+6.4738129E-09	+1.9481600E-09
+2.8480000E+02	+1.2317913E-08	-2.4698716E-09
+2.8520000E+02	+4.7162994E-09	-1.8524179E-08
+2.8560000E+02	-1.8548176E-08	-1.2216171E-08
+2.8600000E+02	-1.6261325E-08	+1.2748445E-08
+2.8640000E+02	+4.2753469E-09	+1.4052369E-08
+2.8680000E+02	+5.6495529E-09	+2.1047402E-09
+2.8720000E+02	+2.4599770E-09	+5.4135633E-09
+2.8760000E+02	+1.3520321E-08	+3.8828078E-09
+2.8800000E+02	+1.3496157E-08	-1.3878326E-08
+2.8840000E+02	-5.3710134E-09	-2.0371615E-08
+2.8880000E+02	-1.9171906E-08	-8.4062683E-09
+2.8920000E+02	-2.0744380E-08	+8.4253687E-09
+2.8960000E+02	-8.2526146E-09	+2.5319359E-08
+2.9000000E+02	+1.9655625E-08	+2.3758275E-08
+2.9040000E+02	+3.1117823E-08	-6.5477183E-09
+2.9080000E+02	+7.4134507E-09	-2.7109676E-08
+2.9120000E+02	-1.3853342E-08	-1.5379012E-08
+2.9160000E+02	-1.3826730E-08	-2.4801934E-09
+2.9200000E+02	-1.5013222E-08	+4.2000820E-09
+2.9240000E+02	-8.1954629E-09	+1.9611441E-08
+2.9280000E+02	+1.6558163E-08	+1.7237633E-08
+2.9320000E+02	+1.9146651E-08	-9.7260066E-09
+2.9360000E+02	-3.9943162E-09	-1.4047494E-08
+2.9400000E+02	-5.3137759E-09	+2.5498944E-09
+2.9440000E+02	+5.5433836E-09	-2.6134427E-09
+2.9480000E+02	-6.5101342E-09	-1.0579188E-08
+2.9520000E+02	-1.4405228E-08	+5.5488065E-09
+2.9560000E+02	+1.0426396E-09	+1.4633776E-08
+2.9600000E+02	+1.0596261E-08	+4.6923779E-09
+2.9640000E+02	+9.4740995E-09	-3.1858969E-09
+2.9680000E+02	+5.8202017E-09	-1.1828448E-08
+2.9720000E+02	-1.1043262E-08	-1.4357014E-08
+2.9760000E+02	-2.0361495E-08	+7.1141920E-09
+2.9800000E+02	+8.7443986E-10	+2.1989629E-08
+2.9840000E+02	+1.8101440E-08	+5.8360388E-09
+2.9880000E+02	+1.0414614E-08	-9.0113503E-09
+2.9920000E+02	+2.9858389E-09	-1.0447225E-08
+2.9960000E+02	-5.0903330E-09	-1.3963719E-08
+3.0000000E+02	-1.9825646E-08	-3.9407851E-09
+3.0040000E+02	-1.2635320E-08	+1.8336580E-08
+3.0080000E+02	+1.0584760E-08	+1.6421224E-08
+3.0120000E+02	+1.2623340E-08	-8.2067198E-10
+3.0160000E+02	+5.5337717E-09	-2.2523058E-09
+3.0200000E+02	+1.0082882E-08	-4.7792382E-09
+3.0240000E+02	+2.8798367E-09	-1.8337156E-08
+3.0280000E+02	-1.8207861E-08	-1.3218758E-08
+3.0320000E+02	-2.0156538E-08	+9.5591125E-09
+3.0360000E+02	-3.3483988E-09	+1.9067123E-08
+3.0400000E+02	+9.3774115E-09	+1.4037804E-08
+3.0440000E+02	+1.7224676E-08	+5.0394441E-09
+3.0480000E+02	+1.7903054E-08	-1.1552377E-08
+3.0520000E+02	-1.5229866E-10	-2.3826108E-08
+3.0560000E+02	-2.1014105E-08	-1.1202728E-08
+3.0600000E+02	-1.7219879E-08	+1.1916163E-08
+3.0640000E+02	+1.6099773E-09	+1.5705281E-08
+3.0680000E+02	+8.3185251E-09	+5.0170916E-09
+3.0720000E+02	+5.6588003E-09	+7.3953836E-10
+3.0760000E+02	+7.1473002E-09	-1.3364905E-09
+3.0800000E+02	+4.6540545E-09	-8.5528641E-09
+3.0840000E+02	-5.3006704E-09	-8.7429622E-09
+3.0880000E+02	-8.8156511E-09	-3.0776386E-10
+3.0920000E+02	-5.4979787E-09	+4.8508866E-09
+3.0960000E+02	-1.5609261E-09	+8.2962107E-09
+3.1000000E+02	+8.0252558E-09	+8.2243152E-09
+3.1040000E+02	+1.3181582E-08	-5.0890636E-09
+3.1080000E+02	-5.1379838E-10	-1.5082207E-08
+3.1120000E+02	-1.3240724E-08	-4.3511315E-09
+3.1160000E+02	-7.9472275E-09	+7.7213540E-09
+3.1200000E+02	-4.3320787E-10	+8.7231884E-09
+3.1240000E+02	+5.6903016E-09	+9.0868668E-09
+3.1280000E+02	+1.5418514E-08	+8.2943503E-10
+3.1320000E+02	+8.7933794E-09	-1.6989859E-08
+3.1360000E+02	-1.3066268E-08	-1.4908130E-08
+3.1400000E+02	-1.6046479E-08	+5.3880525E-09
+3.1440000E+02	-2.2910170E-09	+1.0991816E-08
+3.1480000E+02	+1.4805933E-09	+5.9199748E-09
+3.1520000E+02	+3.3200809E-09	+8.2587143E-09
+3.1560000E+02	+1.3456671E-08	+4.4263638E-09
+3.1600000E+02	+1.3291575E-08	-1.1298403E-08
+3.1640000E+02	-2.5722158E-09	-1.8310479E-08
+3.1680000E+02	-1.6252512E-08	-8.5435601E-09
+3.1720000E+02	-1.6545533E-08	+7.4664233E-09
+3.1760000E+02	-4.1794652E-09	+1.7437712E-08
+3.1800000E+02	+1.0778559E-08	+1.3270408E-08
+3.1840000E+02	+1.5648567E-08	+1.7678121E-10
+3.1880000E+02	+1.0276977E-08	-1.0501545E-08
+3.1920000E+02	-6.2746582E-10	-1.5173034E-08
+3.1960000E+02	-1.3421785E-08	-9.1768073E-09
+3.2000000E+02	-1.4624595E-08	+6.9216028E-09
+3.2040000E+02	-3.9767701E-10	+1.3952770E-08
+3.2080000E+02	+8.4471928E-09	+4.7563310E-09
+3.2120000E+02	+4.3377140E-09	-1.3985800E-09
+3.2160000E+02	+3.7487157E-09	+1.3994456E-10
+3.2200000E+02	+6.1683525E-09	-4.9906474E-09
+3.2240000E+02	-2.3703698E-09	-1.0881167E-08
+3.2280000E+02	-1.2324188E-08	-2.4609442E-09
+3.2320000E+02	-7.2380107E-09	+1.0016299E-08
+3.2360000E+02	+4.7832938E-09	+1.0009989E-08
+3.2400000E+02	+9.6511952E-09	+1.7775868E-09
+3.2440000E+02	+7.8240641E-09	-5.9825754E-09
+3.2480000E+02	+2.7468955E-10	-1.1651513E-08
+3.2520000E+02	-1.2032871E-08	-7.5848702E-09
+3.2560000E+02	-1.3815723E-08	+8.6240074E-09
+3.2600000E+02	+2.3292289E-09	+1.6772183E-08
+3.2640000E+02	+1.5049979E-08	+4.6905441E-09
+3.2680000E+02	+9.6456405E-09	-8.8757127E-09
+3.2720000E+02	-3.8931499E-10	-1.0310438E-08
+3.2760000E+02	-6.2557110E-09	-7.0194456E-09
+3.2800000E+02	-1.0199182E-08	-6.2008370E-10
+3.2840000E+02	-6.7482728E-09	+7.8601571E-09
+3.2880000E+02	+1.4113132E-09	+8.5803715E-09
+3.2920000E+02	+4.4925293E-09	+5.5844596E-09
+3.2960000E+02	+9.1818792E-09	+4.1599231E-09
+3.3000000E+02	+1.3518462E-08	-7.1544629E-09
+3.3040000E+02	-2.6328960E-10	-1.9076345E-08
+3.3080000E+02	-1.7960334E-08	-8.0563788E-09
+3.3120000E+02	-1.3465265E-08	+1.0406560E-08
+3.3160000E+02	-3.7508613E-10	+1.2993897E-08
+3.3200000E+02	+6.5799526E-09	+9.8599394E-09
+3.3240000E+02	+1.4466754E-08	+2.9469383E-09
+3.3280000E+02	+1.1371415E-08	-1.3198225E-08
+3.3320000E+02	-7.8488328E-09	-1.5218951E-08
+3.3360000E+02	-1.3353656E-08	+1.7961954E-09
+3.3400000E+02	-1.8509651E-09	+7.2763193E-09
+3.3440000E+02	+1.1859198E-10	+1.7181181E-09
+3.3480000E+02	-1.4474842E-09	+4.9883202E-09
+3.3520000E+02	+6.2707099E-09	+5.4857048E-09
+3.3560000E+02	+8.0715179E-09	-3.7971477E-09
+3.3600000E+02	+9.3787373E-10	-7.7795434E-09
+3.3640000E+02	-4.5096034E-09	-5.9003068E-09
+3.3680000E+02	-9.3368939E-09	-7.2896143E-10
+3.3720000E+02	-6.3538511E-09	+1.0221407E-08
+3.3760000E+02	+8.3458631E-09	+1.0723512E-08
+3.3800000E+02	+1.2489126E-08	-4.2504473E-09
+3.3840000E+02	+8.7882388E-10	-1.0855906E-08
+3.3880000E+02	-5.8529992E-09	-5.3981386E-09
+3.3920000E+02	-7.6209844E-09	-1.4464999E-09
+3.3960000E+02	-8.9851962E-09	+6.4748488E-09
+3.4000000E+02	+2.1509009E-09	+1.4271757E-08
+3.4040000E+02	+1.5366452E-08	+3.6765506E-09
+3.4080000E+02	+8.3730985E-09	-1.1887523E-08
+3.4120000E+02	-5.4457316E-09	-9.5246541E-09
+3.4160000E+02	-6.2335902E-09	-8.9275840E-10
+3.4200000E+02	-4.0019902E-09	-2.0922920E-10
+3.4240000E+02	-6.7689982E-09	+2.2942164E-09
+3.4280000E+02	-3.3530676E-09	+1.0120756E-08
+3.4320000E+02	+8.3941068E-09	+9.9229730E-09
+3.4360000E+02	+1.3748630E-08	-2.2528969E-09
+3.4400000E+02	+5.3319518E-09	-1.2407663E-08
+3.4440000E+02	-6.0014638E-09	-1.0548052E-08
+3.4480000E+02	-1.0678935E-08	-2.8818715E-09
+3.4520000E+02	-1.0496741E-08	+5.4738840E-09
+3.4560000E+02	-2.7722240E-09	+1.3826837E-08
+3.4600000E+02	+1.2011563E-08	+1.0432773E-08
+3.4640000E+02	+1.4362614E-08	-6.5897190E-09
+3.4680000E+02	-5.1992050E-10	-1.3336735E-08
+3.4720000E+02	-8.4148232E-09	-3.4050904E-09
+3.4760000E+02	-3.8708704E-09	+2.1652373E-09
+3.4800000E+02	-2.7151103E-09	+1.4476077E-09
+3.4840000E+02	-1.9804834E-09	+4.6115187E-09
+3.4880000E+02	+3.4755244E-09	+4.3131259E-09
+3.4920000E+02	+4.2201555E-09	-5.0499198E-10
+3.4960000E+02	+2.6308240E-09	-1.5717535E-09
+3.5000000E+02	+2.7368162E-09	-4.5359370E-09
+3.5040000E+02	-4.4872070E-09	-7.2963604E-09
+3.5080000E+02	-1.0693311E-08	+2.4718965E-09
+3.5120000E+02	-9.5568477E-10	+1.1839510E-08
+3.5160000E+02	+1.0153972E-08	+4.8300060E-09
+3.5200000E+02	+7.9287453E-09	-5.7091386E-09
+3.5240000E+02	+6.4027756E-10	-9.0335347E-09
+3.5280000E+02	-7.3610111E-09	-7.2831009E-09
+3.5320000E+02	-1.2211351E-08	+3.0392844E-09
+3.5360000E+02	-2.6678399E-09	+1.3733842E-08
+3.5400000E+02	+1.1286327E-08	+7.6655951E-09
+3.5440000E+02	+9.8761739E-09	-5.8904957E-09
+3.5480000E+02	+1.0818593E-10	-8.2797550E-09
+3.5520000E+02	-3.5795660E-09	-4.0365016E-09
+3.5560000E+02	-4.1901725E-09	-1.9657902E-09
+3.5600000E+02	-5.5730267E-09	+7.4779424E-10
+3.5640000E+02	-4.2450049E-09	+5.3500212E-09
+3.5680000E+02	+1.3422509E-09	+7.8859357E-09
+3.5720000E+02	+7.9234356E-09	+4.3959647E-09
+3.5760000E+02	+8.7957951E-09	-3.9567848E-09
+3.5800000E+02	+2.3302763E-09	-9.3309484E-09
+3.5840000E+02	-5.3111589E-09	-8.0356542E-09
+3.5880000E+02	-1.0532184E-08	-1.7739589E-09
+3.5920000E+02	-9.0230333E-09	+8.7804343E-09
+3.5960000E+02	+3.7768688E-09	+1.3563352E-08
+3.6000000E+02	+1.3887623E-08	+2.0495234E-09
+3.6040000E+02	+6.1067794E-09	-1.0417680E-08
+3.6080000E+02	-5.0872282E-09	-6.8700372E-09
+3.6120000E+02	-4.4577765E-09	+2.6615692E-10
+3.6160000E+02	-2.3535893E-09	+3.5270251E-10
+3.6200000E+02	-3.4663344E-09	+2.3644164E-09
+3.6240000E+02	+5.4923097E-10	+5.4601053E-09
+3.6280000E+02	+5.0792625E-09	+1.7131364E-09
+3.6320000E+02	+3.1411029E-09	-2.7719679E-09
+3.6360000E+02	+3.9862116E-10	-3.0041104E-09
+3.6400000E+02	-1.2308511E-09	-3.2346999E-09
+3.6440000E+02	-4.7601462E-09	-1.7192001E-09
+3.6480000E+02	-5.0482713E-09	+4.4060323E-09
+3.6520000E+02	+2.1025415E-09	+7.7911586E-09
+3.6560000E+02	+9.0017724E-09	+1.6578747E-09
+3.6600000E+02	+5.8283760E-09	-8.0237614E-09
+3.6640000E+02	-4.8166750E-09	-9.0054222E-09
+3.6680000E+02	-9.8790993E-09	+1.6871872E-10
+3.6720000E+02	-4.4179620E-09	+7.8210584E-09
+3.6760000E+02	+3.3207687E-09	+7.2530781E-09
+3.6800000E+02	+7.2251696E-09	+2.0378371E-09
+3.6840000E+02	+6.1689980E-09	-4.4266224E-09
+3.6880000E+02	-2.4658413E-10	-7.4319644E-09
+3.6920000E+02	-5.4632983E-09	-3.2122146E-09
+3.6960000E+02	-4.1580775E-09	+1.4224136E-09
+3.7000000E+02	-2.5391470E-09	+2.0553300E-09
+3.7040000E+02	-2.0364326E-09	+4.3501860E-09
+3.7080000E+02	+3.0804523E-09	+5.9510450E-09
+3.7120000E+02	+7.5038021E-09	+5.8123817E-10
+3.7160000E+02	+4.6942206E-09	-5.6119039E-09
+3.7200000E+02	-8.5469445E-10	-7.0804877E-09
+3.7240000E+02	-6.4389565E-09	-4.8142611E-09
+3.7280000E+02	-9.0321857E-09	+2.9723680E-09
+3.7320000E+02	-1.7755861E-09	+1.0147446E-08
+3.7360000E+02	+7.9229835E-09	+5.7398344E-09
+3.7400000E+02	+7.3428588E-09	-3.5106766E-09
+3.7440000E+02	+1.2119768E-09	-6.1708711E-09
+3.7480000E+02	-3.0246712E-09	-4.5400974E-09
+3.7520000E+02	-5.6129311E-09	-5.9107775E-10
+3.7560000E+02	-3.2057721E-09	+4.5891249E-09
+3.7600000E+02	+2.3546529E-09	+3.9647269E-09
+3.7640000E+02	+2.8329072E-09	-1.2623915E-11
+3.7680000E+02	+1.5608812E-09	-4.3750657E-10
+3.7720000E+02	+2.2705853E-09	-1.9376465E-09
+3.7760000E+02	-1.1476081E-09	-4.3446797E-09
+3.7800000E+02	-5.0689514E-09	-4.1539409E-10
+3.7840000E+02	-2.1095142E-09	+4.1006471E-09
+3.7880000E+02	+1.5711074E-09	+3.1824645E-09
+3.7920000E+02	+2.9767562E-09	+1.8692591E-09
+3.7960000E+02	+5.1444154E-09	-1.2029662E-09
+3.8000000E+02	+1.8229587E-09	-7.0557624E-09
+3.8040000E+02	-6.7520158E-09	-5.1490056E-09
+3.8080000E+02	-7.4794037E-09	+4.1741346E-09
+3.8120000E+02	+2.1651071E-10	+7.7330568E-09
+3.8160000E+02	+5.6183157E-09	+3.5599930E-09
+3.8200000E+02	+5.5971862E-09	-1.8980873E-09
+3.8240000E+02	+1.8619569E-09	-5.0866468E-09
+3.8280000E+02	-2.3991338E-09	-3.9990336E-09
+3.8320000E+02	-3.5784795E-09	-1.0650611E-09
+3.8360000E+02	-3.5636498E-09	+9.0079962E-10
+3.8400000E+02	-2.6040820E-09	+3.8940221E-09
+3.8440000E+02	+2.0028014E-09	+5.0678013E-09
+3.8480000E+02	+5.1110360E-09	+1.0052123E-09
+3.8520000E+02	+3.4619118E-09	-2.5248024E-09
+3.8560000E+02	+1.6444183E-09	-4.0099597E-09
+3.8600000E+02	-2.2880829E-09	-5.6324381E-09
+3.8640000E+02	-7.8164752E-09	-9.2197828E-10
+3.8680000E+02	-4.1321991E-09	+7.4443114E-09
+3.8720000E+02	+4.8843428E-09	+5.9036514E-09
+3.8760000E+02	+5.5122005E-09	-1.3270598E-09
+3.8800000E+02	+1.8442425E-09	-3.2054703E-09
+3.8840000E+02	+1.8954032E-11	-3.6599852E-09
+3.8880000E+02	-3.8661113E-09	-2.9321560E-09
+3.8920000E+02	-4.5925601E-09	+2.8480971E-09
+3.8960000E+02	+1.3101609E-09	+4.6319499E-09
+3.9000000E+02	+3.2497231E-09	+7.0904918E-11
+3.9040000E+02	+8.5597118E-10	-1.0161295E-09
+3.9080000E+02	+1.3606888E-09	-8.8975790E-10
+3.9120000E+02	-2.5824802E-10	-3.2067080E-09
+3.9160000E+02	-3.9941149E-09	-7.5800918E-10
+3.9200000E+02	-1.7183701E-09	+3.4456061E-09
+3.9240000E+02	+1.6500476E-09	+2.0981621E-09
+3.9280000E+02	+1.4600263E-09	+8.6981769E-10
+3.9320000E+02	+3.2398628E-09	+3.0643291E-10
+3.9360000E+02	+2.8028883E-09	-4.5192466E-09
+3.9400000E+02	-4.1111571E-09	-5.1536100E-09
+3.9440000E+02	-6.3168416E-09	+2.1022605E-09
+3.9480000E+02	-6.8392981E-10	+5.5749774E-09
+3.9520000E+02	+2.9588986E-09	+3.0102765E-09
+3.9560000E+02	+3.8072607E-09	+6.5150290E-10
+3.9600000E+02	+3.8603349E-09	-2.7234737E-09
+3.9640000E+02	-3.3917733E-10	-5.3942047E-09
+3.9680000E+02	-4.7289484E-09	-2.1000695E-09
+3.9720000E+02	-3.3122728E-09	+2.3668433E-09
+3.9760000E+02	-4.0045573E-10	+2.6443049E-09
+3.9800000E+02	+4.1631088E-10	+2.1328849E-09
+3.9840000E+02	+1.9552333E-09	+2.2421627E-09
+3.9880000E+02	+3.9751687E-09	+2.8405516E-11
+3.9920000E+02	+2.8250971E-09	-3.8879696E-09
+3.9960000E+02	-1.9774508E-09	-5.0808759E-09
+4.0000000E+02	-5.7521899E-09	-9.0414449E-10
