+0.0000000E+00	+1.7765237E-07	+0.0000000E+00
+4.0000000E-01	+1.6891797E-07	+0.0000000E+00
+8.0000000E-01	+1.5477673E-07	+0.0000000E+00
+1.2000000E+00	+1.5787000E-07	+0.0000000E+00
+1.6000000E+00	+1.7534927E-07	+0.0000000E+00
+2.0000000E+00	+1.8602922E-07	+0.0000000E+00
+2.4000000E+00	+1.8265869E-07	+0.0000000E+00
+2.8000000E+00	+1.8082273E-07	+0.0000000E+00
+3.2000000E+00	+1.9636954E-07	+0.0000000E+00
+3.6000000E+00	+2.0833236E-07	+0.0000000E+00
+4.0000000E+00	+2.1955709E-07	+0.0000000E+00
+4.4000000E+00	+2.4194986E-07	+0.0000000E+00
+4.8000000E+00	+2.3713110E-07	+0.0000000E+00
+5.2000000E+00	+2.2665350E-07	+0.0000000E+00
+5.6000000E+00	+2.5040636E-07	+0.0000000E+00
+6.0000000E+00	+2.6298785E-07	+0.0000000E+00
+6.4000000E+00	+2.5652042E-07	+0.0000000E+00
+6.8000000E+00	+3.0969324E-07	+0.0000000E+00
+7.2000000E+00	+3.2730712E-07	+0.0000000E+00
+7.6000000E+00	+2.9592568E-07	+0.0000000E+00
+8.0000000E+00	+2.2440698E-07	+0.0000000E+00
+8.4000000E+00	+1.3107086E-07	+0.0000000E+00
+8.8000000E+00	+7.0528774E-08	+0.0000000E+00
+9.2000000E+00	+5.9912678E-08	+0.0000000E+00
+9.6000000E+00	+1.0063444E-07	+0.0000000E+00
+1.0000000E+01	+1.6745840E-07	+0.0000000E+00
+1.0400000E+01	+2.2946571E-07	+0.0000000E+00
+1.0800000E+01	+2.5526575E-07	+0.0000000E+00
+1.1200000E+01	+2.3640205E-07	+0.0000000E+00
+1.1600000E+01	+1.8740054E-07	+0.0000000E+00
+1.2000000E+01	+1.6212180E-07	+0.0000000E+00
+1.2400000E+01	+2.2065044E-07	+0.0000000E+00
+1.2800000E+01	+3.1796900E-07	+0.0000000E+00
+1.3200000E+01	+4.0070755E-07	+0.0000000E+00
+1.3600000E+01	+4.4617494E-07	+0.0000000E+00
+1.4000000E+01	+4.4807780E-07	+0.0000000E+00
+1.4400000E+01	+4.1204794E-07	+0.0000000E+00
+1.4800000E+01	+3.5865823E-07	+0.0000000E+00
+1.5200000E+01	+3.4913901E-07	+0.0000000E+00
+1.5600000E+01	+3.5814242E-07	+0.0000000E+00
+1.6000000E+01	+3.3837633E-07	+0.0000000E+00
+1.6400000E+01	+3.0053762E-07	+0.0000000E+00
+1.6800000E+01	+2.5938981E-07	+0.0000000E+00
+1.7200000E+01	+2.1678661E-07	+0.0000000E+00
+1.7600000E+01	+1.6896189E-07	+0.0000000E+00
+1.8000000E+01	+1.5986923E-07	+0.0000000E+00
+1.8400000E+01	+2.2279395E-07	+0.0000000E+00
+1.8800000E+01	+2.7767348E-07	+0.0000000E+00
+1.9200000E+01	+3.0821459E-07	+0.0000000E+00
+1.9600000E+01	+3.2098472E-07	+0.0000000E+00
+2.0000000E+01	+3.4226514E-07	+0.0000000E+00
+2.0400000E+01	+3.9178779E-07	+0.0000000E+00
+2.0800000E+01	+4.5248117E-07	+0.0000000E+00
+2.1200000E+01	+4.9212022E-07	+0.0000000E+00
+2.1600000E+01	+4.8929352E-07	+0.0000000E+00
+2.2000000E+01	+4.4057457E-07	+0.0000000E+00
+2.2400000E+01	+3.6040338E-07	+0.0000000E+00
+2.2800000E+01	+2.7683625E-07	+0.0000000E+00
+2.3200000E+01	+2.2644095E-07	+0.0000000E+00
+2.3600000E+01	+2.3054995E-07	+0.0000000E+00
+2.4000000E+01	+2.5502875E-07	+0.0000000E+00
+2.4400000E+01	+2.8586484E-07	+0.0000000E+00
+2.4800000E+01	+3.3476136E-07	+0.0000000E+00
+2.5200000E+01	+4.0497684E-07	+0.0000000E+00
+2.5600000E+01	+4.7969604E-07	+0.0000000E+00
+2.6000000E+01	+5.3263296E-07	+0.0000000E+00
+2.6400000E+01	+5.3936260E-07	+0.0000000E+00
+2.6800000E+01	+4.8532079E-07	+0.0000000E+00
+2.7200000E+01	+3.7216213E-07	+0.0000000E+00
+2.7600000E+01	+2.2602930E-07	+0.0000000E+00
+2.8000000E+01	+1.2548244E-07	+0.0000000E+00
+2.8400000E+01	+2.2730770E-07	+0.0000000E+00
+2.8800000E+01	+3.7345902E-07	+0.0000000E+00
+2.9200000E+01	+4.7584158E-07	+0.0000000E+00
+2.9600000E+01	+5.2641405E-07	+0.0000000E+00
+3.0000000E+01	+5.4586470E-07	+0.0000000E+00
+3.0400000E+01	+5.5113170E-07	+0.0000000E+00
+3.0800000E+01	+5.1411368E-07	+0.0000000E+00
+3.1200000E+01	+4.2604179E-07	+0.0000000E+00
+3.1600000E+01	+3.0907985E-07	+0.0000000E+00
+3.2000000E+01	+2.7282515E-07	+0.0000000E+00
+3.2400000E+01	+3.1856461E-07	+0.0000000E+00
+3.2800000E+01	+3.1520893E-07	+0.0000000E+00
+3.3200000E+01	+2.8036978E-07	+0.0000000E+00
+3.3600000E+01	+2.5627054E-07	+0.0000000E+00
+3.4000000E+01	+2.5968597E-07	+0.0000000E+00
+3.4400000E+01	+2.6156781E-07	+0.0000000E+00
+3.4800000E+01	+2.4649823E-07	+0.0000000E+00
+3.5200000E+01	+2.3107185E-07	+0.0000000E+00
+3.5600000E+01	+2.4751754E-07	+0.0000000E+00
+3.6000000E+01	+3.2717783E-07	+0.0000000E+00
+3.6400000E+01	+4.2045757E-07	+0.0000000E+00
+3.6800000E+01	+4.7094381E-07	+0.0000000E+00
+3.7200000E+01	+4.5351637E-07	+0.0000000E+00
+3.7600000E+01	+3.6887835E-07	+0.0000000E+00
+3.8000000E+01	+2.6009861E-07	+0.0000000E+00
+3.8400000E+01	+2.4037102E-07	+0.0000000E+00
+3.8800000E+01	+2.4893822E-07	+0.0000000E+00
+3.9200000E+01	+2.7674310E-07	+0.0000000E+00
+3.9600000E+01	+3.2442385E-07	+0.0000000E+00
+4.0000000E+01	+2.9303107E-07	+0.0000000E+00
+4.0400000E+01	+1.9136188E-07	+0.0000000E+00
+4.0800000E+01	+1.0286403E-07	+0.0000000E+00
+4.1200000E+01	+2.0777826E-07	+0.0000000E+00
+4.1600000E+01	+3.4032245E-07	+0.0000000E+00
+4.2000000E+01	+4.1213203E-07	+0.0000000E+00
+4.2400000E+01	+4.0100396E-07	+0.0000000E+00
+4.2800000E+01	+3.1334932E-07	+0.0000000E+00
+4.3200000E+01	+1.8381332E-07	+0.0000000E+00
+4.3600000E+01	+1.3186606E-07	+0.0000000E+00
+4.4000000E+01	+2.3346002E-07	+0.0000000E+00
+4.4400000E+01	+3.3750563E-07	+0.0000000E+00
+4.4800000E+01	+3.9824489E-07	+0.0000000E+00
+4.5200000E+01	+4.1330583E-07	+0.0000000E+00
+4.5600000E+01	+3.9938271E-07	+0.0000000E+00
+4.6000000E+01	+3.6564401E-07	+0.0000000E+00
+4.6400000E+01	+3.0348078E-07	+0.0000000E+00
+4.6800000E+01	+2.1643783E-07	+0.0000000E+00
+4.7200000E+01	+1.8151611E-07	+0.0000000E+00
+4.7600000E+01	+2.4103714E-07	+0.0000000E+00
+4.8000000E+01	+2.6006008E-07	+0.0000000E+00
+4.8400000E+01	+2.4222954E-07	+0.0000000E+00
+4.8800000E+01	+2.1499367E-07	+0.0000000E+00
+4.9200000E+01	+2.0565230E-07	+0.0000000E+00
+4.9600000E+01	+2.0683752E-07	+0.0000000E+00
+5.0000000E+01	+1.9267506E-07	+0.0000000E+00
+5.0400000E+01	+1.5555125E-07	+0.0000000E+00
+5.0800000E+01	+1.3913807E-07	+0.0000000E+00
+5.1200000E+01	+2.0929656E-07	+0.0000000E+00
+5.1600000E+01	+3.1824312E-07	+0.0000000E+00
+5.2000000E+01	+3.9708258E-07	+0.0000000E+00
+5.2400000E+01	+4.1580383E-07	+0.0000000E+00
+5.2800000E+01	+3.6571127E-07	+0.0000000E+00
+5.3200000E+01	+2.7242401E-07	+0.0000000E+00
+5.3600000E+01	+2.6051623E-07	+0.0000000E+00
+5.4000000E+01	+2.6303399E-07	+0.0000000E+00
+5.4400000E+01	+2.3170281E-07	+0.0000000E+00
+5.4800000E+01	+3.0489039E-07	+0.0000000E+00
+5.5200000E+01	+3.0778776E-07	+0.0000000E+00
+5.5600000E+01	+2.4382483E-07	+0.0000000E+00
+5.6000000E+01	+1.3911813E-07	+0.0000000E+00
+5.6400000E+01	+1.0861889E-07	+0.0000000E+00
+5.6800000E+01	+1.6417308E-07	+0.0000000E+00
+5.7200000E+01	+2.1417918E-07	+0.0000000E+00
+5.7600000E+01	+2.2377291E-07	+0.0000000E+00
+5.8000000E+01	+1.9756653E-07	+0.0000000E+00
+5.8400000E+01	+1.6842652E-07	+0.0000000E+00
+5.8800000E+01	+1.7776561E-07	+0.0000000E+00
+5.9200000E+01	+2.1519366E-07	+0.0000000E+00
+5.9600000E+01	+2.4567631E-07	+0.0000000E+00
+6.0000000E+01	+2.5273612E-07	+0.0000000E+00
+6.0400000E+01	+2.3430041E-07	+0.0000000E+00
+6.0800000E+01	+1.9445317E-07	+0.0000000E+00
+6.1200000E+01	+1.3870142E-07	+0.0000000E+00
+6.1600000E+01	+7.4845546E-08	+0.0000000E+00
+6.2000000E+01	+7.0097743E-08	+0.0000000E+00
+6.2400000E+01	+1.2457973E-07	+0.0000000E+00
+6.2800000E+01	+1.8005382E-07	+0.0000000E+00
+6.3200000E+01	+2.0605651E-07	+0.0000000E+00
+6.3600000E+01	+1.8641380E-07	+0.0000000E+00
+6.4000000E+01	+1.1730204E-07	+0.0000000E+00
+6.4400000E+01	+4.8309650E-08	+0.0000000E+00
+6.4800000E+01	+1.2240001E-07	+0.0000000E+00
+6.5200000E+01	+2.3962864E-07	+0.0000000E+00
+6.5600000E+01	+3.1808490E-07	+0.0000000E+00
+6.6000000E+01	+3.3771147E-07	+0.0000000E+00
+6.6400000E+01	+2.9350593E-07	+0.0000000E+00
+6.6800000E+01	+2.0180419E-07	+0.0000000E+00
+6.7200000E+01	+1.1920070E-07	+0.0000000E+00
+6.7600000E+01	+1.6190189E-07	+0.0000000E+00
+6.8000000E+01	+2.4745786E-07	+0.0000000E+00
+6.8400000E+01	+2.8572413E-07	+0.0000000E+00
+6.8800000E+01	+2.6130122E-07	+0.0000000E+00
+6.9200000E+01	+2.0414972E-07	+0.0000000E+00
+6.9600000E+01	+1.9692671E-07	+0.0000000E+00
+7.0000000E+01	+1.7398870E-07	+0.0000000E+00
+7.0400000E+01	+1.6573703E-07	+0.0000000E+00
+7.0800000E+01	+1.8963788E-07	+0.0000000E+00
+7.1200000E+01	+1.8055388E-07	+0.0000000E+00
+7.1600000E+01	+1.6620220E-07	+0.0000000E+00
+7.2000000E+01	+1.6180568E-07	+0.0000000E+00
+7.2400000E+01	+1.6218305E-07	+0.0000000E+00
+7.2800000E+01	+2.0265259E-07	+0.0000000E+00
+7.3200000E+01	+2.3743911E-07	+0.0000000E+00
+7.3600000E+01	+2.5286413E-07	+0.0000000E+00
+7.4000000E+01	+2.5823116E-07	+0.0000000E+00
+7.4400000E+01	+2.6760559E-07	+0.0000000E+00
+7.4800000E+01	+2.8767803E-07	+0.0000000E+00
+7.5200000E+01	+3.0328113E-07	+0.0000000E+00
+7.5600000E+01	+2.9349009E-07	+0.0000000E+00
+7.6000000E+01	+2.5188425E-07	+0.0000000E+00
+7.6400000E+01	+1.9032280E-07	+0.0000000E+00
+7.6800000E+01	+1.3378637E-07	+0.0000000E+00
+7.7200000E+01	+1.2723218E-07	+0.0000000E+00
+7.7600000E+01	+1.7488774E-07	+0.0000000E+00
+7.8000000E+01	+1.9228515E-07	+0.0000000E+00
+7.8400000E+01	+1.7792549E-07	+0.0000000E+00
+7.8800000E+01	+1.4947885E-07	+0.0000000E+00
+7.9200000E+01	+1.5729790E-07	+0.0000000E+00
+7.9600000E+01	+2.2934170E-07	+0.0000000E+00
+8.0000000E+01	+3.1549641E-07	+0.0000000E+00
+8.0400000E+01	+3.8349749E-07	+0.0000000E+00
+8.0800000E+01	+4.1309726E-07	+0.0000000E+00
+8.1200000E+01	+3.9277369E-07	+0.0000000E+00
+8.1600000E+01	+3.2457291E-07	+0.0000000E+00
+8.2000000E+01	+2.3230963E-07	+0.0000000E+00
+8.2400000E+01	+1.7624647E-07	+0.0000000E+00
+8.2800000E+01	+2.0490872E-07	+0.0000000E+00
+8.3200000E+01	+2.5416180E-07	+0.0000000E+00
+8.3600000E+01	+2.6110622E-07	+0.0000000E+00
+8.4000000E+01	+2.0920329E-07	+0.0000000E+00
+8.4400000E+01	+2.0206962E-07	+0.0000000E+00
+8.4800000E+01	+2.0667059E-07	+0.0000000E+00
+8.5200000E+01	+1.8691465E-07	+0.0000000E+00
+8.5600000E+01	+2.1369421E-07	+0.0000000E+00
+8.6000000E+01	+2.3136477E-07	+0.0000000E+00
+8.6400000E+01	+1.9408502E-07	+0.0000000E+00
+8.6800000E+01	+1.2069532E-07	+0.0000000E+00
+8.7200000E+01	+1.0000691E-07	+0.0000000E+00
+8.7600000E+01	+1.9088495E-07	+0.0000000E+00
+8.8000000E+01	+2.7617569E-07	+0.0000000E+00
+8.8400000E+01	+3.2438266E-07	+0.0000000E+00
+8.8800000E+01	+3.2342180E-07	+0.0000000E+00
+8.9200000E+01	+2.7629883E-07	+0.0000000E+00
+8.9600000E+01	+2.0314447E-07	+0.0000000E+00
+9.0000000E+01	+1.4379368E-07	+0.0000000E+00
+9.0400000E+01	+1.3772031E-07	+0.0000000E+00
+9.0800000E+01	+1.7271907E-07	+0.0000000E+00
+9.1200000E+01	+1.9461756E-07	+0.0000000E+00
+9.1600000E+01	+1.9953111E-07	+0.0000000E+00
+9.2000000E+01	+2.0354436E-07	+0.0000000E+00
+9.2400000E+01	+2.0858372E-07	+0.0000000E+00
+9.2800000E+01	+2.0656968E-07	+0.0000000E+00
+9.3200000E+01	+1.9318771E-07	+0.0000000E+00
+9.3600000E+01	+1.7120204E-07	+0.0000000E+00
+9.4000000E+01	+1.5011808E-07	+0.0000000E+00
+9.4400000E+01	+1.5058110E-07	+0.0000000E+00
+9.4800000E+01	+1.6363662E-07	+0.0000000E+00
+9.5200000E+01	+1.8327364E-07	+0.0000000E+00
+9.5600000E+01	+2.1068418E-07	+0.0000000E+00
+9.6000000E+01	+2.4274310E-07	+0.0000000E+00
+9.6400000E+01	+2.6944529E-07	+0.0000000E+00
+9.6800000E+01	+2.8183140E-07	+0.0000000E+00
+9.7200000E+01	+2.8114036E-07	+0.0000000E+00
+9.7600000E+01	+2.7970668E-07	+0.0000000E+00
+9.8000000E+01	+2.8325893E-07	+0.0000000E+00
+9.8400000E+01	+2.8003116E-07	+0.0000000E+00
+9.8800000E+01	+2.5891722E-07	+0.0000000E+00
+9.9200000E+01	+2.1840949E-07	+0.0000000E+00
+9.9600000E+01	+1.6707478E-07	+0.0000000E+00
+1.0000000E+02	+1.2794780E-07	+0.0000000E+00
+1.0040000E+02	+1.1655629E-07	+0.0000000E+00
+1.0080000E+02	+1.2521849E-07	+0.0000000E+00
+1.0120000E+02	+1.5469805E-07	+0.0000000E+00
+1.0160000E+02	+1.6622680E-07	+0.0000000E+00
+1.0200000E+02	+1.6626540E-07	+0.0000000E+00
+1.0240000E+02	+1.7648875E-07	+0.0000000E+00
+1.0280000E+02	+2.1346065E-07	+0.0000000E+00
+1.0320000E+02	+2.7033620E-07	+0.0000000E+00
+1.0360000E+02	+3.2039062E-07	+0.0000000E+00
+1.0400000E+02	+3.4184352E-07	+0.0000000E+00
+1.0440000E+02	+3.2619928E-07	+0.0000000E+00
+1.0480000E+02	+2.7844765E-07	+0.0000000E+00
+1.0520000E+02	+2.1529803E-07	+0.0000000E+00
+1.0560000E+02	+1.6121787E-07	+0.0000000E+00
+1.0600000E+02	+1.3666557E-07	+0.0000000E+00
+1.0640000E+02	+1.3723244E-07	+0.0000000E+00
+1.0680000E+02	+1.5023438E-07	+0.0000000E+00
+1.0720000E+02	+1.8262009E-07	+0.0000000E+00
+1.0760000E+02	+2.2397897E-07	+0.0000000E+00
+1.0800000E+02	+2.5884752E-07	+0.0000000E+00
+1.0840000E+02	+2.8013907E-07	+0.0000000E+00
+1.0880000E+02	+2.8658212E-07	+0.0000000E+00
+1.0920000E+02	+2.7904008E-07	+0.0000000E+00
+1.0960000E+02	+2.5779692E-07	+0.0000000E+00
+1.1000000E+02	+2.2460317E-07	+0.0000000E+00
+1.1040000E+02	+1.8840535E-07	+0.0000000E+00
+1.1080000E+02	+1.6590501E-07	+0.0000000E+00
+1.1120000E+02	+1.7148141E-07	+0.0000000E+00
+1.1160000E+02	+2.0501302E-07	+0.0000000E+00
+1.1200000E+02	+2.3987563E-07	+0.0000000E+00
+1.1240000E+02	+2.6266598E-07	+0.0000000E+00
+1.1280000E+02	+2.7731365E-07	+0.0000000E+00
+1.1320000E+02	+2.7945890E-07	+0.0000000E+00
+1.1360000E+02	+2.6335826E-07	+0.0000000E+00
+1.1400000E+02	+2.3325806E-07	+0.0000000E+00
+1.1440000E+02	+2.0232593E-07	+0.0000000E+00
+1.1480000E+02	+1.7513587E-07	+0.0000000E+00
+1.1520000E+02	+1.5085624E-07	+0.0000000E+00
+1.1560000E+02	+1.5332927E-07	+0.0000000E+00
+1.1600000E+02	+1.9327817E-07	+0.0000000E+00
+1.1640000E+02	+2.4070438E-07	+0.0000000E+00
+1.1680000E+02	+2.6732803E-07	+0.0000000E+00
+1.1720000E+02	+2.6106653E-07	+0.0000000E+00
+1.1760000E+02	+2.2772876E-07	+0.0000000E+00
+1.1800000E+02	+1.9534541E-07	+0.0000000E+00
+1.1840000E+02	+2.0054185E-07	+0.0000000E+00
+1.1880000E+02	+2.4260305E-07	+0.0000000E+00
+1.1920000E+02	+2.8385410E-07	+0.0000000E+00
+1.1960000E+02	+2.9682174E-07	+0.0000000E+00
+1.2000000E+02	+2.7656312E-07	+0.0000000E+00
+1.2040000E+02	+2.3502929E-07	+0.0000000E+00
+1.2080000E+02	+1.9282093E-07	+0.0000000E+00
+1.2120000E+02	+1.6548139E-07	+0.0000000E+00
+1.2160000E+02	+1.5857903E-07	+0.0000000E+00
+1.2200000E+02	+1.6122166E-07	+0.0000000E+00
+1.2240000E+02	+1.6066174E-07	+0.0000000E+00
+1.2280000E+02	+1.6886164E-07	+0.0000000E+00
+1.2320000E+02	+1.9129791E-07	+0.0000000E+00
+1.2360000E+02	+2.1482873E-07	+0.0000000E+00
+1.2400000E+02	+2.2995624E-07	+0.0000000E+00
+1.2440000E+02	+2.3259497E-07	+0.0000000E+00
+1.2480000E+02	+2.2574288E-07	+0.0000000E+00
+1.2520000E+02	+2.1849121E-07	+0.0000000E+00
+1.2560000E+02	+2.1541995E-07	+0.0000000E+00
+1.2600000E+02	+2.1244169E-07	+0.0000000E+00
+1.2640000E+02	+2.0401052E-07	+0.0000000E+00
+1.2680000E+02	+1.8867241E-07	+0.0000000E+00
+1.2720000E+02	+1.6985967E-07	+0.0000000E+00
+1.2760000E+02	+1.5561174E-07	+0.0000000E+00
+1.2800000E+02	+1.5329128E-07	+0.0000000E+00
+1.2840000E+02	+1.5980473E-07	+0.0000000E+00
+1.2880000E+02	+1.6530759E-07	+0.0000000E+00
+1.2920000E+02	+1.6206090E-07	+0.0000000E+00
+1.2960000E+02	+1.4947442E-07	+0.0000000E+00
+1.3000000E+02	+1.3614402E-07	+0.0000000E+00
+1.3040000E+02	+1.4059917E-07	+0.0000000E+00
+1.3080000E+02	+1.7582510E-07	+0.0000000E+00
+1.3120000E+02	+2.2941768E-07	+0.0000000E+00
+1.3160000E+02	+2.7892804E-07	+0.0000000E+00
+1.3200000E+02	+3.0492412E-07	+0.0000000E+00
+1.3240000E+02	+2.9437476E-07	+0.0000000E+00
+1.3280000E+02	+2.4398419E-07	+0.0000000E+00
+1.3320000E+02	+1.6455520E-07	+0.0000000E+00
+1.3360000E+02	+9.6489179E-08	+0.0000000E+00
+1.3400000E+02	+1.2049569E-07	+0.0000000E+00
+1.3440000E+02	+1.9248711E-07	+0.0000000E+00
+1.3480000E+02	+2.3991872E-07	+0.0000000E+00
+1.3520000E+02	+2.4933377E-07	+0.0000000E+00
+1.3560000E+02	+2.2743513E-07	+0.0000000E+00
+1.3600000E+02	+1.9654381E-07	+0.0000000E+00
+1.3640000E+02	+1.7804233E-07	+0.0000000E+00
+1.3680000E+02	+1.7097722E-07	+0.0000000E+00
+1.3720000E+02	+1.7225186E-07	+0.0000000E+00
+1.3760000E+02	+1.7510683E-07	+0.0000000E+00
+1.3800000E+02	+1.6828491E-07	+0.0000000E+00
+1.3840000E+02	+1.5099197E-07	+0.0000000E+00
+1.3880000E+02	+1.3462360E-07	+0.0000000E+00
+1.3920000E+02	+1.3400056E-07	+0.0000000E+00
+1.3960000E+02	+1.4609798E-07	+0.0000000E+00
+1.4000000E+02	+1.7118091E-07	+0.0000000E+00
+1.4040000E+02	+2.0626844E-07	+0.0000000E+00
+1.4080000E+02	+2.3845372E-07	+0.0000000E+00
+1.4120000E+02	+2.5339357E-07	+0.0000000E+00
+1.4160000E+02	+2.4365009E-07	+0.0000000E+00
+1.4200000E+02	+2.1169087E-07	+0.0000000E+00
+1.4240000E+02	+1.6858249E-07	+0.0000000E+00
+1.4280000E+02	+1.2998796E-07	+0.0000000E+00
+1.4320000E+02	+1.0911380E-07	+0.0000000E+00
+1.4360000E+02	+1.0685064E-07	+0.0000000E+00
+1.4400000E+02	+1.2271839E-07	+0.0000000E+00
+1.4440000E+02	+1.3330809E-07	+0.0000000E+00
+1.4480000E+02	+1.3258141E-07	+0.0000000E+00
+1.4520000E+02	+1.2633714E-07	+0.0000000E+00
+1.4560000E+02	+1.2494198E-07	+0.0000000E+00
+1.4600000E+02	+1.3318804E-07	+0.0000000E+00
+1.4640000E+02	+1.5270013E-07	+0.0000000E+00
+1.4680000E+02	+1.8866159E-07	+0.0000000E+00
+1.4720000E+02	+2.3258232E-07	+0.0000000E+00
+1.4760000E+02	+2.6406901E-07	+0.0000000E+00
+1.4800000E+02	+2.6543475E-07	+0.0000000E+00
+1.4840000E+02	+2.2957384E-07	+0.0000000E+00
+1.4880000E+02	+1.6277081E-07	+0.0000000E+00
+1.4920000E+02	+9.0075795E-08	+0.0000000E+00
+1.4960000E+02	+8.7861521E-08	+0.0000000E+00
+1.5000000E+02	+1.4440071E-07	+0.0000000E+00
+1.5040000E+02	+1.8008608E-07	+0.0000000E+00
+1.5080000E+02	+1.7833881E-07	+0.0000000E+00
+1.5120000E+02	+1.4908153E-07	+0.0000000E+00
+1.5160000E+02	+1.4617190E-07	+0.0000000E+00
+1.5200000E+02	+1.4887914E-07	+0.0000000E+00
+1.5240000E+02	+1.4987748E-07	+0.0000000E+00
+1.5280000E+02	+1.5511698E-07	+0.0000000E+00
+1.5320000E+02	+1.5416904E-07	+0.0000000E+00
+1.5360000E+02	+1.4730551E-07	+0.0000000E+00
+1.5400000E+02	+1.5747128E-07	+0.0000000E+00
+1.5440000E+02	+1.8920370E-07	+0.0000000E+00
+1.5480000E+02	+2.1429900E-07	+0.0000000E+00
+1.5520000E+02	+2.1610526E-07	+0.0000000E+00
+1.5560000E+02	+1.9301011E-07	+0.0000000E+00
+1.5600000E+02	+1.5884192E-07	+0.0000000E+00
+1.5640000E+02	+1.3972415E-07	+0.0000000E+00
+1.5680000E+02	+1.4281561E-07	+0.0000000E+00
+1.5720000E+02	+1.5272556E-07	+0.0000000E+00
+1.5760000E+02	+1.6404720E-07	+0.0000000E+00
+1.5800000E+02	+1.6637317E-07	+0.0000000E+00
+1.5840000E+02	+1.5518216E-07	+0.0000000E+00
+1.5880000E+02	+1.3816260E-07	+0.0000000E+00
+1.5920000E+02	+1.2517036E-07	+0.0000000E+00
+1.5960000E+02	+1.2154390E-07	+0.0000000E+00
+1.6000000E+02	+1.2592946E-07	+0.0000000E+00
+1.6040000E+02	+1.3218298E-07	+0.0000000E+00
+1.6080000E+02	+1.2652505E-07	+0.0000000E+00
+1.6120000E+02	+1.1468675E-07	+0.0000000E+00
+1.6160000E+02	+1.0360567E-07	+0.0000000E+00
+1.6200000E+02	+1.2052833E-07	+0.0000000E+00
+1.6240000E+02	+1.8120275E-07	+0.0000000E+00
+1.6280000E+02	+2.4212596E-07	+0.0000000E+00
+1.6320000E+02	+2.7533821E-07	+0.0000000E+00
+1.6360000E+02	+2.7007359E-07	+0.0000000E+00
+1.6400000E+02	+2.2797636E-07	+0.0000000E+00
+1.6440000E+02	+1.6205295E-07	+0.0000000E+00
+1.6480000E+02	+9.5294988E-08	+0.0000000E+00
+1.6520000E+02	+9.1978852E-08	+0.0000000E+00
+1.6560000E+02	+1.1295649E-07	+0.0000000E+00
+1.6600000E+02	+1.2102055E-07	+0.0000000E+00
+1.6640000E+02	+1.2750202E-07	+0.0000000E+00
+1.6680000E+02	+1.4008436E-07	+0.0000000E+00
+1.6720000E+02	+1.4242204E-07	+0.0000000E+00
+1.6760000E+02	+1.3117716E-07	+0.0000000E+00
+1.6800000E+02	+1.1055915E-07	+0.0000000E+00
+1.6840000E+02	+9.5826268E-08	+0.0000000E+00
+1.6880000E+02	+1.1702369E-07	+0.0000000E+00
+1.6920000E+02	+1.7012142E-07	+0.0000000E+00
+1.6960000E+02	+2.1946228E-07	+0.0000000E+00
+1.7000000E+02	+2.4364321E-07	+0.0000000E+00
+1.7040000E+02	+2.3420662E-07	+0.0000000E+00
+1.7080000E+02	+1.9458395E-07	+0.0000000E+00
+1.7120000E+02	+1.4089065E-07	+0.0000000E+00
+1.7160000E+02	+1.0222286E-07	+0.0000000E+00
+1.7200000E+02	+9.6575125E-08	+0.0000000E+00
+1.7240000E+02	+1.1988501E-07	+0.0000000E+00
+1.7280000E+02	+1.3316440E-07	+0.0000000E+00
+1.7320000E+02	+1.2437079E-07	+0.0000000E+00
+1.7360000E+02	+9.8488204E-08	+0.0000000E+00
+1.7400000E+02	+6.4780684E-08	+0.0000000E+00
+1.7440000E+02	+3.4090910E-08	+0.0000000E+00
+1.7480000E+02	+5.2623062E-08	+0.0000000E+00
+1.7520000E+02	+8.0388080E-08	+0.0000000E+00
+1.7560000E+02	+9.9856041E-08	+0.0000000E+00
+1.7600000E+02	+1.2004143E-07	+0.0000000E+00
+1.7640000E+02	+1.4098031E-07	+0.0000000E+00
+1.7680000E+02	+1.4115210E-07	+0.0000000E+00
+1.7720000E+02	+1.2081496E-07	+0.0000000E+00
+1.7760000E+02	+9.5528679E-08	+0.0000000E+00
+1.7800000E+02	+9.5870088E-08	+0.0000000E+00
+1.7840000E+02	+1.1929075E-07	+0.0000000E+00
+1.7880000E+02	+1.3973824E-07	+0.0000000E+00
+1.7920000E+02	+1.4216223E-07	+0.0000000E+00
+1.7960000E+02	+1.2438652E-07	+0.0000000E+00
+1.8000000E+02	+9.8447915E-08	+0.0000000E+00
+1.8040000E+02	+9.0202424E-08	+0.0000000E+00
+1.8080000E+02	+9.1081020E-08	+0.0000000E+00
+1.8120000E+02	+9.4515128E-08	+0.0000000E+00
+1.8160000E+02	+9.7402675E-08	+0.0000000E+00
+1.8200000E+02	+9.7417179E-08	+0.0000000E+00
+1.8240000E+02	+9.1215574E-08	+0.0000000E+00
+1.8280000E+02	+7.9669550E-08	+0.0000000E+00
+1.8320000E+02	+7.6780619E-08	+0.0000000E+00
+1.8360000E+02	+7.9532471E-08	+0.0000000E+00
+1.8400000E+02	+8.0295397E-08	+0.0000000E+00
+1.8440000E+02	+8.5932763E-08	+0.0000000E+00
+1.8480000E+02	+9.8093892E-08	+0.0000000E+00
+1.8520000E+02	+1.0924942E-07	+0.0000000E+00
+1.8560000E+02	+1.1384796E-07	+0.0000000E+00
+1.8600000E+02	+1.1179493E-07	+0.0000000E+00
+1.8640000E+02	+1.0657811E-07	+0.0000000E+00
+1.8680000E+02	+9.9903736E-08	+0.0000000E+00
+1.8720000E+02	+8.8204783E-08	+0.0000000E+00
+1.8760000E+02	+6.9318912E-08	+0.0000000E+00
+1.8800000E+02	+6.9035370E-08	+0.0000000E+00
+1.8840000E+02	+7.7061829E-08	+0.0000000E+00
+1.8880000E+02	+8.7714633E-08	+0.0000000E+00
+1.8920000E+02	+1.0999811E-07	+0.0000000E+00
+1.8960000E+02	+1.1841077E-07	+0.0000000E+00
+1.9000000E+02	+1.0146219E-07	+0.0000000E+00
+1.9040000E+02	+6.3226261E-08	+0.0000000E+00
+1.9080000E+02	+4.2671886E-08	+0.0000000E+00
+1.9120000E+02	+6.2241422E-08	+0.0000000E+00
+1.9160000E+02	+1.0826762E-07	+0.0000000E+00
+1.9200000E+02	+1.3317558E-07	+0.0000000E+00
+1.9240000E+02	+1.3330920E-07	+0.0000000E+00
+1.9280000E+02	+1.1321715E-07	+0.0000000E+00
+1.9320000E+02	+8.4731569E-08	+0.0000000E+00
+1.9360000E+02	+7.3431910E-08	+0.0000000E+00
+1.9400000E+02	+8.3036892E-08	+0.0000000E+00
+1.9440000E+02	+8.8428801E-08	+0.0000000E+00
+1.9480000E+02	+8.7855028E-08	+0.0000000E+00
+1.9520000E+02	+8.8717057E-08	+0.0000000E+00
+1.9560000E+02	+9.7866981E-08	+0.0000000E+00
+1.9600000E+02	+1.0122226E-07	+0.0000000E+00
+1.9640000E+02	+8.6191886E-08	+0.0000000E+00
+1.9680000E+02	+6.4448235E-08	+0.0000000E+00
+1.9720000E+02	+5.6256451E-08	+0.0000000E+00
+1.9760000E+02	+7.7000699E-08	+0.0000000E+00
+1.9800000E+02	+1.2711924E-07	+0.0000000E+00
+1.9840000E+02	+1.5457930E-07	+0.0000000E+00
+1.9880000E+02	+1.5246399E-07	+0.0000000E+00
+1.9920000E+02	+1.2208401E-07	+0.0000000E+00
+1.9960000E+02	+7.4715498E-08	+0.0000000E+00
+2.0000000E+02	+4.7190863E-08	+0.0000000E+00
+2.0040000E+02	+7.1560088E-08	+0.0000000E+00
+2.0080000E+02	+9.9158179E-08	+0.0000000E+00
+2.0120000E+02	+1.0691634E-07	+0.0000000E+00
+2.0160000E+02	+9.5239609E-08	+0.0000000E+00
+2.0200000E+02	+7.4346334E-08	+0.0000000E+00
+2.0240000E+02	+5.4944508E-08	+0.0000000E+00
+2.0280000E+02	+4.3506704E-08	+0.0000000E+00
+2.0320000E+02	+4.7071926E-08	+0.0000000E+00
+2.0360000E+02	+6.0363234E-08	+0.0000000E+00
+2.0400000E+02	+7.0879888E-08	+0.0000000E+00
+2.0440000E+02	+7.9042455E-08	+0.0000000E+00
+2.0480000E+02	+9.8025328E-08	+0.0000000E+00
+2.0520000E+02	+1.0010165E-07	+0.0000000E+00
+2.0560000E+02	+8.5001946E-08	+0.0000000E+00
+2.0600000E+02	+6.6254018E-08	+0.0000000E+00
+2.0640000E+02	+6.5104403E-08	+0.0000000E+00
+2.0680000E+02	+8.7357443E-08	+0.0000000E+00
+2.0720000E+02	+1.1020799E-07	+0.0000000E+00
+2.0760000E+02	+1.1539893E-07	+0.0000000E+00
+2.0800000E+02	+1.0050527E-07	+0.0000000E+00
+2.0840000E+02	+7.6390548E-08	+0.0000000E+00
+2.0880000E+02	+7.4704105E-08	+0.0000000E+00
+2.0920000E+02	+6.7728032E-08	+0.0000000E+00
+2.0960000E+02	+6.3534461E-08	+0.0000000E+00
+2.1000000E+02	+6.5279548E-08	+0.0000000E+00
+2.1040000E+02	+7.0253393E-08	+0.0000000E+00
+2.1080000E+02	+7.3162384E-08	+0.0000000E+00
+2.1120000E+02	+7.5681347E-08	+0.0000000E+00
+2.1160000E+02	+7.7907642E-08	+0.0000000E+00
+2.1200000E+02	+7.2296029E-08	+0.0000000E+00
+2.1240000E+02	+6.2562328E-08	+0.0000000E+00
+2.1280000E+02	+6.6306769E-08	+0.0000000E+00
+2.1320000E+02	+8.9198997E-08	+0.0000000E+00
+2.1360000E+02	+1.1305499E-07	+0.0000000E+00
+2.1400000E+02	+1.2325426E-07	+0.0000000E+00
+2.1440000E+02	+1.1466542E-07	+0.0000000E+00
+2.1480000E+02	+9.0363111E-08	+0.0000000E+00
+2.1520000E+02	+6.1272284E-08	+0.0000000E+00
+2.1560000E+02	+4.8315515E-08	+0.0000000E+00
+2.1600000E+02	+5.3828441E-08	+0.0000000E+00
+2.1640000E+02	+5.6896337E-08	+0.0000000E+00
+2.1680000E+02	+5.4547300E-08	+0.0000000E+00
+2.1720000E+02	+5.8044654E-08	+0.0000000E+00
+2.1760000E+02	+6.0934998E-08	+0.0000000E+00
+2.1800000E+02	+5.9374517E-08	+0.0000000E+00
+2.1840000E+02	+5.6718896E-08	+0.0000000E+00
+2.1880000E+02	+5.5857049E-08	+0.0000000E+00
+2.1920000E+02	+5.7078028E-08	+0.0000000E+00
+2.1960000E+02	+6.6998606E-08	+0.0000000E+00
+2.2000000E+02	+7.8945371E-08	+0.0000000E+00
+2.2040000E+02	+8.3333552E-08	+0.0000000E+00
+2.2080000E+02	+7.8471861E-08	+0.0000000E+00
+2.2120000E+02	+7.1876742E-08	+0.0000000E+00
+2.2160000E+02	+7.5813813E-08	+0.0000000E+00
+2.2200000E+02	+9.0767738E-08	+0.0000000E+00
+2.2240000E+02	+1.0316419E-07	+0.0000000E+00
+2.2280000E+02	+1.0333732E-07	+0.0000000E+00
+2.2320000E+02	+9.2874052E-08	+0.0000000E+00
+2.2360000E+02	+8.0144382E-08	+0.0000000E+00
+2.2400000E+02	+6.3843825E-08	+0.0000000E+00
+2.2440000E+02	+5.3461736E-08	+0.0000000E+00
+2.2480000E+02	+5.7683291E-08	+0.0000000E+00
+2.2520000E+02	+5.8562941E-08	+0.0000000E+00
+2.2560000E+02	+5.9438731E-08	+0.0000000E+00
+2.2600000E+02	+5.8112287E-08	+0.0000000E+00
+2.2640000E+02	+6.3702123E-08	+0.0000000E+00
+2.2680000E+02	+8.6787459E-08	+0.0000000E+00
+2.2720000E+02	+9.9650238E-08	+0.0000000E+00
+2.2760000E+02	+9.8040669E-08	+0.0000000E+00
+2.2800000E+02	+8.7614161E-08	+0.0000000E+00
+2.2840000E+02	+7.8889500E-08	+0.0000000E+00
+2.2880000E+02	+7.9512832E-08	+0.0000000E+00
+2.2920000E+02	+8.4658792E-08	+0.0000000E+00
+2.2960000E+02	+8.4000195E-08	+0.0000000E+00
+2.3000000E+02	+7.5320469E-08	+0.0000000E+00
+2.3040000E+02	+6.4628135E-08	+0.0000000E+00
+2.3080000E+02	+5.9403122E-08	+0.0000000E+00
+2.3120000E+02	+5.7561758E-08	+0.0000000E+00
+2.3160000E+02	+6.0795636E-08	+0.0000000E+00
+2.3200000E+02	+7.5688629E-08	+0.0000000E+00
+2.3240000E+02	+8.8546267E-08	+0.0000000E+00
+2.3280000E+02	+9.1943882E-08	+0.0000000E+00
+2.3320000E+02	+8.4448925E-08	+0.0000000E+00
+2.3360000E+02	+7.5017267E-08	+0.0000000E+00
+2.3400000E+02	+6.8490241E-08	+0.0000000E+00
+2.3440000E+02	+5.8490560E-08	+0.0000000E+00
+2.3480000E+02	+5.5314597E-08	+0.0000000E+00
+2.3520000E+02	+7.3489754E-08	+0.0000000E+00
+2.3560000E+02	+9.5316381E-08	+0.0000000E+00
+2.3600000E+02	+1.0731245E-07	+0.0000000E+00
+2.3640000E+02	+1.0671920E-07	+0.0000000E+00
+2.3680000E+02	+9.6795889E-08	+0.0000000E+00
+2.3720000E+02	+8.4577408E-08	+0.0000000E+00
+2.3760000E+02	+7.6890782E-08	+0.0000000E+00
+2.3800000E+02	+7.5129161E-08	+0.0000000E+00
+2.3840000E+02	+7.5690553E-08	+0.0000000E+00
+2.3880000E+02	+7.4181321E-08	+0.0000000E+00
+2.3920000E+02	+6.8418004E-08	+0.0000000E+00
+2.3960000E+02	+5.9886145E-08	+0.0000000E+00
+2.4000000E+02	+5.2416147E-08	+0.0000000E+00
+2.4040000E+02	+4.7471876E-08	+0.0000000E+00
+2.4080000E+02	+4.6901600E-08	+0.0000000E+00
+2.4120000E+02	+5.8235858E-08	+0.0000000E+00
+2.4160000E+02	+7.9413363E-08	+0.0000000E+00
+2.4200000E+02	+9.8692549E-08	+0.0000000E+00
+2.4240000E+02	+1.0766548E-07	+0.0000000E+00
+2.4280000E+02	+1.0330731E-07	+0.0000000E+00
+2.4320000E+02	+8.8661812E-08	+0.0000000E+00
+2.4360000E+02	+7.3102419E-08	+0.0000000E+00
+2.4400000E+02	+6.8234744E-08	+0.0000000E+00
+2.4440000E+02	+7.4193426E-08	+0.0000000E+00
+2.4480000E+02	+7.9963566E-08	+0.0000000E+00
+2.4520000E+02	+7.8606994E-08	+0.0000000E+00
+2.4560000E+02	+7.1033568E-08	+0.0000000E+00
+2.4600000E+02	+6.4334652E-08	+0.0000000E+00
+2.4640000E+02	+6.2925264E-08	+0.0000000E+00
+2.4680000E+02	+6.4173311E-08	+0.0000000E+00
+2.4720000E+02	+6.6664408E-08	+0.0000000E+00
+2.4760000E+02	+6.8738826E-08	+0.0000000E+00
+2.4800000E+02	+6.7909775E-08	+0.0000000E+00
+2.4840000E+02	+6.3280682E-08	+0.0000000E+00
+2.4880000E+02	+5.8580694E-08	+0.0000000E+00
+2.4920000E+02	+5.8867240E-08	+0.0000000E+00
+2.4960000E+02	+6.4279817E-08	+0.0000000E+00
+2.5000000E+02	+7.6616840E-08	+0.0000000E+00
+2.5040000E+02	+9.2332784E-08	+0.0000000E+00
+2.5080000E+02	+1.0422390E-07	+0.0000000E+00
+2.5120000E+02	+1.0659488E-07	+0.0000000E+00
+2.5160000E+02	+9.7524446E-08	+0.0000000E+00
+2.5200000E+02	+7.9276794E-08	+0.0000000E+00
+2.5240000E+02	+5.8158337E-08	+0.0000000E+00
+2.5280000E+02	+4.4123476E-08	+0.0000000E+00
+2.5320000E+02	+4.2449438E-08	+0.0000000E+00
+2.5360000E+02	+4.7818273E-08	+0.0000000E+00
+2.5400000E+02	+5.4856857E-08	+0.0000000E+00
+2.5440000E+02	+5.8298737E-08	+0.0000000E+00
+2.5480000E+02	+5.9029481E-08	+0.0000000E+00
+2.5520000E+02	+5.9803348E-08	+0.0000000E+00
+2.5560000E+02	+6.2850983E-08	+0.0000000E+00
+2.5600000E+02	+6.8280620E-08	+0.0000000E+00
+2.5640000E+02	+7.4807919E-08	+0.0000000E+00
+2.5680000E+02	+8.0714451E-08	+0.0000000E+00
+2.5720000E+02	+8.3419839E-08	+0.0000000E+00
+2.5760000E+02	+8.0529075E-08	+0.0000000E+00
+2.5800000E+02	+7.2033796E-08	+0.0000000E+00
+2.5840000E+02	+6.2014970E-08	+0.0000000E+00
+2.5880000E+02	+5.8516918E-08	+0.0000000E+00
+2.5920000E+02	+6.3547090E-08	+0.0000000E+00
+2.5960000E+02	+6.8760997E-08	+0.0000000E+00
+2.6000000E+02	+6.8900239E-08	+0.0000000E+00
+2.6040000E+02	+6.5622791E-08	+0.0000000E+00
+2.6080000E+02	+6.3616227E-08	+0.0000000E+00
+2.6120000E+02	+6.0094147E-08	+0.0000000E+00
+2.6160000E+02	+5.3011466E-08	+0.0000000E+00
+2.6200000E+02	+4.6329952E-08	+0.0000000E+00
+2.6240000E+02	+4.3978422E-08	+0.0000000E+00
+2.6280000E+02	+4.6775182E-08	+0.0000000E+00
+2.6320000E+02	+5.2401409E-08	+0.0000000E+00
+2.6360000E+02	+6.1651339E-08	+0.0000000E+00
+2.6400000E+02	+7.2315693E-08	+0.0000000E+00
+2.6440000E+02	+7.7236432E-08	+0.0000000E+00
+2.6480000E+02	+7.4763633E-08	+0.0000000E+00
+2.6520000E+02	+6.7904478E-08	+0.0000000E+00
+2.6560000E+02	+6.1951277E-08	+0.0000000E+00
+2.6600000E+02	+6.0116230E-08	+0.0000000E+00
+2.6640000E+02	+6.0193496E-08	+0.0000000E+00
+2.6680000E+02	+5.8034245E-08	+0.0000000E+00
+2.6720000E+02	+5.1920727E-08	+0.0000000E+00
+2.6760000E+02	+4.3289810E-08	+0.0000000E+00
+2.6800000E+02	+3.5203426E-08	+0.0000000E+00
+2.6840000E+02	+2.9651746E-08	+0.0000000E+00
+2.6880000E+02	+2.7160363E-08	+0.0000000E+00
+2.6920000E+02	+2.8896349E-08	+0.0000000E+00
+2.6960000E+02	+3.4011146E-08	+0.0000000E+00
+2.7000000E+02	+4.0818126E-08	+0.0000000E+00
+2.7040000E+02	+4.6159545E-08	+0.0000000E+00
+2.7080000E+02	+4.6472198E-08	+0.0000000E+00
+2.7120000E+02	+4.2032910E-08	+0.0000000E+00
+2.7160000E+02	+4.0957024E-08	+0.0000000E+00
+2.7200000E+02	+4.8998514E-08	+0.0000000E+00
+2.7240000E+02	+6.2662284E-08	+0.0000000E+00
+2.7280000E+02	+7.5294812E-08	+0.0000000E+00
+2.7320000E+02	+8.1168170E-08	+0.0000000E+00
+2.7360000E+02	+7.7729100E-08	+0.0000000E+00
+2.7400000E+02	+6.5918534E-08	+0.0000000E+00
+2.7440000E+02	+5.0607434E-08	+0.0000000E+00
+2.7480000E+02	+3.9665772E-08	+0.0000000E+00
+2.7520000E+02	+3.6586199E-08	+0.0000000E+00
+2.7560000E+02	+4.1034728E-08	+0.0000000E+00
+2.7600000E+02	+4.5312145E-08	+0.0000000E+00
+2.7640000E+02	+4.4118873E-08	+0.0000000E+00
+2.7680000E+02	+3.8268543E-08	+0.0000000E+00
+2.7720000E+02	+3.2411139E-08	+0.0000000E+00
+2.7760000E+02	+3.1269437E-08	+0.0000000E+00
+2.7800000E+02	+3.8506500E-08	+0.0000000E+00
+2.7840000E+02	+5.0429910E-08	+0.0000000E+00
+2.7880000E+02	+5.9624097E-08	+0.0000000E+00
+2.7920000E+02	+6.2855121E-08	+0.0000000E+00
+2.7960000E+02	+5.8740135E-08	+0.0000000E+00
+2.8000000E+02	+4.7835420E-08	+0.0000000E+00
+2.8040000E+02	+3.3511883E-08	+0.0000000E+00
+2.8080000E+02	+2.4245092E-08	+0.0000000E+00
+2.8120000E+02	+3.0341946E-08	+0.0000000E+00
+2.8160000E+02	+4.0945394E-08	+0.0000000E+00
+2.8200000E+02	+4.6810611E-08	+0.0000000E+00
+2.8240000E+02	+4.6553433E-08	+0.0000000E+00
+2.8280000E+02	+4.2555961E-08	+0.0000000E+00
+2.8320000E+02	+3.7850427E-08	+0.0000000E+00
+2.8360000E+02	+3.4004345E-08	+0.0000000E+00
+2.8400000E+02	+3.2472248E-08	+0.0000000E+00
+2.8440000E+02	+3.3534621E-08	+0.0000000E+00
+2.8480000E+02	+3.4865254E-08	+0.0000000E+00
+2.8520000E+02	+3.3778348E-08	+0.0000000E+00
+2.8560000E+02	+2.8732935E-08	+0.0000000E+00
+2.8600000E+02	+2.2628678E-08	+0.0000000E+00
+2.8640000E+02	+2.6109069E-08	+0.0000000E+00
+2.8680000E+02	+3.5587099E-08	+0.0000000E+00
+2.8720000E+02	+4.8680085E-08	+0.0000000E+00
+2.8760000E+02	+5.9139908E-08	+0.0000000E+00
+2.8800000E+02	+6.2534238E-08	+0.0000000E+00
+2.8840000E+02	+5.7224550E-08	+0.0000000E+00
+2.8880000E+02	+4.4954452E-08	+0.0000000E+00
+2.8920000E+02	+3.3410192E-08	+0.0000000E+00
+2.8960000E+02	+2.8456050E-08	+0.0000000E+00
+2.9000000E+02	+2.7966226E-08	+0.0000000E+00
+2.9040000E+02	+3.0631502E-08	+0.0000000E+00
+2.9080000E+02	+2.9788864E-08	+0.0000000E+00
+2.9120000E+02	+2.9321902E-08	+0.0000000E+00
+2.9160000E+02	+2.9828688E-08	+0.0000000E+00
+2.9200000E+02	+3.0089681E-08	+0.0000000E+00
+2.9240000E+02	+3.5726100E-08	+0.0000000E+00
+2.9280000E+02	+3.8218227E-08	+0.0000000E+00
+2.9320000E+02	+3.3998065E-08	+0.0000000E+00
+2.9360000E+02	+2.5970658E-08	+0.0000000E+00
+2.9400000E+02	+2.2291803E-08	+0.0000000E+00
+2.9440000E+02	+2.8530138E-08	+0.0000000E+00
+2.9480000E+02	+3.6972718E-08	+0.0000000E+00
+2.9520000E+02	+4.1432717E-08	+0.0000000E+00
+2.9560000E+02	+4.0541283E-08	+0.0000000E+00
+2.9600000E+02	+3.5572260E-08	+0.0000000E+00
+2.9640000E+02	+2.9039374E-08	+0.0000000E+00
+2.9680000E+02	+2.3363488E-08	+0.0000000E+00
+2.9720000E+02	+2.0826499E-08	+0.0000000E+00
+2.9760000E+02	+2.1620671E-08	+0.0000000E+00
+2.9800000E+02	+2.2416994E-08	+0.0000000E+00
+2.9840000E+02	+2.1528823E-08	+0.0000000E+00
+2.9880000E+02	+1.8686662E-08	+0.0000000E+00
+2.9920000E+02	+1.9290832E-08	+0.0000000E+00
+2.9960000E+02	+1.8079176E-08	+0.0000000E+00
+3.0000000E+02	+1.7731945E-08	+0.0000000E+00
+3.0040000E+02	+2.4547455E-08	+0.0000000E+00
+3.0080000E+02	+3.4021711E-08	+0.0000000E+00
+3.0120000E+02	+4.0532751E-08	+0.0000000E+00
+3.0160000E+02	+4.1228277E-08	+0.0000000E+00
+3.0200000E+02	+3.5267891E-08	+0.0000000E+00
+3.0240000E+02	+2.4113281E-08	+0.0000000E+00
+3.0280000E+02	+1.5164650E-08	+0.0000000E+00
+3.0320000E+02	+1.8087799E-08	+0.0000000E+00
+3.0360000E+02	+2.6568641E-08	+0.0000000E+00
+3.0400000E+02	+3.2120596E-08	+0.0000000E+00
+3.0440000E+02	+3.1663449E-08	+0.0000000E+00
+3.0480000E+02	+2.5653894E-08	+0.0000000E+00
+3.0520000E+02	+1.9397670E-08	+0.0000000E+00
+3.0560000E+02	+1.6320504E-08	+0.0000000E+00
+3.0600000E+02	+1.5273404E-08	+0.0000000E+00
+3.0640000E+02	+2.5496441E-08	+0.0000000E+00
+3.0680000E+02	+3.1899698E-08	+0.0000000E+00
+3.0720000E+02	+3.3444487E-08	+0.0000000E+00
+3.0760000E+02	+3.0116257E-08	+0.0000000E+00
+3.0800000E+02	+2.2568319E-08	+0.0000000E+00
+3.0840000E+02	+1.2676580E-08	+0.0000000E+00
+3.0880000E+02	+1.2800805E-08	+0.0000000E+00
+3.0920000E+02	+2.2725290E-08	+0.0000000E+00
+3.0960000E+02	+3.1243367E-08	+0.0000000E+00
+3.1000000E+02	+3.4650890E-08	+0.0000000E+00
+3.1040000E+02	+3.1491489E-08	+0.0000000E+00
+3.1080000E+02	+2.2277193E-08	+0.0000000E+00
+3.1120000E+02	+1.3178049E-08	+0.0000000E+00
+3.1160000E+02	+1.2545806E-08	+0.0000000E+00
+3.1200000E+02	+1.6779010E-08	+0.0000000E+00
+3.1240000E+02	+2.3890769E-08	+0.0000000E+00
+3.1280000E+02	+2.5676107E-08	+0.0000000E+00
+3.1320000E+02	+2.3165662E-08	+0.0000000E+00
+3.1360000E+02	+1.8847390E-08	+0.0000000E+00
+3.1400000E+02	+1.4716023E-08	+0.0000000E+00
+3.1440000E+02	+1.6197735E-08	+0.0000000E+00
+3.1480000E+02	+2.3477175E-08	+0.0000000E+00
+3.1520000E+02	+2.8877587E-08	+0.0000000E+00
+3.1560000E+02	+3.1299032E-08	+0.0000000E+00
+3.1600000E+02	+2.9881988E-08	+0.0000000E+00
+3.1640000E+02	+2.4351228E-08	+0.0000000E+00
+3.1680000E+02	+1.5319516E-08	+0.0000000E+00
+3.1720000E+02	+1.7949124E-08	+0.0000000E+00
+3.1760000E+02	+2.1440901E-08	+0.0000000E+00
+3.1800000E+02	+2.4683572E-08	+0.0000000E+00
+3.1840000E+02	+2.7036371E-08	+0.0000000E+00
+3.1880000E+02	+2.5192336E-08	+0.0000000E+00
+3.1920000E+02	+1.8451279E-08	+0.0000000E+00
+3.1960000E+02	+1.1852532E-08	+0.0000000E+00
+3.2000000E+02	+1.3779893E-08	+0.0000000E+00
+3.2040000E+02	+2.0303588E-08	+0.0000000E+00
+3.2080000E+02	+2.5848070E-08	+0.0000000E+00
+3.2120000E+02	+2.5910709E-08	+0.0000000E+00
+3.2160000E+02	+2.0286919E-08	+0.0000000E+00
+3.2200000E+02	+1.1460470E-08	+0.0000000E+00
+3.2240000E+02	+1.2442073E-08	+0.0000000E+00
+3.2280000E+02	+2.0900905E-08	+0.0000000E+00
+3.2320000E+02	+2.6770862E-08	+0.0000000E+00
+3.2360000E+02	+2.6956950E-08	+0.0000000E+00
+3.2400000E+02	+2.1038944E-08	+0.0000000E+00
+3.2440000E+02	+1.2034389E-08	+0.0000000E+00
+3.2480000E+02	+1.1996275E-08	+0.0000000E+00
+3.2520000E+02	+1.4861279E-08	+0.0000000E+00
+3.2560000E+02	+2.1783624E-08	+0.0000000E+00
+3.2600000E+02	+2.4188193E-08	+0.0000000E+00
+3.2640000E+02	+2.1947440E-08	+0.0000000E+00
+3.2680000E+02	+1.7132062E-08	+0.0000000E+00
+3.2720000E+02	+1.4311657E-08	+0.0000000E+00
+3.2760000E+02	+1.7307898E-08	+0.0000000E+00
+3.2800000E+02	+2.0931340E-08	+0.0000000E+00
+3.2840000E+02	+2.2639211E-08	+0.0000000E+00
+3.2880000E+02	+2.2228047E-08	+0.0000000E+00
+3.2920000E+02	+2.0575077E-08	+0.0000000E+00
+3.2960000E+02	+1.8605634E-08	+0.0000000E+00
+3.3000000E+02	+1.6584273E-08	+0.0000000E+00
+3.3040000E+02	+1.6011829E-08	+0.0000000E+00
+3.3080000E+02	+1.7323872E-08	+0.0000000E+00
+3.3120000E+02	+1.7906182E-08	+0.0000000E+00
+3.3160000E+02	+1.8336476E-08	+0.0000000E+00
+3.3200000E+02	+1.8908134E-08	+0.0000000E+00
+3.3240000E+02	+1.7888787E-08	+0.0000000E+00
+3.3280000E+02	+1.5221039E-08	+0.0000000E+00
+3.3320000E+02	+1.2394154E-08	+0.0000000E+00
+3.3360000E+02	+1.3822026E-08	+0.0000000E+00
+3.3400000E+02	+2.0972457E-08	+0.0000000E+00
+3.3440000E+02	+2.5610007E-08	+0.0000000E+00
+3.3480000E+02	+2.6162798E-08	+0.0000000E+00
+3.3520000E+02	+2.2544321E-08	+0.0000000E+00
+3.3560000E+02	+1.6005287E-08	+0.0000000E+00
+3.3600000E+02	+9.4867026E-09	+0.0000000E+00
+3.3640000E+02	+1.0167416E-08	+0.0000000E+00
+3.3680000E+02	+1.5893079E-08	+0.0000000E+00
+3.3720000E+02	+1.9503263E-08	+0.0000000E+00
+3.3760000E+02	+1.9579314E-08	+0.0000000E+00
+3.3800000E+02	+1.6005551E-08	+0.0000000E+00
+3.3840000E+02	+9.8915760E-09	+0.0000000E+00
+3.3880000E+02	+7.5476828E-09	+0.0000000E+00
+3.3920000E+02	+1.0612692E-08	+0.0000000E+00
+3.3960000E+02	+1.7218144E-08	+0.0000000E+00
+3.4000000E+02	+2.1856949E-08	+0.0000000E+00
+3.4040000E+02	+2.2874307E-08	+0.0000000E+00
+3.4080000E+02	+2.0150076E-08	+0.0000000E+00
+3.4120000E+02	+1.4970214E-08	+0.0000000E+00
+3.4160000E+02	+1.1529591E-08	+0.0000000E+00
+3.4200000E+02	+1.4881914E-08	+0.0000000E+00
+3.4240000E+02	+2.0741084E-08	+0.0000000E+00
+3.4280000E+02	+2.4525281E-08	+0.0000000E+00
+3.4320000E+02	+2.4545587E-08	+0.0000000E+00
+3.4360000E+02	+2.0773077E-08	+0.0000000E+00
+3.4400000E+02	+1.5254996E-08	+0.0000000E+00
+3.4440000E+02	+1.5293724E-08	+0.0000000E+00
+3.4480000E+02	+1.5262001E-08	+0.0000000E+00
+3.4520000E+02	+1.5375277E-08	+0.0000000E+00
+3.4560000E+02	+1.6286830E-08	+0.0000000E+00
+3.4600000E+02	+1.6469113E-08	+0.0000000E+00
+3.4640000E+02	+1.5227014E-08	+0.0000000E+00
+3.4680000E+02	+1.2939347E-08	+0.0000000E+00
+3.4720000E+02	+1.1499102E-08	+0.0000000E+00
+3.4760000E+02	+1.2777300E-08	+0.0000000E+00
+3.4800000E+02	+1.5785826E-08	+0.0000000E+00
+3.4840000E+02	+1.9375543E-08	+0.0000000E+00
+3.4880000E+02	+2.2100848E-08	+0.0000000E+00
+3.4920000E+02	+2.2755843E-08	+0.0000000E+00
+3.4960000E+02	+2.0781126E-08	+0.0000000E+00
+3.5000000E+02	+1.6544436E-08	+0.0000000E+00
+3.5040000E+02	+1.1506201E-08	+0.0000000E+00
+3.5080000E+02	+1.0139816E-08	+0.0000000E+00
+3.5120000E+02	+1.3417880E-08	+0.0000000E+00
+3.5160000E+02	+1.4613115E-08	+0.0000000E+00
+3.5200000E+02	+1.2671386E-08	+0.0000000E+00
+3.5240000E+02	+1.0795905E-08	+0.0000000E+00
+3.5280000E+02	+1.2136525E-08	+0.0000000E+00
+3.5320000E+02	+1.3364136E-08	+0.0000000E+00
+3.5360000E+02	+1.6183428E-08	+0.0000000E+00
+3.5400000E+02	+1.8191796E-08	+0.0000000E+00
+3.5440000E+02	+1.6599949E-08	+0.0000000E+00
+3.5480000E+02	+1.2707691E-08	+0.0000000E+00
+3.5520000E+02	+1.1467544E-08	+0.0000000E+00
+3.5560000E+02	+1.6097130E-08	+0.0000000E+00
+3.5600000E+02	+2.1041496E-08	+0.0000000E+00
+3.5640000E+02	+2.3015422E-08	+0.0000000E+00
+3.5680000E+02	+2.1042145E-08	+0.0000000E+00
+3.5720000E+02	+1.5795027E-08	+0.0000000E+00
+3.5760000E+02	+9.5474851E-09	+0.0000000E+00
+3.5800000E+02	+1.0481226E-08	+0.0000000E+00
+3.5840000E+02	+1.2873540E-08	+0.0000000E+00
+3.5880000E+02	+1.4419149E-08	+0.0000000E+00
+3.5920000E+02	+1.4300526E-08	+0.0000000E+00
+3.5960000E+02	+1.3332050E-08	+0.0000000E+00
+3.6000000E+02	+1.1580816E-08	+0.0000000E+00
+3.6040000E+02	+9.6359033E-09	+0.0000000E+00
+3.6080000E+02	+1.2995911E-08	+0.0000000E+00
+3.6120000E+02	+1.5718409E-08	+0.0000000E+00
+3.6160000E+02	+1.7021845E-08	+0.0000000E+00
+3.6200000E+02	+1.7625883E-08	+0.0000000E+00
+3.6240000E+02	+1.7921707E-08	+0.0000000E+00
+3.6280000E+02	+1.7461661E-08	+0.0000000E+00
+3.6320000E+02	+1.5699039E-08	+0.0000000E+00
+3.6360000E+02	+1.3030116E-08	+0.0000000E+00
+3.6400000E+02	+1.1387752E-08	+0.0000000E+00
+3.6440000E+02	+1.1870705E-08	+0.0000000E+00
+3.6480000E+02	+1.2933519E-08	+0.0000000E+00
+3.6520000E+02	+1.2821013E-08	+0.0000000E+00
+3.6560000E+02	+1.0591362E-08	+0.0000000E+00
+3.6600000E+02	+8.9815126E-09	+0.0000000E+00
+3.6640000E+02	+9.5905586E-09	+0.0000000E+00
+3.6680000E+02	+9.1529344E-09	+0.0000000E+00
+3.6720000E+02	+8.6243638E-09	+0.0000000E+00
+3.6760000E+02	+9.9007605E-09	+0.0000000E+00
+3.6800000E+02	+1.0161931E-08	+0.0000000E+00
+3.6840000E+02	+9.4356049E-09	+0.0000000E+00
+3.6880000E+02	+1.0476341E-08	+0.0000000E+00
+3.6920000E+02	+1.3660457E-08	+0.0000000E+00
+3.6960000E+02	+1.5910015E-08	+0.0000000E+00
+3.7000000E+02	+1.6582400E-08	+0.0000000E+00
+3.7040000E+02	+1.5688865E-08	+0.0000000E+00
+3.7080000E+02	+1.3698713E-08	+0.0000000E+00
+3.7120000E+02	+1.1275307E-08	+0.0000000E+00
+3.7160000E+02	+9.0359008E-09	+0.0000000E+00
+3.7200000E+02	+8.2353957E-09	+0.0000000E+00
+3.7240000E+02	+1.0100477E-08	+0.0000000E+00
+3.7280000E+02	+1.0857464E-08	+0.0000000E+00
+3.7320000E+02	+1.0177858E-08	+0.0000000E+00
+3.7360000E+02	+8.4751078E-09	+0.0000000E+00
+3.7400000E+02	+6.8625914E-09	+0.0000000E+00
+3.7440000E+02	+6.7219726E-09	+0.0000000E+00
+3.7480000E+02	+7.8459827E-09	+0.0000000E+00
+3.7520000E+02	+9.7899383E-09	+0.0000000E+00
+3.7560000E+02	+1.1763762E-08	+0.0000000E+00
+3.7600000E+02	+1.2544705E-08	+0.0000000E+00
+3.7640000E+02	+1.1848814E-08	+0.0000000E+00
+3.7680000E+02	+1.0468123E-08	+0.0000000E+00
+3.7720000E+02	+1.0225898E-08	+0.0000000E+00
+3.7760000E+02	+1.1779919E-08	+0.0000000E+00
+3.7800000E+02	+1.3374230E-08	+0.0000000E+00
+3.7840000E+02	+1.3508218E-08	+0.0000000E+00
+3.7880000E+02	+1.1652218E-08	+0.0000000E+00
+3.7920000E+02	+8.1208741E-09	+0.0000000E+00
+3.7960000E+02	+6.0550225E-09	+0.0000000E+00
+3.8000000E+02	+6.7815628E-09	+0.0000000E+00
+3.8040000E+02	+7.5307745E-09	+0.0000000E+00
+3.8080000E+02	+8.0775635E-09	+0.0000000E+00
+3.8120000E+02	+7.8575639E-09	+0.0000000E+00
+3.8160000E+02	+7.0926965E-09	+0.0000000E+00
+3.8200000E+02	+6.0837848E-09	+0.0000000E+00
+3.8240000E+02	+6.0061007E-09	+0.0000000E+00
+3.8280000E+02	+7.6656271E-09	+0.0000000E+00
+3.8320000E+02	+9.0440234E-09	+0.0000000E+00
+3.8360000E+02	+1.0365359E-08	+0.0000000E+00
+3.8400000E+02	+1.1610549E-08	+0.0000000E+00
+3.8440000E+02	+1.2341396E-08	+0.0000000E+00
+3.8480000E+02	+1.2002210E-08	+0.0000000E+00
+3.8520000E+02	+1.0354712E-08	+0.0000000E+00
+3.8560000E+02	+7.7614210E-09	+0.0000000E+00
+3.8600000E+02	+7.1299265E-09	+0.0000000E+00
+3.8640000E+02	+7.4157901E-09	+0.0000000E+00
+3.8680000E+02	+7.3299782E-09	+0.0000000E+00
+3.8720000E+02	+6.5350019E-09	+0.0000000E+00
+3.8760000E+02	+5.7709565E-09	+0.0000000E+00
+3.8800000E+02	+5.3490576E-09	+0.0000000E+00
+3.8840000E+02	+5.2233568E-09	+0.0000000E+00
+3.8880000E+02	+8.2310482E-09	+0.0000000E+00
+3.8920000E+02	+9.7590624E-09	+0.0000000E+00
+3.8960000E+02	+9.2949132E-09	+0.0000000E+00
+3.9000000E+02	+7.3174573E-09	+0.0000000E+00
+3.9040000E+02	+5.5844334E-09	+0.0000000E+00
+3.9080000E+02	+6.7288084E-09	+0.0000000E+00
+3.9120000E+02	+9.4272373E-09	+0.0000000E+00
+3.9160000E+02	+1.0997779E-08	+0.0000000E+00
+3.9200000E+02	+1.0679243E-08	+0.0000000E+00
+3.9240000E+02	+8.6668285E-09	+0.0000000E+00
+3.9280000E+02	+5.8597337E-09	+0.0000000E+00
+3.9320000E+02	+3.9563565E-09	+0.0000000E+00
+3.9360000E+02	+4.0357245E-09	+0.0000000E+00
+3.9400000E+02	+5.1277542E-09	+0.0000000E+00
+3.9440000E+02	+6.2225284E-09	+0.0000000E+00
+3.9480000E+02	+6.8450969E-09	+0.0000000E+00
+3.9520000E+02	+6.5457508E-09	+0.0000000E+00
+3.9560000E+02	+5.2945108E-09	+0.0000000E+00
+3.9600000E+02	+5.2808659E-09	+0.0000000E+00
+3.9640000E+02	+6.1917890E-09	+0.0000000E+00
+3.9680000E+02	+7.0883063E-09	+0.0000000E+00
+3.9720000E+02	+8.0019075E-09	+0.0000000E+00
+3.9760000E+02	+8.7117114E-09	+0.0000000E+00
+3.9800000E+02	+8.7469595E-09	+0.0000000E+00
+3.9840000E+02	+7.7105301E-09	+0.0000000E+00
+3.9880000E+02	+5.7144401E-09	+0.0000000E+00
+3.9920000E+02	+5.3044880E-09	+0.0000000E+00
+3.9960000E+02	+5.8186270E-09	+0.0000000E+00
+4.0000000E+02	+6.1474942E-09	+0.0000000E+00
